1.01401e-05 0 0
1.04242e-05 0 0
1.07162e-05 0 0
1.10164e-05 0 0
1.13251e-05 0 0
1.16424e-05 0 0
1.19685e-05 0 0
1.23039e-05 0 0
1.26486e-05 0 0
1.30029e-05 0 0
1.33672e-05 0 0
1.37417e-05 0 0
1.41267e-05 0 0
1.45225e-05 0 0
1.49294e-05 0 0
1.53476e-05 0 0
1.57776e-05 0 0
1.62196e-05 0 0
1.66741e-05 0 0
1.71412e-05 0 0
1.76214e-05 0 0
1.81151e-05 0 0
1.86226e-05 0 0
1.91444e-05 0 0
1.96807e-05 0 0
2.02321e-05 0 0
2.0799e-05 0 0
2.13817e-05 0 0
2.19807e-05 0 0
2.25965e-05 0 0
2.32296e-05 0 0
2.38804e-05 0 0
2.45494e-05 0 0
2.52372e-05 0 0
2.59443e-05 0 0
2.66711e-05 0 0
2.74184e-05 0 0
2.81865e-05 0 0
2.89762e-05 0 0
2.9788e-05 0 0
3.06226e-05 0 0
3.14805e-05 0 0
3.23625e-05 0 0
3.32691e-05 0 0
3.42012e-05 0 0
3.51594e-05 0 0
3.61444e-05 0 0
3.71571e-05 0 0
3.81981e-05 0 0
3.92682e-05 0 0
4.03684e-05 0 0
4.14994e-05 0 0
4.2662e-05 0 0
4.38573e-05 0 0
4.5086e-05 0 0
4.63491e-05 0 0
4.76476e-05 0 0
4.89826e-05 0 0
5.03549e-05 0 0
5.17656e-05 0 0
5.32159e-05 0 0
5.47068e-05 0 0
5.62395e-05 0 0
5.78151e-05 0 0
5.94349e-05 0 0
6.11e-05 0 0
6.28118e-05 0 0
6.45716e-05 0 0
6.63806e-05 0 0
6.82404e-05 0 0
7.01522e-05 0 0
7.21176e-05 0 0
7.41381e-05 0 0
7.62152e-05 0 0
7.83504e-05 0 0
8.05455e-05 0 0
8.28021e-05 0 0
8.51219e-05 0 0
8.75067e-05 0 0
8.99583e-05 0 0
9.24786e-05 0 0
9.50696e-05 0 0
9.7733e-05 0 0
0.000100471 0 0
0.000103286 0 0
0.00010618 0 0
0.000109154 0 0
0.000112213 0 0
0.000115356 0 0
0.000118588 0 0
0.000121911 0 0
0.000125326 0 0
0.000128837 0 0
0.000132447 0 0
0.000136157 0 0
0.000139972 0 0
0.000143894 0 0
0.000147925 0 0
0.000152069 0 0
0.00015633 0 0
0.000160709 0 0
0.000165212 0 0
0.000169841 0 0
0.000174599 0 0
0.00017949 0 0
0.000184519 0 0
0.000189689 0 0
0.000195003 0 0
0.000200466 0 0
0.000206083 0 0
0.000211856 0 0
0.000217792 0 0
0.000223893 0 0
0.000230166 0 0
0.000236615 0 0
0.000243244 0 0
0.000250058 0 0
0.000257064 0 0
0.000264266 0 0
0.00027167 0 0
0.000279281 0 0
0.000287105 0 0
0.000295149 0 0
0.000303418 0 0
0.000311919 0 0
0.000320658 0 0
0.000329641 0 0
0.000338876 0 0
0.000348371 0 0
0.000358131 0 0
0.000368164 0 0
0.000378479 0 0
0.000389082 0 0
0.000399983 0 0
0.000411189 0 0
0.000422709 0 0
0.000434552 0 0
0.000446726 0 0
0.000459242 0 0
0.000472108 0 0
0.000485335 0 0
0.000498932 0 0
0.00051291 0 0
0.00052728 0 0
0.000542053 0 0
0.000557239 0 0
0.000572851 0 0
0.0005889 0 0
0.000605399 0 0
0.00062236 0 0
0.000639796 0 0
0.000657721 0 0
0.000676147 0 0
0.000695091 0 0
0.000714565 0 0
0.000734584 0 0
0.000755164 0 0
0.000776321 0 0
0.000798071 0 0
0.00082043 0 0
0.000843415 0 0
0.000867045 0 0
0.000891336 0 0
0.000916308 0 0
0.000941979 0 0
0.00096837 0 0
0.0009955 0 0
0.00102339 0 0
0.00105206 0 0
0.00108154 0 0
0.00111184 0 0
0.00114299 0 0
0.00117501 0 0
0.00120793 0 0
0.00124177 0 0
0.00127656 0 0
0.00131233 0 0
0.00134909 0 0
0.00138689 0 0
0.00142574 0 0
0.00146569 0 0
0.00150675 0 0
0.00154896 0 0
0.00159236 0 0
0.00163697 0 0
0.00168283 0 0
0.00172998 0 0
0.00177845 0 0
0.00182827 0 0
0.0018795 0 0
0.00193215 0 0
0.00198628 0 0
0.00204193 0 0
0.00209914 0 0
0.00215795 0 0
0.00221841 0 0
0.00228056 0 0
0.00234445 0 0
0.00241014 0 0
0.00247766 0 0
0.00254707 0 0
0.00261843 0 0
0.00269179 0 0
0.00276721 0 0
0.00284473 0 0
0.00292443 0 0
0.00300636 0 0
0.00309059 0 0
0.00317718 0 0
0.00326619 0 0
0.0033577 0 0
0.00345177 0 0
0.00354847 0 0
0.00364789 0 0
0.00375009 0 0
0.00385515 0 0
0.00396316 0 0
0.00407419 0 0
0.00418834 0 0
0.00430568 0 0
0.00442631 0 0
0.00455031 0 0
0.0046778 0 0
0.00480885 0 0
0.00494358 0 0
0.00508208 0 0
0.00522446 0 0
0.00537083 0 0
0.0055213 0 0
0.00567599 0 0
0.00583501 0 0
0.00599848 0 0
0.00616654 0 0
0.0063393 0 0
0.00651691 0 0
0.00669949 0 0
0.00688718 0 0
0.00708013 0 0
0.00727849 0 0
0.00748241 0 0
0.00769204 0 0
0.00790754 0 0
0.00812908 0 0
0.00835683 0 0
0.00859096 0 0
0.00883164 0 0
0.00907907 0 0
0.00933343 0 0
0.00959492 0 0
0.00986374 0 0
0.0101401 0 0
0.0104242 0 0
0.0107162 0 0
0.0110164 0 0
0.0113251 0 0
0.0116424 0 0
0.0119685 0 0
0.0123039 0 0
0.0126486 0 0
0.0130029 0 0
0.0133672 0 0
0.0137417 0 0
0.0141267 0 0
0.0145225 0 0
0.0149294 0 0
0.0153476 0 0
0.0157776 0 0
0.0162196 0 0
0.0166741 0 0
0.0171412 0 0
0.0176214 0 0
0.0181151 0 0
0.0186226 0 0
0.0191444 0 0
0.0196807 0 0
0.0202321 0 0
0.020799 0 0
0.0213817 0 0
0.0219807 0 0
0.0225965 0 0
0.0232296 0 0
0.0238804 0 0
0.0245494 0 0
0.0252372 0 0
0.0259443 0 0
0.0266711 0 0
0.0274184 0 0
0.0281865 0 0
0.0289762 0 0
0.029788 0 0
0.0306226 0 0
0.0314805 0 0
0.0323625 0 0
0.0332691 0 0
0.0342012 0 0
0.0351594 0 0
0.0361444 0 0
0.0371571 0 0
0.0381981 0 0
0.0392682 0 0
0.0403684 0 0
0.0414994 0 0
0.042662 0 0
0.0438573 0 0
0.045086 0 0
0.0463491 0 0
0.0476476 0 0
0.0489826 0 0
0.0503549 0 0
0.0517656 0 0
0.0532159 0 0
0.0547068 0 0
0.0562395 0 0
0.0578151 0 0
0.0594349 0 0
0.0611 0 0
0.0628118 0 0
0.0645716 0 0
0.0663806 0 0
0.0682404 0 0
0.0701522 0 0
0.0721176 0 0
0.0741381 0 0
0.0762152 0 0
0.0783504 0 0
0.0805455 0 0
0.0828021 0 0
0.0851219 0 0
0.0875067 0 0
0.0899583 0 0
0.0924786 0 0
0.0950696 0 0
0.097733 0 0
0.100471 854240 1692.08
0.103286 826638 1658.87
0.10618 805930 1642.47
0.109154 781112 1611.26
0.112213 765621 1605.67
0.115356 743908 1589.2
0.118588 722527 1555.38
0.121911 701810 1535.91
0.125326 684061 1513.44
0.128837 666578 1505.47
0.132447 649809 1484.72
0.136157 634802 1469.39
0.139972 613293 1445.57
0.143894 598825 1428.18
0.147925 579655 1398.79
0.152069 565511 1387.6
0.15633 549881 1367.31
0.160709 534921 1346.52
0.165212 521941 1335.58
0.169841 507289 1314.62
0.174599 494803 1305.2
0.17949 478801 1275.19
0.184519 466352 1258.27
0.189689 455116 1247.75
0.195003 441479 1227.67
0.200466 430736 1218.32
0.206083 418159 1195.72
0.211856 406650 1178.39
0.217792 396572 1167.07
0.223893 386480 1151.3
0.230166 377179 1140.08
0.236615 365314 1119.54
0.243244 354956 1101.42
0.250058 344897 1092.14
0.257064 335765 1075.21
0.264266 326489 1058.69
0.27167 315747 1031.01
0.279281 308710 1035.99
0.287105 300565 1017.47
0.295149 295616 1013.65
0.303418 285025 994.153
0.311919 277722 984.138
0.320658 269765 965.11
0.329641 260707 947.885
0.338876 255824 942.03
0.348371 249176 932.948
0.358131 241630 914.107
0.368164 235751 905.287
0.378479 228481 885.601
0.389082 222866 874.721
0.399983 215995 863.558
0.411189 210983 857.208
0.422709 205762 846.046
0.434552 200221 838.465
0.446726 193642 821.095
0.459242 189284 816.169
0.472108 184379 801.048
0.485335 179269 790.7
0.498932 173768 778.172
0.51291 167873 758.529
0.52728 165102 762.497
0.542053 160300 754.169
0.557239 155873 738.467
0.572851 152922 735.34
0.5889 146757 713.968
0.605399 143410 708.728
0.62236 139856 700.839
0.639796 136260 694.516
0.657721 130683 667.207
0.676147 129913 679.544
0.695091 124278 656.581
0.714565 122572 661.845
0.734584 118248 646.839
0.755164 115700 635.378
0.776321 110995 617.794
0.798071 108970 621.659
0.82043 106444 610.19
0.843415 102738 596.778
0.867045 100941 599.395
0.891336 97079.2 581.916
0.916308 95529 583.289
0.941979 92851.9 569.458
0.96837 90303.5 567.743
0.9955 88384.4 563.005
1.02339 85577.2 552.08
1.05206 82455.3 544.818
1.08154 80362.9 527.771
1.11184 77730.7 522.804
1.14299 76755 522.947
1.17501 74123.9 515.34
1.20793 71969.1 502.308
1.24177 70538.4 503.371
1.27656 67995.5 491.212
1.31233 67808.3 496.233
1.34909 64365.4 471.868
1.38689 62791.4 466.94
1.42574 61115.9 471.983
1.46569 59999.4 463.043
1.50675 57429.6 447.727
1.54896 56471.4 444.405
1.59236 55382.9 442.965
1.63697 53450.3 440.095
1.68283 52114.4 433.06
1.72998 49663.3 416.072
1.77845 49610.9 423.289
1.82827 47857 413.252
1.8795 46269.3 406.294
1.93215 45459 400.761
1.98628 44156.9 393.366
2.04193 42766.2 395.021
2.09914 41107.9 382.413
2.15795 40608.6 384.557
2.21841 39990 381.924
2.28056 37741.7 366.34
2.34445 37146.7 354.624
2.41014 35964.2 357.468
2.47766 35086.1 349.349
2.54707 34467 351.526
2.61843 33790.5 346.189
2.69179 33004.1 346.764
2.76721 31242.9 327.81
2.84473 30736.8 331.58
2.92443 30024.3 328.648
3.00636 29258.3 322.924
3.09059 28049.7 314.837
3.17718 27652.1 309.634
3.26619 26626.6 304.07
3.3577 25970.9 304.523
3.45177 25292.8 301.084
3.54847 24054.7 285.157
3.64789 23644.1 285.888
3.75009 23144.3 284.037
3.85515 22548.8 282.865
3.96316 21865.7 280.593
4.07419 21561.3 277.271
4.18834 20929.2 275.737
4.30568 20413.7 270.662
4.42631 19875.9 267.727
4.55031 19412.7 260.812
4.6778 18497.3 251.865
4.80885 17972 253.093
4.94358 17789.5 247.905
5.08208 17380.8 249.805
5.22446 17014.1 250.885
5.37083 16405.9 246.152
5.5213 15986.4 239.581
5.67599 15194.5 228.156
5.83501 15118.1 232.885
5.99848 14554.7 227.637
6.16654 13709.6 214.528
6.3393 13400.1 216.382
6.51691 13312.1 219.185
6.69949 12972.5 213.232
6.88718 12692.5 216.103
7.08013 12399.3 210.383
7.27849 12081.8 206.833
7.48241 11545.1 199.505
7.69204 11041.2 190.758
7.90754 11168.8 204.892
8.12908 10832.8 193.616
8.35683 10567.9 196.801
8.59096 10468.7 192.637
8.83164 10089.8 191.384
9.07907 9185.73 174.443
9.33343 9062.17 174.543
9.59492 8866.28 178.249
9.86374 9027.03 181.076
10.1401 8509.73 172.702
10.4242 8383.39 180.118
10.7162 8244.04 177.607
11.0164 8066.61 168.446
11.3251 7826.68 163.509
11.6424 7988.31 177.551
11.9685 7048.46 156.333
12.3039 7006.67 154.732
12.6486 7245.8 165.74
13.0029 6758.15 152.826
13.3672 6683.18 154.068
13.7417 6278.3 143.571
14.1267 6495.31 155.945
14.5225 5768.16 135.07
14.9294 5846.55 140.553
15.3476 5781.43 142.92
15.7776 5586.94 139.649
16.2196 5271.1 133.731
16.6741 5210.31 134.526
17.1412 5018.83 136.28
17.6214 5194.04 141.53
18.1151 5239.21 143.94
18.6226 4874.87 140.662
19.1444 4510.45 133.516
19.6807 4381.66 121.932
20.2321 4190.27 116.26
20.799 4175.47 118.867
21.3817 4007.46 115.569
21.9807 3872.35 114.347
22.5965 3952.05 120.752
23.2296 3670.5 113.086
23.8804 3452.49 99.243
24.5494 3695.64 120.275
25.2372 3249.12 99.8613
25.9443 3166.02 100.548
26.6711 3312.87 111.334
27.4184 3287.85 108.829
28.1865 3167.1 107.338
28.9762 2865.97 97.1223
29.788 2886.06 101.37
30.6226 2723.32 97.8809
31.4805 2896.74 111.19
32.3625 2510.51 84.247
33.2691 2619.41 96.8562
34.2012 2554.94 96.5036
35.1594 2428.02 90.2881
36.1444 2329.61 88.613
37.1571 2332.09 88.8086
38.1981 2271.18 86.9661
39.2682 2351.8 98.776
40.3684 2170.84 86.1688
41.4994 2156.74 94.3737
42.662 1988.02 79.4662
43.8573 1962.03 80.7304
45.086 1963.5 83.9033
46.3491 1890.37 83.8268
47.6476 1941.23 88.7247
48.9826 1852.53 85.0124
50.3549 1737.26 74.6288
51.7656 1647.19 81.4403
53.2159 1679.17 77.4966
54.7068 1706.55 84.5586
56.2395 1524.94 71.9116
57.8151 1601.7 78.133
59.4349 1507.4 75.9776
61.1 1510.93 76.0099
62.8118 1412.51 77.4944
64.5716 1415 72.9548
66.3806 1294.97 66.9473
68.2404 1350 74.0777
70.1522 1285.17 67.2449
72.1176 1033.71 54.4467
74.1381 1371.02 79.9851
76.2152 1148.63 63.7533
78.3504 1135.58 62.3148
80.5455 1179.47 67.2136
82.8021 867.486 51.2352
85.1219 1191.06 68.6632
87.5067 926.331 57.5456
89.9583 1060.77 68.2254
92.4786 950.047 56.8073
95.0696 850.61 44.8539
97.733 806.42 48.8643
100.471 880.084 56.0362
103.286 726.976 44.6288
106.18 854.61 60.6684
109.154 812.476 55.6717
112.213 851.875 59.4603
115.356 757.493 55.2817
118.588 717.406 48.9976
121.911 673.688 45.1261
125.326 603.314 39.8054
128.837 700.371 48.8752
132.447 560.982 34.256
136.157 623.295 45.8115
139.972 675.092 52.8803
143.894 511.777 39.6571
147.925 569.927 44.543
152.069 590.453 45.7241
156.33 577.402 47.6345
160.709 638.691 53.6218
165.212 531.83 45.507
169.841 579.813 46.0248
174.599 483.751 45.895
179.49 511.534 43.3647
184.519 490.282 47.7711
189.689 535.758 47.1387
195.003 452.519 38.6107
200.466 394.363 32.9054
206.083 536.406 47.9467
211.856 419.073 44.1447
217.792 471.172 43.3716
223.893 395.761 36.4314
230.166 410.116 40.935
236.615 410.325 39.6263
243.244 419.652 40.4809
250.058 385.683 35.4528
257.064 329.632 36.2557
264.266 367.081 41.0768
271.67 375.498 40.8183
279.281 323.271 35.9537
287.105 270.911 26.9137
295.149 295.864 29.983
303.418 270.884 32.9416
311.919 248.157 24.7298
320.658 292.845 33.7499
329.641 210.908 20.4141
338.876 228.743 26.6654
348.371 294.509 36.1875
358.131 270.119 32.7425
368.164 243.909 28.4326
378.479 185.345 19.8198
389.082 186.669 23.4854
399.983 232.446 32.6521
411.189 216.206 28.6779
422.709 257.464 32.8603
434.552 196.153 29.2689
446.726 226.623 29.421
459.242 157.361 16.1217
472.108 187.724 26.2823
485.335 199.258 33.336
498.932 188.165 26.7765
512.91 178.838 20.7562
527.28 181.121 26.2784
542.053 221.256 33.6913
557.239 167.265 24.9138
572.851 157.908 27.4302
588.9 190.543 30.9155
605.399 150.167 21.6247
622.36 111.024 19.3472
639.796 122.727 16.1035
657.721 93.5805 12.6133
676.147 148.486 24.5383
695.091 111.203 17.7961
714.565 120.323 20.5106
734.584 100.807 17.5103
755.164 135.119 27.6569
776.321 95.8861 18.5022
798.071 107.261 20.0918
820.43 123.196 27.3793
843.415 106.981 18.6139
867.045 121.552 23.5084
891.336 138.654 27.1396
916.308 105.427 24.9279
941.979 92.0477 12.1092
968.37 76.0728 13.0076
995.5 55.7948 7.65431
1023.39 109.019 22.0436
1052.06 76.3668 14.2995
1081.54 114.877 23.3433
1111.84 60.1393 9.12126
1142.99 50.352 9.06316
1175.01 73.6125 12.0352
1207.93 96.8736 22.5875
1241.77 71.5184 18.9533
1276.56 60.872 12.1931
1312.33 58.8676 9.51695
1349.09 46.4406 6.98001
1386.89 64.0916 21.5817
1425.74 40.9733 7.16257
1465.69 50.3581 12.072
1506.75 58.2431 10.4106
1548.96 76.6991 17.4567
1592.36 63.3479 19.959
1636.97 42.5275 8.73854
1682.83 42.6501 10.7122
1729.98 56.0414 14.6106
1778.45 47.2298 11.019
1828.27 36.3657 9.38797
1879.5 64.051 21.6418
1932.15 35.3883 5.79383
1986.28 32.8934 6.23043
2041.93 47.1169 8.8013
2099.14 27.5377 8.11913
2157.95 29.0596 6.14855
2218.41 31.418 7.01871
2280.56 35.788 9.54876
2344.45 52.4859 19.56
2410.14 26.5759 5.96482
2477.66 75.0081 18.8904
2547.07 21.2762 4.65467
2618.43 20.2794 5.84549
2691.79 35.2044 12.683
2767.21 39.1798 10.6223
2844.73 39.8852 15.4485
2924.43 16.9497 3.41858
3006.36 22.3575 6.03592
3090.59 24.1055 5.86035
3177.18 22.154 5.60837
3266.19 20.6226 5.26757
3357.7 16.0108 3.24128
3451.77 22.3337 4.82385
3548.47 15.2333 3.21845
3647.89 30.2347 14.0755
3750.09 17.9566 5.8482
3855.15 24.8979 8.93654
3963.16 19.0839 4.83137
4074.19 13.6553 3.57969
4188.34 17.2682 6.89434
4305.68 61.53 21.581
4426.31 17.8357 4.87774
4550.31 23.0516 10.8502
4677.8 11.844 5.77681
4808.85 12.3201 4.18914
4943.58 9.83824 2.58851
5082.08 27.7275 10.503
5224.46 14.2934 4.79625
5370.83 22.0109 11.795
5521.3 27.8912 12.4154
5675.99 9.31028 4.51986
5835.01 13.3075 5.27234
5998.48 22.0053 12.0148
6166.54 3.51937 1.13304
6339.3 22.2394 7.88499
6516.91 12.6503 5.13569
6699.49 3.94294 1.46807
6887.18 17.7763 6.59202
7080.13 20.3849 11.7627
7278.49 5.98152 1.61554
7482.41 5.51829 2.52577
7692.04 18.2663 6.60685
7907.54 2.99729 0.905121
8129.08 9.23139 3.1851
8356.83 5.09719 1.54663
8590.96 8.91846 2.9575
8831.64 5.37057 1.67941
9079.07 6.32289 2.22926
9333.43 6.89531 3.57455
9594.92 3.47703 1.32425
9863.74 14.9028 9.68477
10140.1 8.3361 3.9431
10424.2 3.8653 1.52001
10716.2 1.77504 0.851522
11016.4 4.60108 1.4565
11325.1 5.58779 2.69994
11642.4 3.25839 1.81202
11968.5 2.23516 0.8725
12303.9 4.26808 2.82365
12648.6 2.8418 1.02534
13002.9 3.58077 1.50511
13367.2 7.63025 4.17859
13741.7 2.52437 0.992469
14126.7 2.38518 1.08268
14522.5 2.93083 2.46784
14929.4 5.8421 3.83732
15347.6 3.41359 1.72668
15777.6 2.3992 1.07492
16219.6 4.74097 1.9347
16674.1 2.76047 0.840605
17141.2 2.97234 1.67423
17621.4 3.95912 1.23974
18115.1 3.41313 1.34374
18622.6 2.24567 1.42204
19144.4 0.949556 0.563753
19680.7 9.34024 4.38155
20232.1 2.38173 0.919465
20799 7.69916 3.67673
21381.7 2.47217 0.968459
21980.7 1.60521 0.590872
22596.5 4.74193 3.08626
23229.6 3.34513 2.98819
23880.4 0.906856 0.659529
24549.4 2.56853 0.999959
25237.2 0.670998 0.337286
25944.3 1.11471 0.605555
26671.1 0.295423 0.209559
27418.4 3.54263 2.28534
28186.5 5.40353 2.44167
28976.2 1.2473 0.600144
29788 0.216562 0.216562
30622.6 5.70897 3.60726
31480.5 3.06454 1.68665
32362.5 0.527357 0.411006
33269.1 1.79412 1.30358
34201.2 0.631254 0.488621
35159.4 0.95188 0.675101
36144.4 1.67891 1.20009
37157.1 0 0
38198.1 0.494398 0.285838
39268.2 9.50802 8.88456
40368.4 0.648531 0.378007
41499.4 2.28976 1.30565
42662 1.0627 0.564838
43857.3 3.44295 1.65522
45086 1.65283 0.866576
46349.1 0.143661 0.143661
47647.6 3.71593 2.87011
48982.6 0.195425 0.195425
50354.9 0.156562 0.156562
51765.6 0.304092 0.215426
53215.9 1.70201 1.31443
54706.8 0.357419 0.259429
56239.5 0.870297 0.704704
57815.1 1.48288 1.32922
59434.9 0 0
61100 0 0
62811.8 0.679497 0.340383
64571.6 0.223712 0.223712
66380.6 0.78865 0.568462
68240.4 0.861389 0.627013
70152.2 0.291331 0.206063
72117.6 0.250135 0.250135
74138.1 0 0
76215.2 0.812333 0.51646
78350.4 16.7071 16.7071
80545.5 1.24658 0.679317
82802.1 1.23357 1.00068
85121.9 0 0
87506.7 0.284866 0.201647
89958.3 1.06642 0.895715
92478.6 1.21459 1.04591
95069.6 0.710463 0.710463
97733 5.31017 5.00963
100471 0 0
103286 4.96037 3.90188
106180 0.48 0.48
109154 0.169301 0.169301
112213 1.52495 1.24956
115356 2.08927 1.60199
118588 1.25835 0.777618
121911 0.28208 0.199684
125326 0 0
128837 0.834199 0.629553
132447 0 0
136157 3.12717 3.12717
139972 0.363758 0.263006
143894 0 0
147925 0 0
152069 0 0
156330 1.74034 1.74034
160709 1.91192 1.14271
165212 8.78264 8.78264
169841 0 0
174599 0.307559 0.217741
179490 0 0
184519 0 0
189689 0 0
195003 1.03166 1.03166
200466 0.241695 0.241695
206083 0.497709 0.497709
211856 0.729301 0.729301
217792 1.12866 1.12866
223893 0 0
230166 0.218677 0.218677
236615 0 0
243244 0 0
250058 0 0
257064 0 0
264266 0 0
271670 0 0
279281 0.153734 0.153734
287105 0 0
295149 0.177732 0.177732
303418 0 0
311919 0.284469 0.284469
320658 0 0
329641 0.258406 0.258406
338876 0 0
348371 0 0
358131 0.736056 0.736056
368164 0.141762 0.141762
378479 0 0
389082 0 0
399983 0 0
411189 0 0
422709 0.282217 0.282217
434552 0 0
446726 0 0
459242 0 0
472108 0 0
485335 0.900057 0.900057
498932 0 0
512910 0 0
527280 0 0
542053 0 0
557239 0.212513 0.212513
572851 0 0
588900 0 0
605399 0 0
622360 0 0
639796 0.399476 0.399476
657721 0 0
676147 0 0
695091 0 0
714565 0 0
734584 0.294424 0.294424
755164 0 0
776321 0 0
798071 0 0
820430 0 0
843415 0 0
867045 0 0
891336 0 0
916308 0.420203 0.309314
941979 0 0
968370 0 0
995500 0.386264 0.386264
1.02339e+06 0 0
1.05206e+06 0.297853 0.297853
1.08154e+06 0.331183 0.331183
1.11184e+06 0 0
1.14299e+06 0 0
1.17501e+06 0 0
1.20793e+06 0 0
1.24177e+06 0 0
1.27656e+06 0 0
1.31233e+06 0 0
1.34909e+06 0 0
1.38689e+06 0 0
1.42574e+06 0 0
1.46569e+06 0 0
1.50675e+06 0 0
1.54896e+06 0 0
1.59236e+06 0 0
1.63697e+06 0 0
1.68283e+06 0 0
1.72998e+06 0 0
1.77845e+06 0 0
1.82827e+06 0 0
1.8795e+06 0 0
1.93215e+06 0.514257 0.514257
1.98628e+06 0.788012 0.788012
2.04193e+06 0 0
2.09914e+06 0 0
2.15795e+06 0 0
2.21841e+06 0 0
2.28056e+06 0 0
2.34445e+06 0 0
2.41014e+06 0 0
2.47766e+06 0 0
2.54707e+06 0 0
2.61843e+06 0 0
2.69179e+06 0 0
2.76721e+06 0.612514 0.4795
2.84473e+06 0 0
2.92443e+06 0 0
3.00636e+06 0 0
3.09059e+06 0 0
3.17718e+06 0 0
3.26619e+06 0 0
3.3577e+06 0 0
3.45177e+06 0 0
3.54847e+06 0 0
3.64789e+06 0 0
3.75009e+06 0 0
3.85515e+06 0 0
3.96316e+06 0 0
4.07419e+06 0 0
4.18834e+06 0 0
4.30568e+06 0 0
4.42631e+06 0 0
4.55031e+06 0 0
4.6778e+06 0 0
4.80885e+06 0 0
4.94358e+06 0 0
5.08208e+06 0 0
5.22446e+06 0 0
5.37083e+06 0 0
5.5213e+06 0 0
5.67599e+06 0 0
5.83501e+06 0 0
5.99848e+06 0 0
6.16654e+06 0 0
6.3393e+06 0 0
6.51691e+06 0 0
6.69949e+06 0 0
6.88718e+06 0 0
7.08013e+06 0 0
7.27849e+06 0 0
7.48241e+06 0 0
7.69204e+06 0 0
7.90754e+06 0 0
8.12908e+06 0 0
8.35683e+06 0 0
8.59096e+06 0 0
8.83164e+06 0 0
9.07907e+06 0 0
9.33343e+06 0 0
9.59492e+06 0 0
9.86374e+06 0 0
