1.01401e-05 156.337 9.47314
1.04242e-05 160.539 9.59429
1.07162e-05 147.743 8.06634
1.10164e-05 178.339 9.50283
1.13251e-05 166.099 8.70062
1.16424e-05 180.105 10.1181
1.19685e-05 182.368 9.88269
1.23039e-05 193.531 10.3972
1.26486e-05 190.638 10.045
1.30029e-05 211.386 10.7773
1.33672e-05 191.696 10.408
1.37417e-05 206.327 10.4356
1.41267e-05 209.79 11.2708
1.45225e-05 237.172 11.1415
1.49294e-05 255.847 12.6388
1.53476e-05 226.439 10.713
1.57776e-05 240.303 11.8136
1.62196e-05 256.102 11.9476
1.66741e-05 281.717 12.6496
1.71412e-05 258.145 11.8163
1.76214e-05 303.849 13.0198
1.81151e-05 292.647 13.0737
1.86226e-05 303.437 13.6352
1.91444e-05 309.049 13.8603
1.96807e-05 315.443 13.5224
2.02321e-05 348.5 14.9327
2.0799e-05 368.562 15.3301
2.13817e-05 364.666 14.9135
2.19807e-05 366.925 15.1998
2.25965e-05 379.352 15.6391
2.32296e-05 426.575 16.7321
2.38804e-05 430.603 16.4
2.45494e-05 441.454 16.8685
2.52372e-05 468.63 17.6602
2.59443e-05 450.982 17.0262
2.66711e-05 479.476 18.5773
2.74184e-05 485.274 17.8445
2.81865e-05 493.384 17.1999
2.89762e-05 498.854 18.0807
2.9788e-05 551.96 19.3685
3.06226e-05 590.297 20.9521
3.14805e-05 587.584 21.2998
3.23625e-05 630.74 21.7682
3.32691e-05 643.307 22.316
3.42012e-05 611.923 21.1839
3.51594e-05 658.464 22.1705
3.61444e-05 710.28 22.7537
3.71571e-05 662.095 21.5842
3.81981e-05 734.438 23.8146
3.92682e-05 738.474 22.9192
4.03684e-05 773.998 24.0478
4.14994e-05 767.751 23.0799
4.2662e-05 803.36 24.7498
4.38573e-05 862.934 24.987
4.5086e-05 948.087 28.2068
4.63491e-05 964.673 28.3193
4.76476e-05 876.45 25.5171
4.89826e-05 986.078 28.3635
5.03549e-05 970.608 28.5947
5.17656e-05 1039.42 28.8179
5.32159e-05 1049.58 29.2601
5.47068e-05 1075.61 29.1741
5.62395e-05 1121.98 30.2443
5.78151e-05 1137.14 30.3178
5.94349e-05 1216.83 32.2957
6.11e-05 1238.04 33.0805
6.28118e-05 1243.46 32.7802
6.45716e-05 1311.53 35.5617
6.63806e-05 1405.7 37.3319
6.82404e-05 1536.54 39.0976
7.01522e-05 1584.29 40.8354
7.21176e-05 1530.26 37.6764
7.41381e-05 1600.08 39.87
7.62152e-05 1671.01 38.9854
7.83504e-05 1681.02 40.7628
8.05455e-05 1751.78 41.6887
8.28021e-05 1714.44 39.235
8.51219e-05 1822.36 40.3294
8.75067e-05 1968.08 44.0509
8.99583e-05 1981.55 44.0183
9.24786e-05 2023.36 44.1192
9.50696e-05 2136.88 45.8226
9.7733e-05 2214.7 48.2356
0.000100471 2241.27 48.2476
0.000103286 2309.57 52.2478
0.00010618 2391.67 48.3109
0.000109154 2485.08 50.7621
0.000112213 2555.55 52.8343
0.000115356 2604.49 52.858
0.000118588 2778.04 55.5758
0.000121911 2906.08 58.3316
0.000125326 2975.42 58.0328
0.000128837 2951.93 56.9117
0.000132447 3072.05 58.8177
0.000136157 3125.92 59.0339
0.000139972 3288.43 61.4849
0.000143894 3417.29 62.7942
0.000147925 3424.92 61.9846
0.000152069 3674.86 69.604
0.00015633 3763.3 67.3812
0.000160709 3870.3 67.5904
0.000165212 4015.3 70.3578
0.000169841 4091.32 70.186
0.000174599 4234.89 73.2423
0.00017949 4267.67 71.6092
0.000184519 4596.18 78.6279
0.000189689 4643.35 76.5662
0.000195003 4774.48 77.2788
0.000200466 4927.78 78.1186
0.000206083 5111.6 83.3654
0.000211856 5276.33 83.3533
0.000217792 5337.31 83.8373
0.000223893 5679.64 86.1108
0.000230166 5793.07 87.7924
0.000236615 5791.05 86.156
0.000243244 6122.84 91.1608
0.000250058 6279.64 91.8746
0.000257064 6495.47 94.8561
0.000264266 6716.11 94.7514
0.00027167 7081.66 100.025
0.000279281 6951.21 97.1548
0.000287105 7483.8 105.043
0.000295149 7618.17 101.79
0.000303418 7875.84 105.527
0.000311919 8068.52 109.708
0.000320658 8167.07 109.478
0.000329641 8675.46 112.925
0.000338876 8862.93 115.875
0.000348371 9154.14 115.381
0.000358131 9680.01 125.863
0.000368164 9892.31 125.399
0.000378479 10036 124.42
0.000389082 10513.3 128.837
0.000399983 10771 132.294
0.000411189 11158.1 136.942
0.000422709 11444.6 133.683
0.000434552 11730.6 140.234
0.000446726 12223.9 144.86
0.000459242 12257.1 140.255
0.000472108 12935.7 143.517
0.000485335 13306 146.963
0.000498932 13637.1 153.226
0.00051291 14066.7 151.52
0.00052728 14418.5 156.645
0.000542053 14959 161.32
0.000557239 15601.5 166.987
0.000572851 15948.8 166.029
0.0005889 16355.5 170.373
0.000605399 16847.4 172.905
0.00062236 16901.9 170.645
0.000639796 17666.7 180.458
0.000657721 19025 191.768
0.000676147 19083.3 189.458
0.000695091 19370.8 189.939
0.000714565 20101 191.617
0.000734584 20407.8 192.147
0.000755164 21183.5 195.702
0.000776321 22420.1 208.957
0.000798071 22633.4 208.748
0.00082043 23278.1 209.001
0.000843415 24045.1 215.228
0.000867045 24638.9 219.043
0.000891336 25539.9 221.837
0.000916308 26084.2 225.342
0.000941979 26822.9 227.376
0.00096837 27909.4 236.903
0.0009955 28422.2 238.932
0.00102339 29129.3 240.208
0.00105206 30571.8 254.248
0.00108154 31495.4 254.624
0.00111184 32186.3 257.401
0.00114299 33215.6 264.218
0.00117501 33938.5 266.068
0.00120793 35074.7 274.326
0.00124177 35657.8 267.4
0.00127656 37647.3 285.519
0.00131233 38249.1 287.734
0.00134909 39404.5 293.662
0.00138689 40334.8 292.453
0.00142574 41680 299.508
0.00146569 42682.1 305.491
0.00150675 44017.5 311.949
0.00154896 45678.1 319.786
0.00159236 47117.6 328.031
0.00163697 48069.6 327.746
0.00168283 50056.6 344.414
0.00172998 51093.3 343.026
0.00177845 52483 353.955
0.00182827 53844.7 354.948
0.0018795 55626.7 363.578
0.00193215 56425.9 363.003
0.00198628 58591.7 368.023
0.00204193 59819 373.215
0.00209914 61492.8 380.406
0.00215795 63873.7 396.367
0.00221841 64964.2 393.337
0.00228056 67660 410.6
0.00234445 69142.9 412.113
0.00241014 70810.8 417.913
0.00247766 73318.5 425.292
0.00254707 74321.8 430.005
0.00261843 76681.8 444.725
0.00269179 78954.1 445.876
0.00276721 80632 449.685
0.00284473 82889.7 457.303
0.00292443 85272.2 469.552
0.00300636 87631.3 473.122
0.00309059 90696.6 488.465
0.00317718 92933.2 490.502
0.00326619 94779.6 493.901
0.0033577 97256.6 508.865
0.00345177 99608.7 515.938
0.00354847 103308 527.248
0.00364789 105198 530.09
0.00375009 108432 539.828
0.00385515 110291 544.876
0.00396316 113120 550.396
0.00407419 116727 562.776
0.00418834 119207 570.201
0.00430568 122232 576.041
0.00442631 125018 584.627
0.00455031 128031 589.479
0.0046778 131589 604.311
0.00480885 134839 615.138
0.00494358 139215 629.961
0.00508208 141155 628.849
0.00522446 144693 639.981
0.00537083 148044 650.65
0.0055213 150474 648.209
0.00567599 155058 665.54
0.00583501 159188 676.995
0.00599848 163810 690.009
0.00616654 165653 688.798
0.0063393 169169 693.269
0.00651691 174753 722.405
0.00669949 177803 722.653
0.00688718 180035 720.347
0.00708013 183865 728.156
0.00727849 188693 750.283
0.00748241 193408 752.908
0.00769204 197327 768.947
0.00790754 201072 770.439
0.00812908 205458 787.891
0.00835683 209953 796.499
0.00859096 214142 801.75
0.00883164 219054 819.497
0.00907907 222859 825.886
0.00933343 225387 819.75
0.00959492 230167 837.479
0.00986374 233787 846.869
0.0101401 239308 857.468
0.0104242 241776 859.166
0.0107162 247922 876.832
0.0110164 250980 883.611
0.0113251 257802 901.592
0.0116424 259352 899.494
0.0119685 265392 913.71
0.0123039 268193 918.552
0.0126486 272266 924.588
0.0130029 277367 939.055
0.0133672 281434 951.051
0.0137417 285009 960.597
0.0141267 287937 958.459
0.0145225 292387 964.998
0.0149294 298481 985.092
0.0153476 298826 977.461
0.0157776 303615 992.121
0.0162196 307427 1002.36
0.0166741 310657 1005.5
0.0171412 313187 1009.32
0.0176214 316294 1018.96
0.0181151 320545 1035.68
0.0186226 322137 1024.32
0.0191444 323887 1036.02
0.0196807 327173 1040.39
0.0202321 328872 1043.79
0.020799 331634 1050.94
0.0213817 333709 1059.2
0.0219807 333805 1054.76
0.0225965 336091 1058.66
0.0232296 336366 1059.98
0.0238804 339152 1072.86
0.0245494 336739 1056.95
0.0252372 339365 1069.03
0.0259443 337841 1064.63
0.0266711 337129 1063.72
0.0274184 337215 1068.72
0.0281865 338688 1076.07
0.0289762 336492 1077.16
0.029788 335265 1073.07
0.0306226 331718 1060.84
0.0314805 333178 1077.52
0.0323625 331707 1074
0.0332691 326068 1057.31
0.0342012 323963 1057.9
0.0351594 321134 1055.28
0.0361444 317634 1048.85
0.0371571 313223 1039.07
0.0381981 310722 1039.71
0.0392682 304407 1031.2
0.0403684 299879 1021.37
0.0414994 296345 1020.63
0.042662 293482 1021.63
0.0438573 284913 999.497
0.045086 277873 983.479
0.0463491 273757 982.635
0.0476476 267291 973.221
0.0489826 260215 958.672
0.0503549 252811 943.715
0.0517656 246419 936.025
0.0532159 237317 908.845
0.0547068 230806 906.331
0.0562395 223803 893.631
0.0578151 216925 875.556
0.0594349 209087 863.163
0.0611 201752 851.619
0.0628118 192093 820.889
0.0645716 185655 821.083
0.0663806 178759 808.33
0.0682404 169124 774.833
0.0701522 161177 760.405
0.0721176 154414 751.017
0.0741381 146776 728.785
0.0762152 138000 704.969
0.0783504 130843 686.969
0.0805455 123082 671.785
0.0828021 115678 644.041
0.0851219 109188 642.578
0.0875067 101372 611.938
0.0899583 95224.5 592.022
0.0924786 87175.4 559.375
0.0950696 80902.1 537.325
0.097733 75706.5 525.927
0.100471 69181.9 501.726
0.103286 64772 491.972
0.10618 58776.8 461.273
0.109154 53698.6 445.481
0.112213 48621.7 422.231
0.115356 43875.9 403.138
0.118588 39849.9 380.7
0.121911 36106.8 363.861
0.125326 32563.3 348.255
0.128837 28814.6 322.631
0.132447 25646.6 306.686
0.136157 22854.1 299.011
0.139972 20592.7 285.268
0.143894 17940.5 257.217
0.147925 15591.5 247.368
0.152069 13160.3 217.935
0.15633 11847.8 213.637
0.160709 10193.2 191.362
0.165212 8739.82 176.269
0.169841 7395.96 160.214
0.174599 6269.76 155.616
0.17949 5486.09 146.279
0.184519 4698.88 136.173
0.189689 3720.43 115.167
0.195003 3242.92 113.638
0.200466 2548.61 94.0776
0.206083 2364.84 96.2479
0.211856 1711.34 78.8392
0.217792 1542.45 79.9765
0.223893 1079.75 57.8364
0.230166 969.259 59.347
0.236615 706.745 52.0989
0.243244 607.026 49.8334
0.250058 447.294 44.4351
0.257064 359.863 31.4931
0.264266 231.266 24.8139
0.27167 166.283 19.7557
0.279281 123.854 15.1549
0.287105 150.78 28.2863
0.295149 73.7321 14.576
0.303418 64.5744 13.335
0.311919 36.4149 6.46777
0.320658 41.3661 15.0122
0.329641 39.058 19.5315
0.338876 16.5495 6.44405
0.348371 6.65371 3.94971
0.358131 9.69433 4.98259
0.368164 18.2613 9.38483
0.378479 1.74588 0.868497
0.389082 7.85042 6.32788
0.399983 1.39953 0.975769
0.411189 0.432926 0.318225
0.422709 0.200343 0.200343
0.434552 0 0
0.446726 0.206907 0.206907
0.459242 0 0
0.472108 0 0
0.485335 0 0
0.498932 0 0
0.51291 0 0
0.52728 0 0
0.542053 0 0
0.557239 0 0
0.572851 0 0
0.5889 0 0
0.605399 0 0
0.62236 0 0
0.639796 0 0
0.657721 0 0
0.676147 0 0
0.695091 0 0
0.714565 0 0
0.734584 0 0
0.755164 0 0
0.776321 0 0
0.798071 0 0
0.82043 0 0
0.843415 0 0
0.867045 0 0
0.891336 0 0
0.916308 0 0
0.941979 0 0
0.96837 0 0
0.9955 0 0
1.02339 0 0
1.05206 0 0
1.08154 0 0
1.11184 0 0
1.14299 0 0
1.17501 0 0
1.20793 0 0
1.24177 0 0
1.27656 0 0
1.31233 0 0
1.34909 0 0
1.38689 0 0
1.42574 0 0
1.46569 0 0
1.50675 0 0
1.54896 0 0
1.59236 0 0
1.63697 0 0
1.68283 0 0
1.72998 0 0
1.77845 0 0
1.82827 0 0
1.8795 0 0
1.93215 0 0
1.98628 0 0
2.04193 0 0
2.09914 0 0
2.15795 0 0
2.21841 0 0
2.28056 0 0
2.34445 0 0
2.41014 0 0
2.47766 0 0
2.54707 0 0
2.61843 0 0
2.69179 0 0
2.76721 0 0
2.84473 0 0
2.92443 0 0
3.00636 0 0
3.09059 0 0
3.17718 0 0
3.26619 0 0
3.3577 0 0
3.45177 0 0
3.54847 0 0
3.64789 0 0
3.75009 0 0
3.85515 0 0
3.96316 0 0
4.07419 0 0
4.18834 0 0
4.30568 0 0
4.42631 0 0
4.55031 0 0
4.6778 0 0
4.80885 0 0
4.94358 0 0
5.08208 0 0
5.22446 0 0
5.37083 0 0
5.5213 0 0
5.67599 0 0
5.83501 0 0
5.99848 0 0
6.16654 0 0
6.3393 0 0
6.51691 0 0
6.69949 0 0
6.88718 0 0
7.08013 0 0
7.27849 0 0
7.48241 0 0
7.69204 0 0
7.90754 0 0
8.12908 0 0
8.35683 0 0
8.59096 0 0
8.83164 0 0
9.07907 0 0
9.33343 0 0
9.59492 0 0
9.86374 0 0
10.1401 0 0
10.4242 0 0
10.7162 0 0
11.0164 0 0
11.3251 0 0
11.6424 0 0
11.9685 0 0
12.3039 0 0
12.6486 0 0
13.0029 0 0
13.3672 0 0
13.7417 0 0
14.1267 0 0
14.5225 0 0
14.9294 0 0
15.3476 0 0
15.7776 0 0
16.2196 0 0
16.6741 0 0
17.1412 0 0
17.6214 0 0
18.1151 0 0
18.6226 0 0
19.1444 0 0
19.6807 0 0
20.2321 0 0
20.799 0 0
21.3817 0 0
21.9807 0 0
22.5965 0 0
23.2296 0 0
23.8804 0 0
24.5494 0 0
25.2372 0 0
25.9443 0 0
26.6711 0 0
27.4184 0 0
28.1865 0 0
28.9762 0 0
29.788 0 0
30.6226 0 0
31.4805 0 0
32.3625 0 0
33.2691 0 0
34.2012 0 0
35.1594 0 0
36.1444 0 0
37.1571 0 0
38.1981 0 0
39.2682 0 0
40.3684 0 0
41.4994 0 0
42.662 0 0
43.8573 0 0
45.086 0 0
46.3491 0 0
47.6476 0 0
48.9826 0 0
50.3549 0 0
51.7656 0 0
53.2159 0 0
54.7068 0 0
56.2395 0 0
57.8151 0 0
59.4349 0 0
61.1 0 0
62.8118 0 0
64.5716 0 0
66.3806 0 0
68.2404 0 0
70.1522 0 0
72.1176 0 0
74.1381 0 0
76.2152 0 0
78.3504 0 0
80.5455 0 0
82.8021 0 0
85.1219 0 0
87.5067 0 0
89.9583 0 0
92.4786 0 0
95.0696 0 0
97.733 0 0
100.471 0 0
103.286 0 0
106.18 0 0
109.154 0 0
112.213 0 0
115.356 0 0
118.588 0 0
121.911 0 0
125.326 0 0
128.837 0 0
132.447 0 0
136.157 0 0
139.972 0 0
143.894 0 0
147.925 0 0
152.069 0 0
156.33 0 0
160.709 0 0
165.212 0 0
169.841 0 0
174.599 0 0
179.49 0 0
184.519 0 0
189.689 0 0
195.003 0 0
200.466 0 0
206.083 0 0
211.856 0 0
217.792 0 0
223.893 0 0
230.166 0 0
236.615 0 0
243.244 0 0
250.058 0 0
257.064 0 0
264.266 0 0
271.67 0 0
279.281 0 0
287.105 0 0
295.149 0 0
303.418 0 0
311.919 0 0
320.658 0 0
329.641 0 0
338.876 0 0
348.371 0 0
358.131 0 0
368.164 0 0
378.479 0 0
389.082 0 0
399.983 0 0
411.189 0 0
422.709 0 0
434.552 0 0
446.726 0 0
459.242 0 0
472.108 0 0
485.335 0 0
498.932 0 0
512.91 0 0
527.28 0 0
542.053 0 0
557.239 0 0
572.851 0 0
588.9 0 0
605.399 0 0
622.36 0 0
639.796 0 0
657.721 0 0
676.147 0 0
695.091 0 0
714.565 0 0
734.584 0 0
755.164 0 0
776.321 0 0
798.071 0 0
820.43 0 0
843.415 0 0
867.045 0 0
891.336 0 0
916.308 0 0
941.979 0 0
968.37 0 0
995.5 0 0
1023.39 0 0
1052.06 0 0
1081.54 0 0
1111.84 0 0
1142.99 0 0
1175.01 0 0
1207.93 0 0
1241.77 0 0
1276.56 0 0
1312.33 0 0
1349.09 0 0
1386.89 0 0
1425.74 0 0
1465.69 0 0
1506.75 0 0
1548.96 0 0
1592.36 0 0
1636.97 0 0
1682.83 0 0
1729.98 0 0
1778.45 0 0
1828.27 0 0
1879.5 0 0
1932.15 0 0
1986.28 0 0
2041.93 0 0
2099.14 0 0
2157.95 0 0
2218.41 0 0
2280.56 0 0
2344.45 0 0
2410.14 0 0
2477.66 0 0
2547.07 0 0
2618.43 0 0
2691.79 0 0
2767.21 0 0
2844.73 0 0
2924.43 0 0
3006.36 0 0
3090.59 0 0
3177.18 0 0
3266.19 0 0
3357.7 0 0
3451.77 0 0
3548.47 0 0
3647.89 0 0
3750.09 0 0
3855.15 0 0
3963.16 0 0
4074.19 0 0
4188.34 0 0
4305.68 0 0
4426.31 0 0
4550.31 0 0
4677.8 0 0
4808.85 0 0
4943.58 0 0
5082.08 0 0
5224.46 0 0
5370.83 0 0
5521.3 0 0
5675.99 0 0
5835.01 0 0
5998.48 0 0
6166.54 0 0
6339.3 0 0
6516.91 0 0
6699.49 0 0
6887.18 0 0
7080.13 0 0
7278.49 0 0
7482.41 0 0
7692.04 0 0
7907.54 0 0
8129.08 0 0
8356.83 0 0
8590.96 0 0
8831.64 0 0
9079.07 0 0
9333.43 0 0
9594.92 0 0
9863.74 0 0
10140.1 0 0
10424.2 0 0
10716.2 0 0
11016.4 0 0
11325.1 0 0
11642.4 0 0
11968.5 0 0
12303.9 0 0
12648.6 0 0
13002.9 0 0
13367.2 0 0
13741.7 0 0
14126.7 0 0
14522.5 0 0
14929.4 0 0
15347.6 0 0
15777.6 0 0
16219.6 0 0
16674.1 0 0
17141.2 0 0
17621.4 0 0
18115.1 0 0
18622.6 0 0
19144.4 0 0
19680.7 0 0
20232.1 0 0
20799 0 0
21381.7 0 0
21980.7 0 0
22596.5 0 0
23229.6 0 0
23880.4 0 0
24549.4 0 0
25237.2 0 0
25944.3 0 0
26671.1 0 0
27418.4 0 0
28186.5 0 0
28976.2 0 0
29788 0 0
30622.6 0 0
31480.5 0 0
32362.5 0 0
33269.1 0 0
34201.2 0 0
35159.4 0 0
36144.4 0 0
37157.1 0 0
38198.1 0 0
39268.2 0 0
40368.4 0 0
41499.4 0 0
42662 0 0
43857.3 0 0
45086 0 0
46349.1 0 0
47647.6 0 0
48982.6 0 0
50354.9 0 0
51765.6 0 0
53215.9 0 0
54706.8 0 0
56239.5 0 0
57815.1 0 0
59434.9 0 0
61100 0 0
62811.8 0 0
64571.6 0 0
66380.6 0 0
68240.4 0 0
70152.2 0 0
72117.6 0 0
74138.1 0 0
76215.2 0 0
78350.4 0 0
80545.5 0 0
82802.1 0 0
85121.9 0 0
87506.7 0 0
89958.3 0 0
92478.6 0 0
95069.6 0 0
97733 0 0
100471 0 0
103286 0 0
106180 0 0
109154 0 0
112213 0 0
115356 0 0
118588 0 0
121911 0 0
125326 0 0
128837 0 0
132447 0 0
136157 0 0
139972 0 0
143894 0 0
147925 0 0
152069 0 0
156330 0 0
160709 0 0
165212 0 0
169841 0 0
174599 0 0
179490 0 0
184519 0 0
189689 0 0
195003 0 0
200466 0 0
206083 0 0
211856 0 0
217792 0 0
223893 0 0
230166 0 0
236615 0 0
243244 0 0
250058 0 0
257064 0 0
264266 0 0
271670 0 0
279281 0 0
287105 0 0
295149 0 0
303418 0 0
311919 0 0
320658 0 0
329641 0 0
338876 0 0
348371 0 0
358131 0 0
368164 0 0
378479 0 0
389082 0 0
399983 0 0
411189 0 0
422709 0 0
434552 0 0
446726 0 0
459242 0 0
472108 0 0
485335 0 0
498932 0 0
512910 0 0
527280 0 0
542053 0 0
557239 0 0
572851 0 0
588900 0 0
605399 0 0
622360 0 0
639796 0 0
657721 0 0
676147 0 0
695091 0 0
714565 0 0
734584 0 0
755164 0 0
776321 0 0
798071 0 0
820430 0 0
843415 0 0
867045 0 0
891336 0 0
916308 0 0
941979 0 0
968370 0 0
995500 0 0
1.02339e+06 0 0
1.05206e+06 0 0
1.08154e+06 0 0
1.11184e+06 0 0
1.14299e+06 0 0
1.17501e+06 0 0
1.20793e+06 0 0
1.24177e+06 0 0
1.27656e+06 0 0
1.31233e+06 0 0
1.34909e+06 0 0
1.38689e+06 0 0
1.42574e+06 0 0
1.46569e+06 0 0
1.50675e+06 0 0
1.54896e+06 0 0
1.59236e+06 0 0
1.63697e+06 0 0
1.68283e+06 0 0
1.72998e+06 0 0
1.77845e+06 0 0
1.82827e+06 0 0
1.8795e+06 0 0
1.93215e+06 0 0
1.98628e+06 0 0
2.04193e+06 0 0
2.09914e+06 0 0
2.15795e+06 0 0
2.21841e+06 0 0
2.28056e+06 0 0
2.34445e+06 0 0
2.41014e+06 0 0
2.47766e+06 0 0
2.54707e+06 0 0
2.61843e+06 0 0
2.69179e+06 0 0
2.76721e+06 0 0
2.84473e+06 0 0
2.92443e+06 0 0
3.00636e+06 0 0
3.09059e+06 0 0
3.17718e+06 0 0
3.26619e+06 0 0
3.3577e+06 0 0
3.45177e+06 0 0
3.54847e+06 0 0
3.64789e+06 0 0
3.75009e+06 0 0
3.85515e+06 0 0
3.96316e+06 0 0
4.07419e+06 0 0
4.18834e+06 0 0
4.30568e+06 0 0
4.42631e+06 0 0
4.55031e+06 0 0
4.6778e+06 0 0
4.80885e+06 0 0
4.94358e+06 0 0
5.08208e+06 0 0
5.22446e+06 0 0
5.37083e+06 0 0
5.5213e+06 0 0
5.67599e+06 0 0
5.83501e+06 0 0
5.99848e+06 0 0
6.16654e+06 0 0
6.3393e+06 0 0
6.51691e+06 0 0
6.69949e+06 0 0
6.88718e+06 0 0
7.08013e+06 0 0
7.27849e+06 0 0
7.48241e+06 0 0
7.69204e+06 0 0
7.90754e+06 0 0
8.12908e+06 0 0
8.35683e+06 0 0
8.59096e+06 0 0
8.83164e+06 0 0
9.07907e+06 0 0
9.33343e+06 0 0
9.59492e+06 0 0
9.86374e+06 0 0
