1.01401e-05 0 0
1.04242e-05 0 0
1.07162e-05 0 0
1.10164e-05 0 0
1.13251e-05 0 0
1.16424e-05 0 0
1.19685e-05 0 0
1.23039e-05 0 0
1.26486e-05 0 0
1.30029e-05 0 0
1.33672e-05 0 0
1.37417e-05 0 0
1.41267e-05 0 0
1.45225e-05 0 0
1.49294e-05 0 0
1.53476e-05 0 0
1.57776e-05 0 0
1.62196e-05 0 0
1.66741e-05 0 0
1.71412e-05 0 0
1.76214e-05 0 0
1.81151e-05 0 0
1.86226e-05 0 0
1.91444e-05 0 0
1.96807e-05 0 0
2.02321e-05 0 0
2.0799e-05 0 0
2.13817e-05 0 0
2.19807e-05 0 0
2.25965e-05 0 0
2.32296e-05 0 0
2.38804e-05 0 0
2.45494e-05 0 0
2.52372e-05 0 0
2.59443e-05 0 0
2.66711e-05 0 0
2.74184e-05 0 0
2.81865e-05 0 0
2.89762e-05 0 0
2.9788e-05 0 0
3.06226e-05 0 0
3.14805e-05 0 0
3.23625e-05 0 0
3.32691e-05 0 0
3.42012e-05 0 0
3.51594e-05 0 0
3.61444e-05 0 0
3.71571e-05 0 0
3.81981e-05 0 0
3.92682e-05 0 0
4.03684e-05 0 0
4.14994e-05 0 0
4.2662e-05 0 0
4.38573e-05 0 0
4.5086e-05 0 0
4.63491e-05 0 0
4.76476e-05 0 0
4.89826e-05 0 0
5.03549e-05 0 0
5.17656e-05 0 0
5.32159e-05 0 0
5.47068e-05 0 0
5.62395e-05 0 0
5.78151e-05 0 0
5.94349e-05 0 0
6.11e-05 0 0
6.28118e-05 0 0
6.45716e-05 0 0
6.63806e-05 0 0
6.82404e-05 0 0
7.01522e-05 0 0
7.21176e-05 0 0
7.41381e-05 0 0
7.62152e-05 0 0
7.83504e-05 0 0
8.05455e-05 0 0
8.28021e-05 0 0
8.51219e-05 0 0
8.75067e-05 0 0
8.99583e-05 0 0
9.24786e-05 0 0
9.50696e-05 0 0
9.7733e-05 0 0
0.000100471 0 0
0.000103286 0 0
0.00010618 0 0
0.000109154 0 0
0.000112213 0 0
0.000115356 0 0
0.000118588 0 0
0.000121911 0 0
0.000125326 0 0
0.000128837 0 0
0.000132447 0 0
0.000136157 0 0
0.000139972 0 0
0.000143894 0 0
0.000147925 0 0
0.000152069 0 0
0.00015633 0 0
0.000160709 0 0
0.000165212 0 0
0.000169841 0 0
0.000174599 0 0
0.00017949 0 0
0.000184519 0 0
0.000189689 0 0
0.000195003 0 0
0.000200466 0 0
0.000206083 0 0
0.000211856 0 0
0.000217792 0 0
0.000223893 0 0
0.000230166 0 0
0.000236615 0 0
0.000243244 0 0
0.000250058 0 0
0.000257064 0 0
0.000264266 0 0
0.00027167 0 0
0.000279281 0 0
0.000287105 0 0
0.000295149 0 0
0.000303418 0 0
0.000311919 0 0
0.000320658 0 0
0.000329641 0 0
0.000338876 0 0
0.000348371 0 0
0.000358131 0 0
0.000368164 0 0
0.000378479 0 0
0.000389082 0 0
0.000399983 0 0
0.000411189 0 0
0.000422709 0 0
0.000434552 0 0
0.000446726 0 0
0.000459242 0 0
0.000472108 0 0
0.000485335 0 0
0.000498932 0 0
0.00051291 0 0
0.00052728 0 0
0.000542053 0 0
0.000557239 0 0
0.000572851 0 0
0.0005889 0 0
0.000605399 0 0
0.00062236 0 0
0.000639796 0 0
0.000657721 0 0
0.000676147 0 0
0.000695091 0 0
0.000714565 0 0
0.000734584 0 0
0.000755164 0 0
0.000776321 0 0
0.000798071 0 0
0.00082043 0 0
0.000843415 0 0
0.000867045 0 0
0.000891336 0 0
0.000916308 0 0
0.000941979 0 0
0.00096837 0 0
0.0009955 0 0
0.00102339 0 0
0.00105206 0 0
0.00108154 0 0
0.00111184 0 0
0.00114299 0 0
0.00117501 0 0
0.00120793 0 0
0.00124177 0 0
0.00127656 0 0
0.00131233 0 0
0.00134909 0 0
0.00138689 0 0
0.00142574 0 0
0.00146569 0 0
0.00150675 0 0
0.00154896 0 0
0.00159236 0 0
0.00163697 0 0
0.00168283 0 0
0.00172998 0 0
0.00177845 0 0
0.00182827 0 0
0.0018795 0 0
0.00193215 0 0
0.00198628 0 0
0.00204193 0 0
0.00209914 0 0
0.00215795 0 0
0.00221841 0 0
0.00228056 0 0
0.00234445 0 0
0.00241014 0 0
0.00247766 0 0
0.00254707 0 0
0.00261843 0 0
0.00269179 0 0
0.00276721 0 0
0.00284473 0 0
0.00292443 0 0
0.00300636 0 0
0.00309059 0 0
0.00317718 0 0
0.00326619 0 0
0.0033577 0 0
0.00345177 0 0
0.00354847 0 0
0.00364789 0 0
0.00375009 0 0
0.00385515 0 0
0.00396316 0 0
0.00407419 0 0
0.00418834 0 0
0.00430568 0 0
0.00442631 0 0
0.00455031 0 0
0.0046778 0 0
0.00480885 0 0
0.00494358 0 0
0.00508208 0 0
0.00522446 0 0
0.00537083 0 0
0.0055213 0 0
0.00567599 0 0
0.00583501 0 0
0.00599848 0 0
0.00616654 0 0
0.0063393 0 0
0.00651691 0 0
0.00669949 0 0
0.00688718 0 0
0.00708013 0 0
0.00727849 0 0
0.00748241 0 0
0.00769204 0 0
0.00790754 0 0
0.00812908 0 0
0.00835683 0 0
0.00859096 0 0
0.00883164 0 0
0.00907907 0 0
0.00933343 0 0
0.00959492 0 0
0.00986374 0 0
0.0101401 0 0
0.0104242 0 0
0.0107162 0 0
0.0110164 0 0
0.0113251 0 0
0.0116424 0 0
0.0119685 0 0
0.0123039 0 0
0.0126486 0 0
0.0130029 0 0
0.0133672 0 0
0.0137417 0 0
0.0141267 0 0
0.0145225 0 0
0.0149294 0 0
0.0153476 0 0
0.0157776 0 0
0.0162196 0 0
0.0166741 0 0
0.0171412 0 0
0.0176214 0 0
0.0181151 0 0
0.0186226 0 0
0.0191444 0 0
0.0196807 0 0
0.0202321 0 0
0.020799 0 0
0.0213817 0 0
0.0219807 0 0
0.0225965 0 0
0.0232296 0 0
0.0238804 0 0
0.0245494 0 0
0.0252372 0 0
0.0259443 0 0
0.0266711 0 0
0.0274184 0 0
0.0281865 0 0
0.0289762 0 0
0.029788 0 0
0.0306226 0 0
0.0314805 0 0
0.0323625 0 0
0.0332691 0 0
0.0342012 0 0
0.0351594 0 0
0.0361444 0 0
0.0371571 0 0
0.0381981 0 0
0.0392682 0 0
0.0403684 0 0
0.0414994 0 0
0.042662 0 0
0.0438573 0 0
0.045086 0 0
0.0463491 0 0
0.0476476 0 0
0.0489826 0 0
0.0503549 0 0
0.0517656 0 0
0.0532159 0 0
0.0547068 0 0
0.0562395 0 0
0.0578151 0 0
0.0594349 0 0
0.0611 0 0
0.0628118 0 0
0.0645716 0 0
0.0663806 0 0
0.0682404 0 0
0.0701522 0 0
0.0721176 0 0
0.0741381 0 0
0.0762152 0 0
0.0783504 0 0
0.0805455 0 0
0.0828021 0 0
0.0851219 0 0
0.0875067 0 0
0.0899583 0 0
0.0924786 0 0
0.0950696 0 0
0.097733 0 0
0.100471 935409 1846.74
0.103286 913898 1834.61
0.10618 888319 1808.86
0.109154 864256 1779.57
0.112213 841444 1763.33
0.115356 816507 1731.52
0.118588 794012 1709.07
0.121911 771646 1684.34
0.125326 752837 1664.68
0.128837 732540 1643.71
0.132447 713759 1632.05
0.136157 695713 1608.78
0.139972 675066 1582.9
0.143894 659532 1572.97
0.147925 643969 1554.75
0.152069 623892 1529.95
0.15633 607466 1508.39
0.160709 591166 1487.81
0.165212 574949 1463.01
0.169841 558416 1442.66
0.174599 542749 1422.29
0.17949 529421 1413.85
0.184519 514780 1391.54
0.189689 500350 1369.03
0.195003 488014 1352.02
0.200466 476646 1344.72
0.206083 461297 1315.13
0.211856 448311 1294.86
0.217792 435240 1277.43
0.223893 424016 1258.83
0.230166 414670 1255.54
0.236615 402796 1233.32
0.243244 391916 1224.13
0.250058 380911 1199.62
0.257064 370767 1183.42
0.264266 360963 1167
0.27167 353440 1163.9
0.279281 340830 1132.84
0.287105 331963 1122.87
0.295149 322517 1103.39
0.303418 313232 1084.32
0.311919 308266 1088.52
0.320658 298165 1067.71
0.329641 290154 1051.94
0.338876 282605 1041.74
0.348371 275375 1029.34
0.358131 267016 1015.8
0.368164 259478 991.637
0.378479 252495 981.308
0.389082 246562 974.905
0.399983 238554 948.455
0.411189 231913 935.203
0.422709 226925 926.148
0.434552 221129 924.115
0.446726 214215 901.108
0.459242 209142 895.687
0.472108 203326 879.361
0.485335 197979 869.801
0.498932 191061 855.741
0.51291 185513 836.456
0.52728 182427 842.379
0.542053 177261 828.313
0.557239 171959 815.786
0.572851 167775 805.281
0.5889 162325 787.554
0.605399 159775 788.497
0.62236 155523 779.722
0.639796 150865 765.117
0.657721 146145 748.746
0.676147 142899 744.044
0.695091 137355 720.707
0.714565 134925 721.704
0.734584 131872 720.736
0.755164 127935 710.483
0.776321 123898 693.418
0.798071 120053 684.181
0.82043 117546 674.022
0.843415 113030 660.444
0.867045 110446 651.539
0.891336 108060 648.243
0.916308 105855 643.927
0.941979 101935 624.388
0.96837 97869.6 611.987
0.9955 95938.2 606.096
1.02339 94561.2 609.535
1.05206 92141.4 604.411
1.08154 87992.9 578.248
1.11184 87493.4 594.058
1.14299 84674.8 583.647
1.17501 82951.3 574.201
1.20793 79814.6 562.571
1.24177 77246.9 552.185
1.27656 75260.4 544.251
1.31233 72729 531.21
1.34909 71455.8 528.508
1.38689 69275 511.829
1.42574 66886.8 505.71
1.46569 65814.6 510.976
1.50675 63968.5 499.225
1.54896 63119.3 500.116
1.59236 60677 488.127
1.63697 59530.2 483.705
1.68283 57772.8 480.775
1.72998 56085.7 466.001
1.77845 53616.2 449.348
1.82827 52674.5 450.415
1.8795 51756.8 452.71
1.93215 50664.5 455.861
1.98628 48514.3 435.086
2.04193 46995.6 429.801
2.09914 45337.3 417.458
2.15795 44420.5 420.243
2.21841 43260.3 411.159
2.28056 43187.8 421.226
2.34445 41164.8 408.327
2.41014 39846.9 393.617
2.47766 39331.7 396.98
2.54707 38252.3 387.698
2.61843 37609.1 386.39
2.69179 36590.4 384.964
2.76721 34430.2 363.539
2.84473 33951.4 369.135
2.92443 32652 357.984
3.00636 32905.7 362.298
3.09059 31603.6 357.794
3.17718 29911.1 340.548
3.26619 29387.4 344.917
3.3577 28612.8 330.209
3.45177 27995.9 327.631
3.54847 27539 328.913
3.64789 27231.5 335.011
3.75009 26266.4 331.348
3.85515 25004.9 313.219
3.96316 24462 310.185
4.07419 23549.4 304.894
4.18834 22980.8 304.61
4.30568 22848 305.903
4.42631 21892.7 294.045
4.55031 21041.6 284.81
4.6778 20330.3 281.667
4.80885 20829.2 295.948
4.94358 19840.7 279.995
5.08208 18997.1 279.825
5.22446 18711.7 271.03
5.37083 18091.6 269.948
5.5213 17878.6 274.101
5.67599 16918.3 260.116
5.83501 16231.4 249.035
5.99848 16099 253.364
6.16654 15586.5 254.066
6.3393 15472.3 246.759
6.51691 15328.3 257.776
6.69949 14424.6 239.105
6.88718 14080.8 234.003
7.08013 13428.4 231.918
7.27849 13169.3 219.572
7.48241 13340.4 236.808
7.69204 12246.2 213.579
7.90754 12094.4 221.354
8.12908 11921.1 216.806
8.35683 11838.1 220.343
8.59096 11397.9 216.236
8.83164 10994.3 206.959
9.07907 10649.3 206.059
9.33343 10144.5 195.396
9.59492 10104 197.955
9.86374 10090.2 201.996
10.1401 9449.06 190.42
10.4242 9445.55 192.659
10.7162 8986.75 185.97
11.0164 8739.63 183.312
11.3251 8536.71 189.457
11.6424 8419.03 185.317
11.9685 8184.23 180.602
12.3039 8039.06 178.712
12.6486 7741.8 178.917
13.0029 7437.42 168.658
13.3672 7295.06 174.855
13.7417 7105.06 168.451
14.1267 6600.9 153.526
14.5225 6587.84 158.42
14.9294 6271.31 154.315
15.3476 6150.85 151.02
15.7776 6357.31 165.581
16.2196 5965.55 156.017
16.6741 5891.68 152.657
17.1412 5614.72 145.963
17.6214 5525.33 147.412
18.1151 5084.12 139.396
18.6226 5604.87 159.765
19.1444 5090.03 141.373
19.6807 4960.56 140.43
20.2321 4756.46 139.9
20.799 4713.26 142.139
21.3817 4623.5 141.6
21.9807 4300.71 126.81
22.5965 4307.42 129.533
23.2296 4279.81 131.699
23.8804 3816.36 116.764
24.5494 3912.83 118.009
25.2372 3781.26 126.356
25.9443 3552.71 115.644
26.6711 3583.01 123.803
27.4184 3568.76 120.21
28.1865 3351.95 112.171
28.9762 3081.36 102.182
29.788 3250.47 117.209
30.6226 3132.03 110.815
31.4805 3025.65 112.36
32.3625 2960.8 110.182
33.2691 2952.36 111.278
34.2012 2814.18 105.071
35.1594 2750.34 105.951
36.1444 2687.29 103.787
37.1571 2675.43 109.527
38.1981 2679.89 107.938
39.2682 2195.2 80.9799
40.3684 2404.81 96.357
41.4994 2325.43 94.2172
42.662 2264.42 92.4723
43.8573 2232.89 96.4786
45.086 2188.21 94.7784
46.3491 2170.43 98.1005
47.6476 2016.47 87.7812
48.9826 1833.89 79.6009
50.3549 1903.81 80.4546
51.7656 1807.35 81.8817
53.2159 1857.2 89.4241
54.7068 1789.32 79.7027
56.2395 1643.07 72.9655
57.8151 1637.1 75.4908
59.4349 1607.04 79.1421
61.1 1605.74 78.9295
62.8118 1535.13 80.6602
64.5716 1473.35 75.5167
66.3806 1416.03 72.5999
68.2404 1281.32 63.2747
70.1522 1315.27 67.6683
72.1176 1397.29 79.4035
74.1381 1292.29 75.591
76.2152 1162.49 65.8882
78.3504 1203.21 64.0585
80.5455 1193.05 60.5749
82.8021 1160.38 63.5749
85.1219 1256.23 75.9716
87.5067 1056.36 58.6864
89.9583 1124.89 70.3625
92.4786 1048.17 63.8765
95.0696 979.072 59.6863
97.733 1001.82 66.5419
100.471 995.137 65.5032
103.286 958.004 66.9504
106.18 911.484 58.9479
109.154 880.345 53.8924
112.213 771.635 52.2791
115.356 836.74 60.8233
118.588 890.732 64.0746
121.911 774.19 55.4587
125.326 742.577 49.3949
128.837 784.769 57.7896
132.447 769.22 55.0266
136.157 741.984 61.5838
139.972 791.158 60.8973
143.894 677.213 47.8264
147.925 653.071 48.5084
152.069 601.795 42.1011
156.33 584.607 46.022
160.709 534.087 44.4911
165.212 560.587 49.0699
169.841 546.378 40.7005
174.599 503.922 42.7763
179.49 517.322 40.5788
184.519 519.115 53.771
189.689 547.968 48.6342
195.003 517.056 39.7308
200.466 486.469 47.5657
206.083 527.672 53.3974
211.856 468.571 45.6207
217.792 400.526 39.0562
223.893 453.039 42.972
230.166 357.444 31.4537
236.615 424.95 41.4473
243.244 490.584 53.0136
250.058 395.684 40.164
257.064 427.066 45.3735
264.266 317.475 31.7941
271.67 361.376 37.9192
279.281 374.665 43.9643
287.105 431.999 48.4454
295.149 337.258 43.6243
303.418 265.479 24.0219
311.919 273.04 25.2489
320.658 406.793 48.3691
329.641 253.994 28.0907
338.876 258.833 32.1621
348.371 337.314 41.9766
358.131 314.867 40.8441
368.164 230.72 23.7882
378.479 294.655 36.5007
389.082 306.803 40.974
399.983 215.389 25.4647
411.189 183.69 21.4492
422.709 254.699 37.5087
434.552 226.734 34.482
446.726 224.489 32.5456
459.242 153 19.4078
472.108 233.66 37.7903
485.335 253.239 36.2422
498.932 199.708 27.8644
512.91 241.285 36.9905
527.28 204.842 29.3863
542.053 171.573 23.0987
557.239 182.34 32.9969
572.851 171.098 28.3589
588.9 139.367 20.9928
605.399 134.808 20.8951
622.36 148.215 20.5636
639.796 154.59 21.6876
657.721 132.491 24.5223
676.147 133.892 27.5828
695.091 170.887 30.7969
714.565 111.013 14.4438
734.584 149.345 24.0738
755.164 100.794 15.0043
776.321 139.465 22.0124
798.071 127.123 21.3211
820.43 131.249 30.2302
843.415 111.314 25.6453
867.045 95.4791 15.4423
891.336 78.2737 16.2338
916.308 132.57 26.8273
941.979 124.555 27.5398
968.37 98.1245 24.1556
995.5 106.003 19.0135
1023.39 76.481 11.4802
1052.06 93.6217 14.1901
1081.54 76.0156 17.2278
1111.84 77.7935 15.937
1142.99 69.9914 14.1314
1175.01 88.1735 14.8679
1207.93 77.3054 13.6907
1241.77 84.1646 19.457
1276.56 86.3258 23.9598
1312.33 67.6273 15.7362
1349.09 39.4745 8.42857
1386.89 94.5821 18.3396
1425.74 75.0344 17.6146
1465.69 59.6598 15.6228
1506.75 43.8386 7.63083
1548.96 53.1658 10.9724
1592.36 47.2237 12.1718
1636.97 55.2298 13.6073
1682.83 43.288 9.18091
1729.98 42.4897 9.49332
1778.45 48.2561 9.69738
1828.27 45.5356 11.7753
1879.5 71.8404 18.0169
1932.15 66.8313 17.2501
1986.28 33.8048 7.96504
2041.93 60.8675 20.6099
2099.14 35.5591 7.21461
2157.95 42.9589 9.36566
2218.41 26.6694 5.26468
2280.56 40.7019 16.5007
2344.45 53.4365 23.5189
2410.14 47.5006 13.0365
2477.66 66.966 13.5658
2547.07 29.4901 9.21464
2618.43 15.1946 3.59067
2691.79 22.0252 4.22955
2767.21 49.4149 14.7053
2844.73 29.2493 5.34719
2924.43 28.1077 8.57597
3006.36 29.4098 7.66106
3090.59 20.5755 4.77639
3177.18 21.8525 4.96346
3266.19 47.1538 22.0763
3357.7 34.8768 9.52987
3451.77 24.4827 7.56345
3548.47 20.5454 4.7272
3647.89 25.3394 7.35527
3750.09 16.9278 4.36401
3855.15 12.7205 3.51245
3963.16 19.7749 5.12681
4074.19 17.7836 5.25053
4188.34 15.2983 4.246
4305.68 13.5673 3.71353
4426.31 17.7163 4.97711
4550.31 13.9451 4.57795
4677.8 12.2179 3.0767
4808.85 14.0272 3.70318
4943.58 8.2872 2.12975
5082.08 14.5836 3.70154
5224.46 18.2562 5.66086
5370.83 12.7509 4.03511
5521.3 13.5548 3.4931
5675.99 24.5776 10.2999
5835.01 10.5632 2.58501
5998.48 16.0779 4.98048
6166.54 15.3304 7.32884
6339.3 25.1341 10.4016
6516.91 9.00447 3.09886
6699.49 14.1987 4.45423
6887.18 4.81553 1.58872
7080.13 14.214 4.13
7278.49 8.05702 2.81794
7482.41 31.4967 18.6314
7692.04 13.9434 5.3236
7907.54 12.0345 3.86939
8129.08 4.01151 1.19149
8356.83 13.725 11.2228
8590.96 9.22898 4.1191
8831.64 4.49642 1.5815
9079.07 9.96129 5.08192
9333.43 14.2483 7.09851
9594.92 2.14985 0.87737
9863.74 9.21304 3.08641
10140.1 8.07558 2.03144
10424.2 3.32735 1.51294
10716.2 6.04485 2.30792
11016.4 17.7973 9.82341
11325.1 4.83908 1.83283
11642.4 10.8751 6.35868
11968.5 2.18509 0.904741
12303.9 4.85641 1.80608
12648.6 8.81294 3.44293
13002.9 6.26503 2.46026
13367.2 6.81889 2.24127
13741.7 5.13874 2.73102
14126.7 10.57 9.6268
14522.5 6.96215 3.00938
14929.4 20.8869 15.3777
15347.6 2.51766 1.07161
15777.6 2.65868 1.30465
16219.6 3.30729 1.52045
16674.1 3.71524 2.07608
17141.2 3.27122 1.14569
17621.4 4.27233 2.04541
18115.1 8.395 3.36696
18622.6 2.98956 2.29513
19144.4 2.30709 1.91799
19680.7 4.47369 1.60514
20232.1 5.22578 2.93685
20799 1.77313 0.863596
21381.7 3.76966 2.4225
21980.7 2.66867 1.56722
22596.5 13.1297 6.92925
23229.6 3.06235 1.55132
23880.4 3.11464 1.77929
24549.4 2.06837 0.89905
25237.2 2.06808 1.33869
25944.3 2.30614 1.35585
26671.1 2.29068 1.43361
27418.4 4.12392 1.99579
28186.5 1.73468 0.93209
28976.2 3.53725 1.81388
29788 2.97959 2.00708
30622.6 4.07059 3.26002
31480.5 6.38174 3.14688
32362.5 1.18866 0.759925
33269.1 1.05779 0.756083
34201.2 1.39058 1.03414
35159.4 1.69404 0.964225
36144.4 0.560816 0.560816
37157.1 0 0
38198.1 0.687668 0.409822
39268.2 1.16097 0.754492
40368.4 5.5152 2.74231
41499.4 2.72762 2.11568
42662 0.82051 0.653832
43857.3 1.83315 1.09845
45086 2.50616 1.82018
46349.1 0.285604 0.285604
47647.6 0.200665 0.200665
48982.6 1.86368 1.15032
50354.9 0.236286 0.236286
51765.6 1.54506 0.794552
53215.9 1.85898 1.38421
54706.8 1.45969 1.00729
56239.5 1.34622 1.04094
57815.1 0.164085 0.164085
59434.9 7.79965 7.02034
61100 1.07743 0.620461
62811.8 0.722415 0.566134
64571.6 3.65244 3.65244
66380.6 2.71895 1.46312
68240.4 1.80526 1.21512
70152.2 6.07173 5.56284
72117.6 1.00006 0.62114
74138.1 0.651235 0.651235
76215.2 0 0
78350.4 0.200188 0.200188
80545.5 0.499663 0.357866
82802.1 0 0
85121.9 0.171491 0.171491
87506.7 2.08808 1.59265
89958.3 0 0
92478.6 0.687694 0.552676
95069.6 0.488345 0.368855
97733 6.17151 4.46541
100471 1.03378 0.797272
103286 1.1705 0.739256
106180 0.157673 0.157673
109154 0.149799 0.149799
112213 0 0
115356 1.08964 1.08964
118588 0 0
121911 0.369584 0.263288
125326 2.1191 1.87166
128837 0 0
132447 0.341716 0.341716
136157 0.692233 0.489483
139972 0.442843 0.442843
143894 0.653098 0.501647
147925 0 0
152069 1.33033 0.841226
156330 0 0
160709 0.61972 0.61972
165212 1.09985 0.66661
169841 6.24225 6.24225
174599 0 0
179490 0.443455 0.324616
184519 0.465782 0.465782
189689 0 0
195003 0 0
200466 0 0
206083 0.579314 0.579314
211856 0.693765 0.518444
217792 0.388844 0.388844
223893 0 0
230166 0.92051 0.684953
236615 0.194129 0.194129
243244 3.05141 2.56987
250058 0.610076 0.610076
257064 0 0
264266 0 0
271670 0.169166 0.169166
279281 0 0
287105 0 0
295149 0 0
303418 0 0
311919 0 0
320658 0.194697 0.194697
329641 0.239719 0.239719
338876 0.264645 0.264645
348371 0.195067 0.195067
358131 0 0
368164 0 0
378479 0 0
389082 0 0
399983 0.393985 0.285422
411189 0.325194 0.325194
422709 0 0
434552 0.185244 0.185244
446726 0 0
459242 0 0
472108 0 0
485335 0 0
498932 0 0
512910 0 0
527280 0 0
542053 0 0
557239 0 0
572851 0 0
588900 0 0
605399 0 0
622360 0 0
639796 0 0
657721 0 0
676147 0 0
695091 0.998744 0.998744
714565 0 0
734584 0.4527 0.4527
755164 0 0
776321 0.165486 0.165486
798071 0.162726 0.162726
820430 0 0
843415 0 0
867045 0 0
891336 0 0
916308 0 0
941979 0 0
968370 0 0
995500 0 0
1.02339e+06 0 0
1.05206e+06 0 0
1.08154e+06 0 0
1.11184e+06 0 0
1.14299e+06 0 0
1.17501e+06 0 0
1.20793e+06 0 0
1.24177e+06 0.212373 0.212373
1.27656e+06 0 0
1.31233e+06 0 0
1.34909e+06 0 0
1.38689e+06 0 0
1.42574e+06 0 0
1.46569e+06 0 0
1.50675e+06 1.00922 1.00922
1.54896e+06 0 0
1.59236e+06 0 0
1.63697e+06 0 0
1.68283e+06 4.4162 4.4162
1.72998e+06 0 0
1.77845e+06 0 0
1.82827e+06 0 0
1.8795e+06 0 0
1.93215e+06 0 0
1.98628e+06 0 0
2.04193e+06 0 0
2.09914e+06 0 0
2.15795e+06 0 0
2.21841e+06 0 0
2.28056e+06 0 0
2.34445e+06 0 0
2.41014e+06 0 0
2.47766e+06 0 0
2.54707e+06 0 0
2.61843e+06 0 0
2.69179e+06 0 0
2.76721e+06 0 0
2.84473e+06 0 0
2.92443e+06 0 0
3.00636e+06 0 0
3.09059e+06 0.256947 0.256947
3.17718e+06 0 0
3.26619e+06 0 0
3.3577e+06 0 0
3.45177e+06 0 0
3.54847e+06 0 0
3.64789e+06 0 0
3.75009e+06 0 0
3.85515e+06 0 0
3.96316e+06 0 0
4.07419e+06 0.165759 0.165759
4.18834e+06 0 0
4.30568e+06 0 0
4.42631e+06 0.228197 0.228197
4.55031e+06 0 0
4.6778e+06 0 0
4.80885e+06 0 0
4.94358e+06 0 0
5.08208e+06 0 0
5.22446e+06 0.150347 0.150347
5.37083e+06 0 0
5.5213e+06 0 0
5.67599e+06 0 0
5.83501e+06 0 0
5.99848e+06 0 0
6.16654e+06 0 0
6.3393e+06 0 0
6.51691e+06 0 0
6.69949e+06 0 0
6.88718e+06 0 0
7.08013e+06 0 0
7.27849e+06 0 0
7.48241e+06 0 0
7.69204e+06 0 0
7.90754e+06 0 0
8.12908e+06 0 0
8.35683e+06 0 0
8.59096e+06 0 0
8.83164e+06 1.05685 0.924228
9.07907e+06 0 0
9.33343e+06 0 0
9.59492e+06 0 0
9.86374e+06 0 0
