1.01401e-05 427.239 46.6296
1.04242e-05 418.774 45.6576
1.07162e-05 391.784 32.674
1.10164e-05 483.178 50.959
1.13251e-05 408.453 36.1691
1.16424e-05 386.381 32.1551
1.19685e-05 488.352 45.1844
1.23039e-05 484.285 46.9928
1.26486e-05 458.882 41.321
1.30029e-05 491.141 42.0116
1.33672e-05 530.527 47.0642
1.37417e-05 532.765 51.2335
1.41267e-05 494.371 40.608
1.45225e-05 496.981 38.0774
1.49294e-05 578.426 50.7816
1.53476e-05 617.308 52.256
1.57776e-05 634.651 51.7053
1.62196e-05 628.81 49.2658
1.66741e-05 719.259 55.6696
1.71412e-05 545.448 34.9435
1.76214e-05 725.867 57.6688
1.81151e-05 673.252 48.8744
1.86226e-05 767.287 58.1529
1.91444e-05 753.824 52.8506
1.96807e-05 794.864 59.5083
2.02321e-05 670.1 41.0145
2.0799e-05 717.524 47.136
2.13817e-05 772.338 47.6982
2.19807e-05 914.234 59.717
2.25965e-05 920.316 62.829
2.32296e-05 886.612 65.2898
2.38804e-05 917.568 55.6995
2.45494e-05 915.686 57.5705
2.52372e-05 965.536 60.6301
2.59443e-05 883.819 52.8201
2.66711e-05 984.833 58.5482
2.74184e-05 1049.12 66.6236
2.81865e-05 1082.17 63.2583
2.89762e-05 1094.28 60.6543
2.9788e-05 1134.47 71.5604
3.06226e-05 1064.73 63.1146
3.14805e-05 1328.8 74.9669
3.23625e-05 1141.23 64.721
3.32691e-05 1132.27 67.0603
3.42012e-05 1235.29 67.1841
3.51594e-05 1287.4 63.9174
3.61444e-05 1394.28 70.4883
3.71571e-05 1470.69 81.6464
3.81981e-05 1294.03 62.399
3.92682e-05 1604.09 87.0614
4.03684e-05 1521.77 84.9304
4.14994e-05 1574.19 78.4157
4.2662e-05 1511.75 74.2463
4.38573e-05 1696.12 84.3723
4.5086e-05 1725.65 85.865
4.63491e-05 1784.99 85.7528
4.76476e-05 1745.89 79.8812
4.89826e-05 1823.1 83.0709
5.03549e-05 1763.12 75.0784
5.17656e-05 1981.47 91.1355
5.32159e-05 1794.94 76.11
5.47068e-05 1920.61 85.3425
5.62395e-05 2172.8 95.4292
5.78151e-05 2100.7 90.7861
5.94349e-05 2307.75 95.7969
6.11e-05 2174.33 82.5725
6.28118e-05 2461.31 103.871
6.45716e-05 2473.51 97.7778
6.63806e-05 2569.98 110.349
6.82404e-05 2723.45 106.369
7.01522e-05 2624.78 102.615
7.21176e-05 2643.16 100.913
7.41381e-05 2862.8 108.927
7.62152e-05 2674.55 98.6351
7.83504e-05 2840.43 102.141
8.05455e-05 2873.24 99.1179
8.28021e-05 2894.25 105.014
8.51219e-05 3084.69 102.237
8.75067e-05 3124.9 110.16
8.99583e-05 3371.05 108.788
9.24786e-05 3424.19 114.943
9.50696e-05 3569.27 115.265
9.7733e-05 3797.94 124.827
0.000100471 3837.77 125.447
0.000103286 3754.49 123.507
0.00010618 3933.86 118.901
0.000109154 3966.74 124.537
0.000112213 4091.41 126.174
0.000115356 4364.41 131.931
0.000118588 4636.61 135.78
0.000121911 4374.77 125.861
0.000125326 4899.83 146.923
0.000128837 4867.27 139.266
0.000132447 5003.94 143.77
0.000136157 4994.07 140.295
0.000139972 5085.28 137.657
0.000143894 5446.98 150.701
0.000147925 5420.21 143.021
0.000152069 5556.5 145.864
0.00015633 5631.16 139.535
0.000160709 6122.05 153.896
0.000165212 5882.66 152.171
0.000169841 6385.24 157.904
0.000174599 6290.43 149.606
0.00017949 6611.76 160.195
0.000184519 6702.08 158.854
0.000189689 6975.17 162.383
0.000195003 7302.12 164.154
0.000200466 6980.12 156.406
0.000206083 7575.41 173.355
0.000211856 7833.84 174.124
0.000217792 7885.29 170.834
0.000223893 8605.33 192.297
0.000230166 8729.56 187.635
0.000236615 8945.18 190.031
0.000243244 8730.61 178.583
0.000250058 9215.9 183.007
0.000257064 8987.07 175.254
0.000264266 9887.92 200.278
0.00027167 9988.23 189.02
0.000279281 10200.2 195.129
0.000287105 10910.7 208.425
0.000295149 10870.5 202.991
0.000303418 11155.6 206.603
0.000311919 10872 195.588
0.000320658 11728.9 214.882
0.000329641 12405.8 225.956
0.000338876 12585.7 228.656
0.000348371 12841.1 222.704
0.000358131 13065 225.454
0.000368164 13146.1 220.193
0.000378479 14116.3 232.98
0.000389082 14194.4 230.977
0.000399983 14643.8 240.29
0.000411189 15446.8 246.94
0.000422709 15808.7 247.116
0.000434552 15510.7 238.521
0.000446726 16280.1 248.251
0.000459242 17216.3 264.808
0.000472108 17348.2 256.411
0.000485335 17594.9 253.008
0.000498932 18425.1 266.683
0.00051291 18211.4 256.728
0.00052728 19421.6 274.742
0.000542053 20205.3 282.771
0.000557239 19711.8 270.367
0.000572851 21070.1 285.213
0.0005889 21243.8 290.153
0.000605399 21882.6 287.253
0.00062236 22766.7 298.566
0.000639796 23513.5 306.537
0.000657721 23984.1 302.687
0.000676147 24887.8 312.722
0.000695091 24651.2 301.902
0.000714565 25880.9 314.84
0.000734584 26734.9 320.618
0.000755164 27521.7 326.59
0.000776321 27771.3 324.145
0.000798071 28111.8 321.892
0.00082043 29313.1 335.271
0.000843415 30245.2 343.34
0.000867045 31946.2 355.722
0.000891336 32331.5 352.778
0.000916308 32506.7 352.22
0.000941979 33747.5 360.186
0.00096837 33942.8 358.916
0.0009955 35968.4 374.404
0.00102339 36962.8 376.779
0.00105206 37699.6 379.993
0.00108154 38828.2 385.152
0.00111184 39250.8 378.664
0.00114299 41233.3 397.219
0.00117501 41348.3 393.252
0.00120793 42445.5 402.278
0.00124177 43624.8 407.385
0.00127656 44625.3 410.214
0.00131233 46727.3 431.238
0.00134909 47456.2 428.094
0.00138689 49266.1 429.839
0.00142574 49870.9 434.156
0.00146569 52256.8 455.862
0.00150675 53078.7 454.335
0.00154896 54231.3 456.866
0.00159236 55514.6 459.16
0.00163697 56836.5 464.954
0.00168283 59292.8 479.752
0.00172998 60765.8 488.194
0.00177845 61489.2 485.371
0.00182827 63081.1 491.063
0.0018795 65287.5 499.56
0.00193215 66589.7 506.602
0.00198628 68373.3 510.901
0.00204193 70716 522.863
0.00209914 72859.9 536.106
0.00215795 74899.1 538.793
0.00221841 76679.3 552.678
0.00228056 78555 551.702
0.00234445 78435 530.986
0.00241014 82345.3 563.529
0.00247766 83120.1 557.224
0.00254707 85674.8 576.705
0.00261843 87727 575.102
0.00269179 90261.7 585.742
0.00276721 92433.4 591.999
0.00284473 93432 591.155
0.00292443 97443.4 609.059
0.00300636 99388.9 623.841
0.00309059 101541 625.037
0.00317718 104005 627.354
0.00326619 107737 649.13
0.0033577 110351 651.903
0.00345177 112586 661.342
0.00354847 114845 660.517
0.00364789 118058 675.327
0.00375009 120407 679.403
0.00385515 123036 685.282
0.00396316 126261 697.729
0.00407419 128964 697.798
0.00418834 132160 710.674
0.00430568 134308 708.885
0.00442631 138184 720.525
0.00455031 140664 732.615
0.0046778 145844 749.616
0.00480885 147699 748.61
0.00494358 152120 768.45
0.00508208 154515 767.399
0.00522446 158718 778.536
0.00537083 162235 787.818
0.0055213 166280 797.067
0.00567599 168427 796.129
0.00583501 172160 809.364
0.00599848 176972 826.411
0.00616654 178854 820.719
0.0063393 183031 835.224
0.00651691 189219 854.413
0.00669949 190286 847.019
0.00688718 193391 854.168
0.00708013 198021 866.181
0.00727849 202591 875.603
0.00748241 207828 890.684
0.00769204 210768 896.569
0.00790754 214997 902.041
0.00812908 220387 924.131
0.00835683 223361 922.436
0.00859096 225552 918.228
0.00883164 232952 943.77
0.00907907 235916 941.019
0.00933343 240668 962.032
0.00959492 244165 967.14
0.00986374 249122 978.237
0.0101401 251799 976.929
0.0104242 257514 990.175
0.0107162 261358 997.19
0.0110164 264676 1002.85
0.0113251 270131 1021.3
0.0116424 273671 1022.04
0.0119685 278634 1034.02
0.0123039 281596 1038.6
0.0126486 285670 1049.11
0.0130029 290601 1053.46
0.0133672 291881 1047.53
0.0137417 298069 1068.88
0.0141267 300885 1072.24
0.0145225 303983 1079
0.0149294 307439 1079.35
0.0153476 312329 1094.39
0.0157776 314951 1095.77
0.0162196 319033 1106.42
0.0166741 321892 1112.35
0.0171412 321699 1101.14
0.0176214 327596 1120.85
0.0181151 327166 1106.24
0.0186226 329980 1120.78
0.0191444 333364 1125.07
0.0196807 336020 1130.32
0.0202321 336416 1124.32
0.020799 339136 1136.55
0.0213817 341417 1142.23
0.0219807 343520 1144.25
0.0225965 343205 1143.68
0.0232296 342882 1142.54
0.0238804 346206 1154.73
0.0245494 345122 1149.74
0.0252372 347239 1155.05
0.0259443 344559 1149.92
0.0266711 343109 1140.94
0.0274184 344657 1146.68
0.0281865 341969 1139.68
0.0289762 341118 1136.8
0.029788 342219 1152.33
0.0306226 339299 1142.39
0.0314805 335952 1130.89
0.0323625 333818 1131.57
0.0332691 329762 1118.99
0.0342012 327518 1115.74
0.0351594 323308 1110.64
0.0361444 319378 1101.14
0.0371571 315797 1095.74
0.0381981 312773 1097.95
0.0392682 306165 1076.58
0.0403684 301885 1073.53
0.0414994 297635 1070.65
0.042662 292542 1060.31
0.0438573 285886 1044.29
0.045086 279614 1031.14
0.0463491 272478 1014.07
0.0476476 266107 1008.5
0.0489826 261881 1000.11
0.0503549 252866 980.239
0.0517656 246794 965.626
0.0532159 239951 957.707
0.0547068 232587 947.403
0.0562395 223721 923.025
0.0578151 216729 905.704
0.0594349 209008 895.091
0.0611 201035 880.803
0.0628118 193129 858.979
0.0645716 184650 841.867
0.0663806 177221 825.432
0.0682404 167584 797.132
0.0701522 161196 786.663
0.0721176 151388 747.931
0.0741381 145236 746.424
0.0762152 136414 718.332
0.0783504 129424 702.516
0.0805455 122414 687.976
0.0828021 115401 668.558
0.0851219 108121 642.786
0.0875067 102269 634.352
0.0899583 93824.7 595.911
0.0924786 87337 573.73
0.0950696 81260.2 565.605
0.097733 74357.6 533.904
0.100471 69825.8 520.375
0.103286 63126.6 492.351
0.10618 57740 468.459
0.109154 52404.6 444.558
0.112213 47766.4 426.586
0.115356 43326.5 402.141
0.118588 39548.1 390.625
0.121911 36454.1 380.357
0.125326 31782.2 351.464
0.128837 28499.1 322.068
0.132447 25111.2 307.027
0.136157 22582.8 293.506
0.139972 20007.1 281.497
0.143894 17500.4 261.517
0.147925 15404.9 245.351
0.152069 13330 227.238
0.15633 11742.1 211.035
0.160709 10049.1 199.84
0.165212 8347.92 175.452
0.169841 7144.33 157.46
0.174599 6323.92 153.698
0.17949 5250.21 137.438
0.184519 4379.59 126.283
0.189689 3557.01 116.636
0.195003 2912.82 98.9603
0.200466 2579.37 100.716
0.206083 2088.01 90.2745
0.211856 1682.34 77.2956
0.217792 1276.49 66.0064
0.223893 1098.41 61.8124
0.230166 937.412 66.3611
0.236615 662.077 46.7774
0.243244 494.462 40.3777
0.250058 451.648 44.8105
0.257064 274.474 26.3541
0.264266 260.984 35.4019
0.27167 163.481 22.2769
0.279281 141.749 23.2111
0.287105 94.719 14.5368
0.295149 73.3001 14.2946
0.303418 60.6569 11.2308
0.311919 33.4049 8.47401
0.320658 37.4317 10.9921
0.329641 19.5684 7.46726
0.338876 24.2428 9.0627
0.348371 6.95108 2.77352
0.358131 2.42891 1.01824
0.368164 1.82058 0.801899
0.378479 5.12566 3.25072
0.389082 1.14992 0.592634
0.399983 1.25567 0.796898
0.411189 1.49857 1.49857
0.422709 0 0
0.434552 0 0
0.446726 0 0
0.459242 0 0
0.472108 0 0
0.485335 0 0
0.498932 0 0
0.51291 0 0
0.52728 0 0
0.542053 0 0
0.557239 0 0
0.572851 0 0
0.5889 0 0
0.605399 0 0
0.62236 0 0
0.639796 0 0
0.657721 0 0
0.676147 0 0
0.695091 0 0
0.714565 0 0
0.734584 0 0
0.755164 0 0
0.776321 0 0
0.798071 0 0
0.82043 0 0
0.843415 0 0
0.867045 0 0
0.891336 0 0
0.916308 0 0
0.941979 0 0
0.96837 0 0
0.9955 0 0
1.02339 0 0
1.05206 0 0
1.08154 0 0
1.11184 0 0
1.14299 0 0
1.17501 0 0
1.20793 0 0
1.24177 0 0
1.27656 0 0
1.31233 0 0
1.34909 0 0
1.38689 0 0
1.42574 0 0
1.46569 0 0
1.50675 0 0
1.54896 0 0
1.59236 0 0
1.63697 0 0
1.68283 0 0
1.72998 0 0
1.77845 0 0
1.82827 0 0
1.8795 0 0
1.93215 0 0
1.98628 0 0
2.04193 0 0
2.09914 0 0
2.15795 0 0
2.21841 0 0
2.28056 0 0
2.34445 0 0
2.41014 0 0
2.47766 0 0
2.54707 0 0
2.61843 0 0
2.69179 0 0
2.76721 0 0
2.84473 0 0
2.92443 0 0
3.00636 0 0
3.09059 0 0
3.17718 0 0
3.26619 0 0
3.3577 0 0
3.45177 0 0
3.54847 0 0
3.64789 0 0
3.75009 0 0
3.85515 0 0
3.96316 0 0
4.07419 0 0
4.18834 0 0
4.30568 0 0
4.42631 0 0
4.55031 0 0
4.6778 0 0
4.80885 0 0
4.94358 0 0
5.08208 0 0
5.22446 0 0
5.37083 0 0
5.5213 0 0
5.67599 0 0
5.83501 0 0
5.99848 0 0
6.16654 0 0
6.3393 0 0
6.51691 0 0
6.69949 0 0
6.88718 0 0
7.08013 0 0
7.27849 0 0
7.48241 0 0
7.69204 0 0
7.90754 0 0
8.12908 0 0
8.35683 0 0
8.59096 0 0
8.83164 0 0
9.07907 0 0
9.33343 0 0
9.59492 0 0
9.86374 0 0
10.1401 0 0
10.4242 0 0
10.7162 0 0
11.0164 0 0
11.3251 0 0
11.6424 0 0
11.9685 0 0
12.3039 0 0
12.6486 0 0
13.0029 0 0
13.3672 0 0
13.7417 0 0
14.1267 0 0
14.5225 0 0
14.9294 0 0
15.3476 0 0
15.7776 0 0
16.2196 0 0
16.6741 0 0
17.1412 0 0
17.6214 0 0
18.1151 0 0
18.6226 0 0
19.1444 0 0
19.6807 0 0
20.2321 0 0
20.799 0 0
21.3817 0 0
21.9807 0 0
22.5965 0 0
23.2296 0 0
23.8804 0 0
24.5494 0 0
25.2372 0 0
25.9443 0 0
26.6711 0 0
27.4184 0 0
28.1865 0 0
28.9762 0 0
29.788 0 0
30.6226 0 0
31.4805 0 0
32.3625 0 0
33.2691 0 0
34.2012 0 0
35.1594 0 0
36.1444 0 0
37.1571 0 0
38.1981 0 0
39.2682 0 0
40.3684 0 0
41.4994 0 0
42.662 0 0
43.8573 0 0
45.086 0 0
46.3491 0 0
47.6476 0 0
48.9826 0 0
50.3549 0 0
51.7656 0 0
53.2159 0 0
54.7068 0 0
56.2395 0 0
57.8151 0 0
59.4349 0 0
61.1 0 0
62.8118 0 0
64.5716 0 0
66.3806 0 0
68.2404 0 0
70.1522 0 0
72.1176 0 0
74.1381 0 0
76.2152 0 0
78.3504 0 0
80.5455 0 0
82.8021 0 0
85.1219 0 0
87.5067 0 0
89.9583 0 0
92.4786 0 0
95.0696 0 0
97.733 0 0
100.471 0 0
103.286 0 0
106.18 0 0
109.154 0 0
112.213 0 0
115.356 0 0
118.588 0 0
121.911 0 0
125.326 0 0
128.837 0 0
132.447 0 0
136.157 0 0
139.972 0 0
143.894 0 0
147.925 0 0
152.069 0 0
156.33 0 0
160.709 0 0
165.212 0 0
169.841 0 0
174.599 0 0
179.49 0 0
184.519 0 0
189.689 0 0
195.003 0 0
200.466 0 0
206.083 0 0
211.856 0 0
217.792 0 0
223.893 0 0
230.166 0 0
236.615 0 0
243.244 0 0
250.058 0 0
257.064 0 0
264.266 0 0
271.67 0 0
279.281 0 0
287.105 0 0
295.149 0 0
303.418 0 0
311.919 0 0
320.658 0 0
329.641 0 0
338.876 0 0
348.371 0 0
358.131 0 0
368.164 0 0
378.479 0 0
389.082 0 0
399.983 0 0
411.189 0 0
422.709 0 0
434.552 0 0
446.726 0 0
459.242 0 0
472.108 0 0
485.335 0 0
498.932 0 0
512.91 0 0
527.28 0 0
542.053 0 0
557.239 0 0
572.851 0 0
588.9 0 0
605.399 0 0
622.36 0 0
639.796 0 0
657.721 0 0
676.147 0 0
695.091 0 0
714.565 0 0
734.584 0 0
755.164 0 0
776.321 0 0
798.071 0 0
820.43 0 0
843.415 0 0
867.045 0 0
891.336 0 0
916.308 0 0
941.979 0 0
968.37 0 0
995.5 0 0
1023.39 0 0
1052.06 0 0
1081.54 0 0
1111.84 0 0
1142.99 0 0
1175.01 0 0
1207.93 0 0
1241.77 0 0
1276.56 0 0
1312.33 0 0
1349.09 0 0
1386.89 0 0
1425.74 0 0
1465.69 0 0
1506.75 0 0
1548.96 0 0
1592.36 0 0
1636.97 0 0
1682.83 0 0
1729.98 0 0
1778.45 0 0
1828.27 0 0
1879.5 0 0
1932.15 0 0
1986.28 0 0
2041.93 0 0
2099.14 0 0
2157.95 0 0
2218.41 0 0
2280.56 0 0
2344.45 0 0
2410.14 0 0
2477.66 0 0
2547.07 0 0
2618.43 0 0
2691.79 0 0
2767.21 0 0
2844.73 0 0
2924.43 0 0
3006.36 0 0
3090.59 0 0
3177.18 0 0
3266.19 0 0
3357.7 0 0
3451.77 0 0
3548.47 0 0
3647.89 0 0
3750.09 0 0
3855.15 0 0
3963.16 0 0
4074.19 0 0
4188.34 0 0
4305.68 0 0
4426.31 0 0
4550.31 0 0
4677.8 0 0
4808.85 0 0
4943.58 0 0
5082.08 0 0
5224.46 0 0
5370.83 0 0
5521.3 0 0
5675.99 0 0
5835.01 0 0
5998.48 0 0
6166.54 0 0
6339.3 0 0
6516.91 0 0
6699.49 0 0
6887.18 0 0
7080.13 0 0
7278.49 0 0
7482.41 0 0
7692.04 0 0
7907.54 0 0
8129.08 0 0
8356.83 0 0
8590.96 0 0
8831.64 0 0
9079.07 0 0
9333.43 0 0
9594.92 0 0
9863.74 0 0
10140.1 0 0
10424.2 0 0
10716.2 0 0
11016.4 0 0
11325.1 0 0
11642.4 0 0
11968.5 0 0
12303.9 0 0
12648.6 0 0
13002.9 0 0
13367.2 0 0
13741.7 0 0
14126.7 0 0
14522.5 0 0
14929.4 0 0
15347.6 0 0
15777.6 0 0
16219.6 0 0
16674.1 0 0
17141.2 0 0
17621.4 0 0
18115.1 0 0
18622.6 0 0
19144.4 0 0
19680.7 0 0
20232.1 0 0
20799 0 0
21381.7 0 0
21980.7 0 0
22596.5 0 0
23229.6 0 0
23880.4 0 0
24549.4 0 0
25237.2 0 0
25944.3 0 0
26671.1 0 0
27418.4 0 0
28186.5 0 0
28976.2 0 0
29788 0 0
30622.6 0 0
31480.5 0 0
32362.5 0 0
33269.1 0 0
34201.2 0 0
35159.4 0 0
36144.4 0 0
37157.1 0 0
38198.1 0 0
39268.2 0 0
40368.4 0 0
41499.4 0 0
42662 0 0
43857.3 0 0
45086 0 0
46349.1 0 0
47647.6 0 0
48982.6 0 0
50354.9 0 0
51765.6 0 0
53215.9 0 0
54706.8 0 0
56239.5 0 0
57815.1 0 0
59434.9 0 0
61100 0 0
62811.8 0 0
64571.6 0 0
66380.6 0 0
68240.4 0 0
70152.2 0 0
72117.6 0 0
74138.1 0 0
76215.2 0 0
78350.4 0 0
80545.5 0 0
82802.1 0 0
85121.9 0 0
87506.7 0 0
89958.3 0 0
92478.6 0 0
95069.6 0 0
97733 0 0
100471 0 0
103286 0 0
106180 0 0
109154 0 0
112213 0 0
115356 0 0
118588 0 0
121911 0 0
125326 0 0
128837 0 0
132447 0 0
136157 0 0
139972 0 0
143894 0 0
147925 0 0
152069 0 0
156330 0 0
160709 0 0
165212 0 0
169841 0 0
174599 0 0
179490 0 0
184519 0 0
189689 0 0
195003 0 0
200466 0 0
206083 0 0
211856 0 0
217792 0 0
223893 0 0
230166 0 0
236615 0 0
243244 0 0
250058 0 0
257064 0 0
264266 0 0
271670 0 0
279281 0 0
287105 0 0
295149 0 0
303418 0 0
311919 0 0
320658 0 0
329641 0 0
338876 0 0
348371 0 0
358131 0 0
368164 0 0
378479 0 0
389082 0 0
399983 0 0
411189 0 0
422709 0 0
434552 0 0
446726 0 0
459242 0 0
472108 0 0
485335 0 0
498932 0 0
512910 0 0
527280 0 0
542053 0 0
557239 0 0
572851 0 0
588900 0 0
605399 0 0
622360 0 0
639796 0 0
657721 0 0
676147 0 0
695091 0 0
714565 0 0
734584 0 0
755164 0 0
776321 0 0
798071 0 0
820430 0 0
843415 0 0
867045 0 0
891336 0 0
916308 0 0
941979 0 0
968370 0 0
995500 0 0
1.02339e+06 0 0
1.05206e+06 0 0
1.08154e+06 0 0
1.11184e+06 0 0
1.14299e+06 0 0
1.17501e+06 0 0
1.20793e+06 0 0
1.24177e+06 0 0
1.27656e+06 0 0
1.31233e+06 0 0
1.34909e+06 0 0
1.38689e+06 0 0
1.42574e+06 0 0
1.46569e+06 0 0
1.50675e+06 0 0
1.54896e+06 0 0
1.59236e+06 0 0
1.63697e+06 0 0
1.68283e+06 0 0
1.72998e+06 0 0
1.77845e+06 0 0
1.82827e+06 0 0
1.8795e+06 0 0
1.93215e+06 0 0
1.98628e+06 0 0
2.04193e+06 0 0
2.09914e+06 0 0
2.15795e+06 0 0
2.21841e+06 0 0
2.28056e+06 0 0
2.34445e+06 0 0
2.41014e+06 0 0
2.47766e+06 0 0
2.54707e+06 0 0
2.61843e+06 0 0
2.69179e+06 0 0
2.76721e+06 0 0
2.84473e+06 0 0
2.92443e+06 0 0
3.00636e+06 0 0
3.09059e+06 0 0
3.17718e+06 0 0
3.26619e+06 0 0
3.3577e+06 0 0
3.45177e+06 0 0
3.54847e+06 0 0
3.64789e+06 0 0
3.75009e+06 0 0
3.85515e+06 0 0
3.96316e+06 0 0
4.07419e+06 0 0
4.18834e+06 0 0
4.30568e+06 0 0
4.42631e+06 0 0
4.55031e+06 0 0
4.6778e+06 0 0
4.80885e+06 0 0
4.94358e+06 0 0
5.08208e+06 0 0
5.22446e+06 0 0
5.37083e+06 0 0
5.5213e+06 0 0
5.67599e+06 0 0
5.83501e+06 0 0
5.99848e+06 0 0
6.16654e+06 0 0
6.3393e+06 0 0
6.51691e+06 0 0
6.69949e+06 0 0
6.88718e+06 0 0
7.08013e+06 0 0
7.27849e+06 0 0
7.48241e+06 0 0
7.69204e+06 0 0
7.90754e+06 0 0
8.12908e+06 0 0
8.35683e+06 0 0
8.59096e+06 0 0
8.83164e+06 0 0
9.07907e+06 0 0
9.33343e+06 0 0
9.59492e+06 0 0
9.86374e+06 0 0
