1.01401e-05 0 0
1.04242e-05 0 0
1.07162e-05 0 0
1.10164e-05 0 0
1.13251e-05 0 0
1.16424e-05 0 0
1.19685e-05 0 0
1.23039e-05 0 0
1.26486e-05 0 0
1.30029e-05 0 0
1.33672e-05 0 0
1.37417e-05 0 0
1.41267e-05 0 0
1.45225e-05 0 0
1.49294e-05 0 0
1.53476e-05 0 0
1.57776e-05 0 0
1.62196e-05 0 0
1.66741e-05 0 0
1.71412e-05 0 0
1.76214e-05 0 0
1.81151e-05 0 0
1.86226e-05 0 0
1.91444e-05 0 0
1.96807e-05 0 0
2.02321e-05 0 0
2.0799e-05 0 0
2.13817e-05 0 0
2.19807e-05 0 0
2.25965e-05 0 0
2.32296e-05 0 0
2.38804e-05 0 0
2.45494e-05 0 0
2.52372e-05 0 0
2.59443e-05 0 0
2.66711e-05 0 0
2.74184e-05 0 0
2.81865e-05 0 0
2.89762e-05 0 0
2.9788e-05 0 0
3.06226e-05 0 0
3.14805e-05 0 0
3.23625e-05 0 0
3.32691e-05 0 0
3.42012e-05 0 0
3.51594e-05 0 0
3.61444e-05 0 0
3.71571e-05 0 0
3.81981e-05 0 0
3.92682e-05 0 0
4.03684e-05 0 0
4.14994e-05 0 0
4.2662e-05 0 0
4.38573e-05 0 0
4.5086e-05 0 0
4.63491e-05 0 0
4.76476e-05 0 0
4.89826e-05 0 0
5.03549e-05 0 0
5.17656e-05 0 0
5.32159e-05 0 0
5.47068e-05 0 0
5.62395e-05 0 0
5.78151e-05 0 0
5.94349e-05 0 0
6.11e-05 0 0
6.28118e-05 0 0
6.45716e-05 0 0
6.63806e-05 0 0
6.82404e-05 0 0
7.01522e-05 0 0
7.21176e-05 0 0
7.41381e-05 0 0
7.62152e-05 0 0
7.83504e-05 0 0
8.05455e-05 0 0
8.28021e-05 0 0
8.51219e-05 0 0
8.75067e-05 0 0
8.99583e-05 0 0
9.24786e-05 0 0
9.50696e-05 0 0
9.7733e-05 0 0
0.000100471 0 0
0.000103286 0 0
0.00010618 0 0
0.000109154 0 0
0.000112213 0 0
0.000115356 0 0
0.000118588 0 0
0.000121911 0 0
0.000125326 0 0
0.000128837 0 0
0.000132447 0 0
0.000136157 0 0
0.000139972 0 0
0.000143894 0 0
0.000147925 0 0
0.000152069 0 0
0.00015633 0 0
0.000160709 0 0
0.000165212 0 0
0.000169841 0 0
0.000174599 0 0
0.00017949 0 0
0.000184519 0 0
0.000189689 0 0
0.000195003 0 0
0.000200466 0 0
0.000206083 0 0
0.000211856 0 0
0.000217792 0 0
0.000223893 0 0
0.000230166 0 0
0.000236615 0 0
0.000243244 0 0
0.000250058 0 0
0.000257064 0 0
0.000264266 0 0
0.00027167 0 0
0.000279281 0 0
0.000287105 0 0
0.000295149 0 0
0.000303418 0 0
0.000311919 0 0
0.000320658 0 0
0.000329641 0 0
0.000338876 0 0
0.000348371 0 0
0.000358131 0 0
0.000368164 0 0
0.000378479 0 0
0.000389082 0 0
0.000399983 0 0
0.000411189 0 0
0.000422709 0 0
0.000434552 0 0
0.000446726 0 0
0.000459242 0 0
0.000472108 0 0
0.000485335 0 0
0.000498932 0 0
0.00051291 0 0
0.00052728 0 0
0.000542053 0 0
0.000557239 0 0
0.000572851 0 0
0.0005889 0 0
0.000605399 0 0
0.00062236 0 0
0.000639796 0 0
0.000657721 0 0
0.000676147 0 0
0.000695091 0 0
0.000714565 0 0
0.000734584 0 0
0.000755164 0 0
0.000776321 0 0
0.000798071 0 0
0.00082043 0 0
0.000843415 0 0
0.000867045 0 0
0.000891336 0 0
0.000916308 0 0
0.000941979 0 0
0.00096837 0 0
0.0009955 0 0
0.00102339 0 0
0.00105206 0 0
0.00108154 0 0
0.00111184 0 0
0.00114299 0 0
0.00117501 0 0
0.00120793 0 0
0.00124177 0 0
0.00127656 0 0
0.00131233 0 0
0.00134909 0 0
0.00138689 0 0
0.00142574 0 0
0.00146569 0 0
0.00150675 0 0
0.00154896 0 0
0.00159236 0 0
0.00163697 0 0
0.00168283 0 0
0.00172998 0 0
0.00177845 0 0
0.00182827 0 0
0.0018795 0 0
0.00193215 0 0
0.00198628 0 0
0.00204193 0 0
0.00209914 0 0
0.00215795 0 0
0.00221841 0 0
0.00228056 0 0
0.00234445 0 0
0.00241014 0 0
0.00247766 0 0
0.00254707 0 0
0.00261843 0 0
0.00269179 0 0
0.00276721 0 0
0.00284473 0 0
0.00292443 0 0
0.00300636 0 0
0.00309059 0 0
0.00317718 0 0
0.00326619 0 0
0.0033577 0 0
0.00345177 0 0
0.00354847 0 0
0.00364789 0 0
0.00375009 0 0
0.00385515 0 0
0.00396316 0 0
0.00407419 0 0
0.00418834 0 0
0.00430568 0 0
0.00442631 0 0
0.00455031 0 0
0.0046778 0 0
0.00480885 0 0
0.00494358 0 0
0.00508208 0 0
0.00522446 0 0
0.00537083 0 0
0.0055213 0 0
0.00567599 0 0
0.00583501 0 0
0.00599848 0 0
0.00616654 0 0
0.0063393 0 0
0.00651691 0 0
0.00669949 0 0
0.00688718 0 0
0.00708013 0 0
0.00727849 0 0
0.00748241 0 0
0.00769204 0 0
0.00790754 0 0
0.00812908 0 0
0.00835683 0 0
0.00859096 0 0
0.00883164 0 0
0.00907907 0 0
0.00933343 0 0
0.00959492 0 0
0.00986374 0 0
0.0101401 0 0
0.0104242 0 0
0.0107162 0 0
0.0110164 0 0
0.0113251 0 0
0.0116424 0 0
0.0119685 0 0
0.0123039 0 0
0.0126486 0 0
0.0130029 0 0
0.0133672 0 0
0.0137417 0 0
0.0141267 0 0
0.0145225 0 0
0.0149294 0 0
0.0153476 0 0
0.0157776 0 0
0.0162196 0 0
0.0166741 0 0
0.0171412 0 0
0.0176214 0 0
0.0181151 0 0
0.0186226 0 0
0.0191444 0 0
0.0196807 0 0
0.0202321 0 0
0.020799 0 0
0.0213817 0 0
0.0219807 0 0
0.0225965 0 0
0.0232296 0 0
0.0238804 0 0
0.0245494 0 0
0.0252372 0 0
0.0259443 0 0
0.0266711 0 0
0.0274184 0 0
0.0281865 0 0
0.0289762 0 0
0.029788 0 0
0.0306226 0 0
0.0314805 0 0
0.0323625 0 0
0.0332691 0 0
0.0342012 0 0
0.0351594 0 0
0.0361444 0 0
0.0371571 0 0
0.0381981 0 0
0.0392682 0 0
0.0403684 0 0
0.0414994 0 0
0.042662 0 0
0.0438573 0 0
0.045086 0 0
0.0463491 0 0
0.0476476 0 0
0.0489826 0 0
0.0503549 0 0
0.0517656 0 0
0.0532159 0 0
0.0547068 0 0
0.0562395 0 0
0.0578151 0 0
0.0594349 0 0
0.0611 0 0
0.0628118 0 0
0.0645716 0 0
0.0663806 0 0
0.0682404 0 0
0.0701522 0 0
0.0721176 0 0
0.0741381 0 0
0.0762152 0 0
0.0783504 0 0
0.0805455 0 0
0.0828021 0 0
0.0851219 0 0
0.0875067 0 0
0.0899583 0 0
0.0924786 0 0
0.0950696 0 0
0.097733 0 0
0.100471 926300 1879.55
0.103286 901719 1856.19
0.10618 879136 1839.45
0.109154 855703 1811.51
0.112213 830439 1786.64
0.115356 808389 1763.51
0.118588 784578 1733.38
0.121911 763875 1703.86
0.125326 738700 1675.15
0.128837 722678 1656.65
0.132447 700373 1633.55
0.136157 683442 1616.56
0.139972 667120 1599.89
0.143894 647734 1577.49
0.147925 627445 1545.53
0.152069 609504 1517.75
0.15633 596068 1514.6
0.160709 576762 1487.44
0.165212 561340 1459.67
0.169841 547053 1442.14
0.174599 535463 1438.04
0.17949 519715 1414.5
0.184519 501536 1380.55
0.189689 489259 1368.03
0.195003 475727 1348.83
0.200466 463887 1334.22
0.206083 453574 1320.37
0.211856 439527 1298.11
0.217792 426802 1280.42
0.223893 415138 1261.92
0.230166 403565 1239.57
0.236615 394081 1226.46
0.243244 380800 1198.32
0.250058 371342 1189.81
0.257064 360687 1172.8
0.264266 350260 1150.1
0.27167 341479 1140.03
0.279281 331836 1121.91
0.287105 323113 1113.33
0.295149 314238 1093.41
0.303418 306164 1085.05
0.311919 296789 1064
0.320658 289173 1048.66
0.329641 281948 1035.97
0.338876 272888 1013.89
0.348371 267158 1003.33
0.358131 259607 998.051
0.368164 254021 988.182
0.378479 244519 962.786
0.389082 239532 960.835
0.399983 231825 939.293
0.411189 227276 935.654
0.422709 219749 916.056
0.434552 213940 904.138
0.446726 208230 894.103
0.459242 202337 881.931
0.472108 196140 862.245
0.485335 191902 856.83
0.498932 186213 840.042
0.51291 182384 835.447
0.52728 176259 822.267
0.542053 172741 817.453
0.557239 168031 803.098
0.572851 160513 779.483
0.5889 157089 775.444
0.605399 152626 759.886
0.62236 148755 751.163
0.639796 146255 747.138
0.657721 139899 724.844
0.676147 135765 708.274
0.695091 132578 703.121
0.714565 130656 706.02
0.734584 126454 692.37
0.755164 123437 689.907
0.776321 118984 669.775
0.798071 116485 661.873
0.82043 112929 657.158
0.843415 109783 650.96
0.867045 106919 637.199
0.891336 103547 625.003
0.916308 101011 621.821
0.941979 98053.9 611.915
0.96837 96010.6 600.928
0.9955 94267.9 604.546
1.02339 91188 593.216
1.05206 87669.4 575.364
1.08154 84926.6 565.988
1.11184 83336.8 569.151
1.14299 82419.9 563.716
1.17501 77856.6 537.361
1.20793 76254.2 536.486
1.24177 74112.3 529.344
1.27656 72872.6 531.704
1.31233 70670.4 521.122
1.34909 68945.8 511.431
1.38689 66917.1 506.854
1.42574 65658.3 501.008
1.46569 63962.5 499.811
1.50675 60868.8 478.755
1.54896 60514.4 483.286
1.59236 57927 467.499
1.63697 56995.9 469.327
1.68283 54300.1 446.124
1.72998 53504.5 449.358
1.77845 51392.7 433.98
1.82827 50705.9 447.743
1.8795 49341.9 433.975
1.93215 48393.2 427.129
1.98628 47020.4 427.807
2.04193 44832.7 406.013
2.09914 44105.5 406.72
2.15795 43227.9 406.843
2.21841 41871 396.514
2.28056 40752.3 392.46
2.34445 39645.2 387.706
2.41014 38809 389.598
2.47766 37421.9 383.273
2.54707 36851.4 379.321
2.61843 35783.6 370.935
2.69179 33932.3 356.125
2.76721 33650.8 355.322
2.84473 32436.2 349.95
2.92443 31951.4 351.981
3.00636 30764.7 337.334
3.09059 30283.4 343.224
3.17718 28948.9 330.873
3.26619 27944.3 323.02
3.3577 27553.9 324.141
3.45177 26370.3 314.709
3.54847 26185.4 313.21
3.64789 25475.7 312.181
3.75009 24638.1 304.338
3.85515 23861.9 293.98
3.96316 23672.8 302.885
4.07419 23464.6 302.99
4.18834 21972.3 292.111
4.30568 20963.7 276.092
4.42631 20901.9 289.1
4.55031 20032.7 272.84
4.6778 19621 271.591
4.80885 19048.1 267.191
4.94358 18556.1 261.602
5.08208 17715.7 256.226
5.22446 17758 261.029
5.37083 17270.1 254.516
5.5213 16721.5 251.058
5.67599 16126.8 245.545
5.83501 16289.7 258.639
5.99848 15562.3 240.64
6.16654 15048.7 233.806
6.3393 14319.1 228.944
6.51691 14303.5 235.212
6.69949 14087 237.649
6.88718 13479.5 226.651
7.08013 12421.8 210.617
7.27849 12825.9 219.915
7.48241 12325.6 220.634
7.69204 12236 221.029
7.90754 11413.1 206.558
8.12908 11316.8 203.754
8.35683 11005.8 201.12
8.59096 10432.1 191.446
8.83164 10320.5 200.267
9.07907 10397.5 204.119
9.33343 9959.64 192.786
9.59492 9738.35 194.107
9.86374 9166.95 180.71
10.1401 9084.33 185.349
10.4242 9221.16 198.101
10.7162 8827.75 186.141
11.0164 8264.4 172.294
11.3251 8048.08 170.658
11.6424 8419.32 182.661
11.9685 7734.49 171.381
12.3039 7434.93 172.034
12.6486 7257.54 161.675
13.0029 7165.09 166.406
13.3672 6892.03 162.459
13.7417 6491.9 152.171
14.1267 6583.14 159.576
14.5225 6485.55 157.596
14.9294 6158.81 150.261
15.3476 5969.57 153.653
15.7776 5951.87 147.948
16.2196 5622.43 145.174
16.6741 5405.37 143.375
17.1412 5386.44 146.389
17.6214 5048.62 137.147
18.1151 5061.75 134.64
18.6226 4864.99 132.357
19.1444 4952.57 140.29
19.6807 4945.91 145.534
20.2321 4512.92 125.05
20.799 4557.87 135.941
21.3817 4449.1 135.322
21.9807 4197.02 125.075
22.5965 4229.31 126.459
23.2296 3951.3 126.323
23.8804 3946.6 123.636
24.5494 3675.32 114.918
25.2372 3671.93 114.508
25.9443 3407.87 109.471
26.6711 3348.29 105.525
27.4184 3359.7 114.102
28.1865 3379.62 117.199
28.9762 3036.39 101.102
29.788 3152.59 113.649
30.6226 3310.45 121.449
31.4805 2842.33 106.3
32.3625 2770.29 99.5635
33.2691 2778.2 102.684
34.2012 2690.32 100.92
35.1594 2727.67 103.141
36.1444 2677.32 103.752
37.1571 2475.49 93.8101
38.1981 2470.95 101.129
39.2682 2426.06 96.9347
40.3684 2191.63 93.0831
41.4994 2117.14 82.0279
42.662 2315.07 98.9881
43.8573 2245.72 92.9874
45.086 2059.18 95.4427
46.3491 2129.15 99.5597
47.6476 2003.12 91.0627
48.9826 1862.54 82.0609
50.3549 1686.01 76.9039
51.7656 1887.24 94.1173
53.2159 1672.54 73.3571
54.7068 1532.85 68.807
56.2395 1529.67 69.5243
57.8151 1536.73 72.599
59.4349 1556.63 76.2585
61.1 1540.36 81.2667
62.8118 1409.61 65.2398
64.5716 1497.03 80.206
66.3806 1449.54 79.9378
68.2404 1341.47 72.4264
70.1522 1302.88 72.0443
72.1176 1314.75 72.4098
74.1381 1267.13 68.2169
76.2152 1150.14 63.1437
78.3504 1115.14 63.9438
80.5455 1185.33 68.9107
82.8021 1057.53 55.2109
85.1219 1043.7 58.4541
87.5067 1055.65 70.3022
89.9583 982.989 57.2087
92.4786 971.518 64.8653
95.0696 961.452 62.4563
97.733 1012.24 66.7794
100.471 898.548 55.815
103.286 955.573 65.3719
106.18 901.834 60.5827
109.154 870.993 54.944
112.213 887.355 58.1469
115.356 875.835 63.2253
118.588 725.074 43.582
121.911 761.396 55.547
125.326 731.782 54.2364
128.837 689.451 50.5559
132.447 759.641 57.9207
136.157 659.187 53.4749
139.972 680.522 55.6583
143.894 665.678 56.6475
147.925 669.106 50.9708
152.069 660.63 57.0159
156.33 538.758 38.7209
160.709 628.113 55.0986
165.212 558.28 42.0786
169.841 520.777 44.0325
174.599 489.648 46.1826
179.49 486.278 39.772
184.519 568.868 51.5541
189.689 434.129 30.575
195.003 515.091 47.8375
200.466 420.571 38.3317
206.083 525.86 47.5652
211.856 435.248 41.7777
217.792 386.319 36.5668
223.893 386.148 41.3652
230.166 373.197 32.8842
236.615 396.574 37.3665
243.244 433.685 49.5563
250.058 368.336 33.5463
257.064 434.269 45.8799
264.266 333.299 35.1639
271.67 353.676 33.996
279.281 325.868 38.327
287.105 233.972 23.5989
295.149 389.835 44.0957
303.418 281.878 29.8161
311.919 303.888 41.0413
320.658 265.506 38.5066
329.641 280.184 34.494
338.876 257.214 29.9025
348.371 221.164 22.4725
358.131 257.043 32.1307
368.164 256.782 28.3922
378.479 334.282 43.3366
389.082 254.37 33.6609
399.983 239.072 27.2355
411.189 271.042 42.8726
422.709 199.223 23.7168
434.552 188.34 23.6709
446.726 231.977 32.8282
459.242 191.757 21.017
472.108 249.573 36.7616
485.335 152.787 23.1064
498.932 151.818 15.7974
512.91 163.439 24.1047
527.28 145.164 18.0855
542.053 156.909 28.7792
557.239 204.899 33.9261
572.851 144.542 21.0176
588.9 140.444 22.0381
605.399 132.983 18.6878
622.36 133.798 19.086
639.796 135.51 23.9329
657.721 147.597 25.9048
676.147 144.074 25.8736
695.091 117.083 21.3181
714.565 159.709 27.1202
734.584 90.7159 10.5089
755.164 101.323 13.441
776.321 111.171 20.5512
798.071 113.041 20.4595
820.43 114.382 23.5145
843.415 75.83 20.1863
867.045 148.608 29.3348
891.336 119.665 24.1044
916.308 134.183 28.2838
941.979 117.734 22.2284
968.37 102.064 23.2611
995.5 94.1186 15.3907
1023.39 93.9213 17.1353
1052.06 70.7281 16.2141
1081.54 68.9075 13.7355
1111.84 75.7036 13.3288
1142.99 72.9629 13.1075
1175.01 63.1003 11.8176
1207.93 65.6405 12.0005
1241.77 52.4589 9.42835
1276.56 62.6176 14.6982
1312.33 39.6535 6.03981
1349.09 65.0511 12.0847
1386.89 74.4842 18.4395
1425.74 60.7048 11.3289
1465.69 69.1121 16.0131
1506.75 37.8002 6.03903
1548.96 46.6981 10.0071
1592.36 68.6299 17.6811
1636.97 71.0828 18.9116
1682.83 42.699 8.12941
1729.98 45.4472 8.43186
1778.45 34.1009 5.66113
1828.27 30.0909 6.09706
1879.5 24.6817 4.32571
1932.15 29.7682 4.92495
1986.28 44.7391 12.2625
2041.93 41.7538 12.3511
2099.14 39.2117 8.96392
2157.95 68.0512 21.8992
2218.41 32.7522 8.73836
2280.56 31.4151 6.00872
2344.45 41.2796 9.9058
2410.14 23.4452 8.78843
2477.66 31.2267 8.14743
2547.07 39.2468 11.6124
2618.43 58.0385 19.7529
2691.79 36.8449 14.165
2767.21 26.2436 7.6369
2844.73 57.819 22.4723
2924.43 23.9252 5.48743
3006.36 25.8674 6.50328
3090.59 20.2609 6.2212
3177.18 21.4961 5.95534
3266.19 43.4626 19.5431
3357.7 25.1147 7.71043
3451.77 16.0404 3.53846
3548.47 34.1724 9.68823
3647.89 25.2619 9.28997
3750.09 13.3927 3.83802
3855.15 21.9404 7.72253
3963.16 18.9886 4.61488
4074.19 34.8344 12.195
4188.34 16.2684 4.30946
4305.68 15.0381 5.94118
4426.31 21.5616 8.13172
4550.31 15.0062 4.42954
4677.8 13.2862 4.55757
4808.85 14.6803 4.46416
4943.58 41.9473 17.9564
5082.08 8.50827 2.54319
5224.46 23.5576 9.10832
5370.83 15.8526 6.6374
5521.3 41.6238 22.38
5675.99 6.32158 1.58686
5835.01 12.0193 4.17113
5998.48 12.0987 5.07173
6166.54 36.5353 16.1217
6339.3 24.5115 11.1905
6516.91 16.1855 6.24142
6699.49 33.0672 15.3437
6887.18 7.24327 2.69033
7080.13 5.05697 2.08064
7278.49 7.99728 2.18943
7482.41 16.8872 6.33386
7692.04 9.2157 2.6906
7907.54 17.6578 4.76037
8129.08 7.32521 2.32877
8356.83 12.5072 6.03623
8590.96 8.55682 5.35831
8831.64 4.96181 1.71742
9079.07 28.5398 16.0021
9333.43 4.01173 1.26375
9594.92 6.74218 2.29331
9863.74 23.5539 11.1607
10140.1 8.1803 3.19359
10424.2 18.7831 10.8427
10716.2 13.7449 10.0727
11016.4 11.0581 4.93047
11325.1 10.548 7.26816
11642.4 6.24918 2.38051
11968.5 2.00246 0.935288
12303.9 10.7185 7.22763
12648.6 6.13814 2.722
13002.9 2.85315 1.05968
13367.2 8.40491 6.30382
13741.7 4.49413 1.49657
14126.7 4.77121 2.37955
14522.5 3.19517 1.42213
14929.4 14.0601 10.5818
15347.6 5.96868 2.72516
15777.6 2.36628 0.899549
16219.6 4.91211 3.0404
16674.1 6.99311 4.69934
17141.2 4.13481 1.53926
17621.4 7.39997 3.31156
18115.1 10.7674 6.22357
18622.6 5.93368 1.93655
19144.4 1.43093 0.856387
19680.7 1.90638 0.962413
20232.1 15.1421 10.1383
20799 1.46117 0.576712
21381.7 3.86727 1.86481
21980.7 4.31038 1.78989
22596.5 3.95045 2.38409
23229.6 4.81187 2.76011
23880.4 2.72964 1.77912
24549.4 2.02974 0.833982
25237.2 1.5255 0.663785
25944.3 3.3595 1.80801
26671.1 2.28934 0.94094
27418.4 0.973796 0.72955
28186.5 1.14258 0.775083
28976.2 2.71282 1.38265
29788 1.01744 0.663135
30622.6 3.77738 1.84117
31480.5 7.57649 5.90646
32362.5 1.08134 0.613547
33269.1 3.28783 1.39394
34201.2 1.22783 0.52027
35159.4 1.87603 1.28272
36144.4 6.37568 3.9609
37157.1 2.35519 1.38419
38198.1 1.59483 0.849467
39268.2 1.13546 0.997385
40368.4 0.359384 0.255516
41499.4 1.89114 1.45012
42662 0.243764 0.243764
43857.3 0.205941 0.205941
45086 1.18597 0.628782
46349.1 0.513066 0.370133
47647.6 6.85163 5.84237
48982.6 0.324908 0.262544
50354.9 5.05043 2.67469
51765.6 0.874588 0.51214
53215.9 0.31372 0.31372
54706.8 1.31729 1.31729
56239.5 3.73284 2.51086
57815.1 0.30162 0.213297
59434.9 1.44141 1.28197
61100 0.635 0.456362
62811.8 0.17182 0.17182
64571.6 2.92783 2.32187
66380.6 1.27908 0.815489
68240.4 0.666288 0.666288
70152.2 0.155876 0.155876
72117.6 0.371623 0.371623
74138.1 0 0
76215.2 0.475949 0.356599
78350.4 0.520674 0.304848
80545.5 6.8413 6.56971
82802.1 0.153304 0.153304
85121.9 3.11804 2.24095
87506.7 0.393931 0.289635
89958.3 0 0
92478.6 0 0
95069.6 2.48667 1.93326
97733 5.70148 5.56281
100471 2.31156 1.63783
103286 0.727176 0.680499
106180 0.451176 0.451176
109154 0 0
112213 0 0
115356 0 0
118588 0.437144 0.327523
121911 0 0
125326 0.670506 0.541225
128837 0 0
132447 0.393147 0.393147
136157 0.152995 0.152995
139972 0 0
143894 0 0
147925 0.535353 0.535353
152069 0 0
156330 0.272707 0.272707
160709 2.85592 2.70093
165212 0.237327 0.184221
169841 1.7271 1.09755
174599 0.182899 0.182899
179490 0 0
184519 0 0
189689 0 0
195003 0 0
200466 1.02212 0.765194
206083 0 0
211856 0.440052 0.311164
217792 0 0
223893 1.0665 0.645269
230166 0 0
236615 0 0
243244 1.41842 1.11199
250058 0.222146 0.222146
257064 0.47484 0.359398
264266 0.260297 0.260297
271670 0 0
279281 0 0
287105 1.22988 0.889747
295149 0.4057 0.29243
303418 0 0
311919 0 0
320658 0 0
329641 0 0
338876 0 0
348371 0 0
358131 20.2496 20.2496
368164 0 0
378479 0.577334 0.444777
389082 0 0
399983 0 0
411189 0.236201 0.236201
422709 0 0
434552 0 0
446726 0 0
459242 0.197135 0.197135
472108 0 0
485335 8.51084 8.51084
498932 0.206261 0.206261
512910 0 0
527280 0.176237 0.176237
542053 1.85286 1.85286
557239 0 0
572851 0.536115 0.41995
588900 0.155005 0.155005
605399 0 0
622360 0 0
639796 0 0
657721 0.528022 0.528022
676147 0 0
695091 0 0
714565 2.7481 2.4127
734584 0 0
755164 0 0
776321 0 0
798071 0 0
820430 1.28118 1.28118
843415 0 0
867045 0 0
891336 0 0
916308 0 0
941979 0 0
968370 0 0
995500 0 0
1.02339e+06 0 0
1.05206e+06 0 0
1.08154e+06 0 0
1.11184e+06 0 0
1.14299e+06 0.405524 0.405524
1.17501e+06 0 0
1.20793e+06 0 0
1.24177e+06 0 0
1.27656e+06 0 0
1.31233e+06 0 0
1.34909e+06 0 0
1.38689e+06 0 0
1.42574e+06 0 0
1.46569e+06 0 0
1.50675e+06 0 0
1.54896e+06 0 0
1.59236e+06 0 0
1.63697e+06 0 0
1.68283e+06 0 0
1.72998e+06 0 0
1.77845e+06 0 0
1.82827e+06 0 0
1.8795e+06 0 0
1.93215e+06 0.312416 0.312416
1.98628e+06 0 0
2.04193e+06 0.144956 0.144956
2.09914e+06 0 0
2.15795e+06 0 0
2.21841e+06 0 0
2.28056e+06 0 0
2.34445e+06 0 0
2.41014e+06 0 0
2.47766e+06 0 0
2.54707e+06 0 0
2.61843e+06 0 0
2.69179e+06 0 0
2.76721e+06 0 0
2.84473e+06 0 0
2.92443e+06 0 0
3.00636e+06 0 0
3.09059e+06 0 0
3.17718e+06 0 0
3.26619e+06 0 0
3.3577e+06 0 0
3.45177e+06 0 0
3.54847e+06 0 0
3.64789e+06 0 0
3.75009e+06 0 0
3.85515e+06 0 0
3.96316e+06 0.212741 0.212741
4.07419e+06 0 0
4.18834e+06 0 0
4.30568e+06 0 0
4.42631e+06 0 0
4.55031e+06 0 0
4.6778e+06 0 0
4.80885e+06 0 0
4.94358e+06 0 0
5.08208e+06 0 0
5.22446e+06 0 0
5.37083e+06 0 0
5.5213e+06 0 0
5.67599e+06 0 0
5.83501e+06 0 0
5.99848e+06 0 0
6.16654e+06 0 0
6.3393e+06 0 0
6.51691e+06 0 0
6.69949e+06 0 0
6.88718e+06 0 0
7.08013e+06 0 0
7.27849e+06 0 0
7.48241e+06 0 0
7.69204e+06 0 0
7.90754e+06 0 0
8.12908e+06 0 0
8.35683e+06 0 0
8.59096e+06 0 0
8.83164e+06 0 0
9.07907e+06 0 0
9.33343e+06 0 0
9.59492e+06 0 0
9.86374e+06 0 0
