1.01401e-05 0 0
1.04242e-05 0 0
1.07162e-05 0 0
1.10164e-05 0 0
1.13251e-05 0 0
1.16424e-05 0 0
1.19685e-05 0 0
1.23039e-05 0 0
1.26486e-05 0 0
1.30029e-05 0 0
1.33672e-05 0 0
1.37417e-05 0 0
1.41267e-05 0 0
1.45225e-05 0 0
1.49294e-05 0 0
1.53476e-05 0 0
1.57776e-05 0 0
1.62196e-05 0 0
1.66741e-05 0 0
1.71412e-05 0 0
1.76214e-05 0 0
1.81151e-05 0 0
1.86226e-05 0 0
1.91444e-05 0 0
1.96807e-05 0 0
2.02321e-05 0 0
2.0799e-05 0 0
2.13817e-05 0 0
2.19807e-05 0 0
2.25965e-05 0 0
2.32296e-05 0 0
2.38804e-05 0 0
2.45494e-05 0 0
2.52372e-05 0 0
2.59443e-05 0 0
2.66711e-05 0 0
2.74184e-05 0 0
2.81865e-05 0 0
2.89762e-05 0 0
2.9788e-05 0 0
3.06226e-05 0 0
3.14805e-05 0 0
3.23625e-05 0 0
3.32691e-05 0 0
3.42012e-05 0 0
3.51594e-05 0 0
3.61444e-05 0 0
3.71571e-05 0 0
3.81981e-05 0 0
3.92682e-05 0 0
4.03684e-05 0 0
4.14994e-05 0 0
4.2662e-05 0 0
4.38573e-05 0 0
4.5086e-05 0 0
4.63491e-05 0 0
4.76476e-05 0 0
4.89826e-05 0 0
5.03549e-05 0 0
5.17656e-05 0 0
5.32159e-05 0 0
5.47068e-05 0 0
5.62395e-05 0 0
5.78151e-05 0 0
5.94349e-05 0 0
6.11e-05 0 0
6.28118e-05 0 0
6.45716e-05 0 0
6.63806e-05 0 0
6.82404e-05 0 0
7.01522e-05 0 0
7.21176e-05 0 0
7.41381e-05 0 0
7.62152e-05 0 0
7.83504e-05 0 0
8.05455e-05 0 0
8.28021e-05 0 0
8.51219e-05 0 0
8.75067e-05 0 0
8.99583e-05 0 0
9.24786e-05 0 0
9.50696e-05 0 0
9.7733e-05 0 0
0.000100471 0 0
0.000103286 0 0
0.00010618 0 0
0.000109154 0 0
0.000112213 0 0
0.000115356 0 0
0.000118588 0 0
0.000121911 0 0
0.000125326 0 0
0.000128837 0 0
0.000132447 0 0
0.000136157 0 0
0.000139972 0 0
0.000143894 0 0
0.000147925 0 0
0.000152069 0 0
0.00015633 0 0
0.000160709 0 0
0.000165212 0 0
0.000169841 0 0
0.000174599 0 0
0.00017949 0 0
0.000184519 0 0
0.000189689 0 0
0.000195003 0 0
0.000200466 0 0
0.000206083 0 0
0.000211856 0 0
0.000217792 0 0
0.000223893 0 0
0.000230166 0 0
0.000236615 0 0
0.000243244 0 0
0.000250058 0 0
0.000257064 0 0
0.000264266 0 0
0.00027167 0 0
0.000279281 0 0
0.000287105 0 0
0.000295149 0 0
0.000303418 0 0
0.000311919 0 0
0.000320658 0 0
0.000329641 0 0
0.000338876 0 0
0.000348371 0 0
0.000358131 0 0
0.000368164 0 0
0.000378479 0 0
0.000389082 0 0
0.000399983 0 0
0.000411189 0 0
0.000422709 0 0
0.000434552 0 0
0.000446726 0 0
0.000459242 0 0
0.000472108 0 0
0.000485335 0 0
0.000498932 0 0
0.00051291 0 0
0.00052728 0 0
0.000542053 0 0
0.000557239 0 0
0.000572851 0 0
0.0005889 0 0
0.000605399 0 0
0.00062236 0 0
0.000639796 0 0
0.000657721 0 0
0.000676147 0 0
0.000695091 0 0
0.000714565 0 0
0.000734584 0 0
0.000755164 0 0
0.000776321 0 0
0.000798071 0 0
0.00082043 0 0
0.000843415 0 0
0.000867045 0 0
0.000891336 0 0
0.000916308 0 0
0.000941979 0 0
0.00096837 0 0
0.0009955 0 0
0.00102339 0 0
0.00105206 0 0
0.00108154 0 0
0.00111184 0 0
0.00114299 0 0
0.00117501 0 0
0.00120793 0 0
0.00124177 0 0
0.00127656 0 0
0.00131233 0 0
0.00134909 0 0
0.00138689 0 0
0.00142574 0 0
0.00146569 0 0
0.00150675 0 0
0.00154896 0 0
0.00159236 0 0
0.00163697 0 0
0.00168283 0 0
0.00172998 0 0
0.00177845 0 0
0.00182827 0 0
0.0018795 0 0
0.00193215 0 0
0.00198628 0 0
0.00204193 0 0
0.00209914 0 0
0.00215795 0 0
0.00221841 0 0
0.00228056 0 0
0.00234445 0 0
0.00241014 0 0
0.00247766 0 0
0.00254707 0 0
0.00261843 0 0
0.00269179 0 0
0.00276721 0 0
0.00284473 0 0
0.00292443 0 0
0.00300636 0 0
0.00309059 0 0
0.00317718 0 0
0.00326619 0 0
0.0033577 0 0
0.00345177 0 0
0.00354847 0 0
0.00364789 0 0
0.00375009 0 0
0.00385515 0 0
0.00396316 0 0
0.00407419 0 0
0.00418834 0 0
0.00430568 0 0
0.00442631 0 0
0.00455031 0 0
0.0046778 0 0
0.00480885 0 0
0.00494358 0 0
0.00508208 0 0
0.00522446 0 0
0.00537083 0 0
0.0055213 0 0
0.00567599 0 0
0.00583501 0 0
0.00599848 0 0
0.00616654 0 0
0.0063393 0 0
0.00651691 0 0
0.00669949 0 0
0.00688718 0 0
0.00708013 0 0
0.00727849 0 0
0.00748241 0 0
0.00769204 0 0
0.00790754 0 0
0.00812908 0 0
0.00835683 0 0
0.00859096 0 0
0.00883164 0 0
0.00907907 0 0
0.00933343 0 0
0.00959492 0 0
0.00986374 0 0
0.0101401 0 0
0.0104242 0 0
0.0107162 0 0
0.0110164 0 0
0.0113251 0 0
0.0116424 0 0
0.0119685 0 0
0.0123039 0 0
0.0126486 0 0
0.0130029 0 0
0.0133672 0 0
0.0137417 0 0
0.0141267 0 0
0.0145225 0 0
0.0149294 0 0
0.0153476 0 0
0.0157776 0 0
0.0162196 0 0
0.0166741 0 0
0.0171412 0 0
0.0176214 0 0
0.0181151 0 0
0.0186226 0 0
0.0191444 0 0
0.0196807 0 0
0.0202321 0 0
0.020799 0 0
0.0213817 0 0
0.0219807 0 0
0.0225965 0 0
0.0232296 0 0
0.0238804 0 0
0.0245494 0 0
0.0252372 0 0
0.0259443 0 0
0.0266711 0 0
0.0274184 0 0
0.0281865 0 0
0.0289762 0 0
0.029788 0 0
0.0306226 0 0
0.0314805 0 0
0.0323625 0 0
0.0332691 0 0
0.0342012 0 0
0.0351594 0 0
0.0361444 0 0
0.0371571 0 0
0.0381981 0 0
0.0392682 0 0
0.0403684 0 0
0.0414994 0 0
0.042662 0 0
0.0438573 0 0
0.045086 0 0
0.0463491 0 0
0.0476476 0 0
0.0489826 0 0
0.0503549 0 0
0.0517656 0 0
0.0532159 0 0
0.0547068 0 0
0.0562395 0 0
0.0578151 0 0
0.0594349 0 0
0.0611 0 0
0.0628118 0 0
0.0645716 0 0
0.0663806 0 0
0.0682404 0 0
0.0701522 0 0
0.0721176 0 0
0.0741381 0 0
0.0762152 0 0
0.0783504 0 0
0.0805455 0 0
0.0828021 0 0
0.0851219 0 0
0.0875067 0 0
0.0899583 0 0
0.0924786 0 0
0.0950696 0 0
0.097733 0 0
0.100471 891769 1768.07
0.103286 868401 1743.38
0.10618 844088 1719.17
0.109154 825903 1707.42
0.112213 800798 1679.89
0.115356 781004 1662.1
0.118588 760276 1635.65
0.121911 740071 1617.63
0.125326 719506 1591.52
0.128837 700049 1571.93
0.132447 682062 1554.93
0.136157 662765 1534.27
0.139972 644177 1507
0.143894 627686 1494.53
0.147925 606728 1459.45
0.152069 595424 1458.85
0.15633 581128 1442.57
0.160709 565825 1429.45
0.165212 546130 1394.03
0.169841 530536 1370.78
0.174599 519132 1361.5
0.17949 503718 1338.9
0.184519 491627 1328.84
0.189689 481815 1320.5
0.195003 466714 1300.34
0.200466 449034 1264.63
0.206083 439949 1256.47
0.211856 428734 1242.32
0.217792 418090 1233.28
0.223893 405078 1212.28
0.230166 395115 1194.81
0.236615 384496 1185.22
0.243244 371795 1156.57
0.250058 362740 1151.14
0.257064 355841 1135.94
0.264266 343957 1118.03
0.27167 334886 1098.73
0.279281 322806 1073.56
0.287105 317074 1066.83
0.295149 308179 1059.18
0.303418 299842 1045.73
0.311919 292055 1030.86
0.320658 284743 1020.08
0.329641 275889 1000.73
0.338876 269167 995.012
0.348371 261645 977.569
0.358131 254394 956.922
0.368164 246558 945.034
0.378479 240733 937.954
0.389082 235595 927.206
0.399983 228243 917.622
0.411189 221778 894.776
0.422709 215850 887.689
0.434552 208748 866.555
0.446726 204818 865.838
0.459242 197813 850.546
0.472108 194601 847.295
0.485335 188574 835.601
0.498932 182163 820.387
0.51291 178066 811.064
0.52728 172288 787.92
0.542053 168451 784.313
0.557239 164422 775.413
0.572851 159628 765.519
0.5889 156054 765.752
0.605399 151576 744.856
0.62236 149373 748.493
0.639796 143450 727.644
0.657721 140186 729.932
0.676147 136113 708.244
0.695091 132127 696.132
0.714565 128725 691.184
0.734584 123636 671.96
0.755164 121869 674.257
0.776321 118784 663.709
0.798071 115385 651.968
0.82043 111091 631.562
0.843415 108835 627.695
0.867045 105772 627.831
0.891336 104369 633.303
0.916308 100082 609.676
0.941979 97595.4 601.398
0.96837 95726.3 599.962
0.9955 91096.3 579.206
1.02339 89521.7 580.955
1.05206 87145.7 566.561
1.08154 84541.7 559.528
1.11184 83098.6 558.838
1.14299 79931.3 543.357
1.17501 76929.4 526.273
1.20793 76120.7 533.939
1.24177 73568.3 522.79
1.27656 71051.5 506.627
1.31233 69787.1 508.041
1.34909 68202.5 503.949
1.38689 67320 505.826
1.42574 64552.6 494.294
1.46569 62983 487.787
1.50675 60890.1 475.544
1.54896 59648.1 474.774
1.59236 57934.9 469.046
1.63697 56217.6 458.686
1.68283 54620.1 451.145
1.72998 52857.8 435.211
1.77845 52344.4 445.168
1.82827 50412.2 433.945
1.8795 48832.2 421.163
1.93215 47094.5 417.519
1.98628 46041 411.407
2.04193 44518.3 404.341
2.09914 43990.9 402.968
2.15795 42617.2 399.741
2.21841 41820.2 396.962
2.28056 40247.7 390.449
2.34445 39033.7 383.007
2.41014 37869.1 376.726
2.47766 37521 375.922
2.54707 37095.3 379.134
2.61843 34893.9 360.943
2.69179 34601.1 365.831
2.76721 33561.1 358.293
2.84473 32474.1 345.71
2.92443 31511.5 340.794
3.00636 30602.6 333.097
3.09059 29133.4 324.09
3.17718 28865.2 327.854
3.26619 28042.4 321.339
3.3577 27224.9 320.613
3.45177 26790 314.718
3.54847 25647.2 313.902
3.64789 25271.9 303.411
3.75009 23899.3 299.607
3.85515 24013.9 301.993
3.96316 23471.4 301.976
4.07419 22624.4 292.577
4.18834 22029.7 287.637
4.30568 21506.1 283.874
4.42631 20717.2 275.239
4.55031 20602.1 289.145
4.6778 19610.6 274.066
4.80885 19251.2 271.74
4.94358 18583.1 269.935
5.08208 18490.4 270.085
5.22446 17379.1 254.467
5.37083 16446.8 235.575
5.5213 16227.3 238.123
5.67599 16244.7 249.847
5.83501 15886.5 247.598
5.99848 14827.2 230.323
6.16654 14692.9 237.246
6.3393 14897.6 245.951
6.51691 14650.2 239.601
6.69949 13687.2 230.152
6.88718 13202.6 219.5
7.08013 13417.1 227.718
7.27849 12437.2 213.228
7.48241 12170.2 215.22
7.69204 12128.6 214.892
7.90754 11525.3 210.165
8.12908 11094.9 198.172
8.35683 10968.9 200.475
8.59096 10679.5 194.636
8.83164 10841.6 210.405
9.07907 10479.7 203.372
9.33343 9835.09 194.246
9.59492 10013.4 204.297
9.86374 9386.08 190.004
10.1401 9084.21 182.874
10.4242 8886.49 184.149
10.7162 8403.84 176.018
11.0164 8138.02 171.785
11.3251 8311.38 178.988
11.6424 8166.89 179.462
11.9685 7420.48 164.868
12.3039 7599.51 171.438
12.6486 7252.7 172.01
13.0029 7120.22 165.521
13.3672 6710.93 154.68
13.7417 6277.27 150.678
14.1267 6496.78 150.389
14.5225 6403.6 160.401
14.9294 6495.91 163.609
15.3476 6108.69 161.265
15.7776 5965.47 153.486
16.2196 5523.88 138.128
16.6741 5722 147.651
17.1412 5220.35 139.933
17.6214 5035.46 135.03
18.1151 5015.82 135.59
18.6226 4887.16 135.706
19.1444 4679.58 130.641
19.6807 4386.37 121.457
20.2321 4429.88 129.031
20.799 4472.49 129.318
21.3817 4221.29 128.274
21.9807 4254.22 128.129
22.5965 4286.66 131.505
23.2296 3984.33 120.299
23.8804 3818.24 119.096
24.5494 3770.08 122.321
25.2372 3719.71 117.979
25.9443 3610.96 125.052
26.6711 3515.29 113.169
27.4184 3342.92 112.865
28.1865 3353.63 115.888
28.9762 3268.63 114.221
29.788 3227.49 115.998
30.6226 2871.42 98.3807
31.4805 2915.85 108.954
32.3625 2905.21 109.06
33.2691 2728.93 104.39
34.2012 2848.77 109.792
35.1594 2590.8 94.0273
36.1444 2510 99.4261
37.1571 2580.85 100.024
38.1981 2348.9 94.8779
39.2682 2314.01 95.6077
40.3684 2207.09 87.5842
41.4994 2289.33 94.0577
42.662 2192.98 89.9614
43.8573 2205.09 92.6827
45.086 2041.88 96.1239
46.3491 2024.33 89.239
47.6476 1876.32 78.9369
48.9826 1878.14 80.8238
50.3549 1857.84 82.4523
51.7656 1665.28 74.0344
53.2159 1719.43 78.4058
54.7068 1737.13 80.3449
56.2395 1662.8 79.9257
57.8151 1498.79 69.8106
59.4349 1601.44 82.1584
61.1 1508.14 75.6227
62.8118 1531.28 78.7633
64.5716 1399.94 68.356
66.3806 1347.18 68.3646
68.2404 1212.35 66.5708
70.1522 1283.97 67.9665
72.1176 1275.23 65.6009
74.1381 1261.16 69.8601
76.2152 1091.79 62.9076
78.3504 1180.16 67.1443
80.5455 1214.06 65.3049
82.8021 1121.27 65.6305
85.1219 1105.81 67.2384
87.5067 1117.2 63.9996
89.9583 996.421 60.8187
92.4786 881.93 50.9809
95.0696 938.945 56.1585
97.733 981.662 61.7606
100.471 874.536 55.8761
103.286 937.595 57.7913
106.18 846.27 56.9501
109.154 837.099 57.2821
112.213 767.659 49.8801
115.356 764.626 52.9124
118.588 700.535 44.1864
121.911 753.135 53.2156
125.326 703.651 49.3683
128.837 642.222 48.6186
132.447 748.457 57.7181
136.157 708.537 53.1729
139.972 633.88 49.7748
143.894 599.155 48.2682
147.925 701.072 56.4815
152.069 537.858 38.9279
156.33 565.177 37.0081
160.709 497.159 35.771
165.212 518.944 43.8079
169.841 545.937 49.6983
174.599 569.684 45.9186
179.49 509.124 47.0995
184.519 506.908 43.0598
189.689 564.2 51.6923
195.003 494.304 45.5308
200.466 394.119 30.6933
206.083 417.08 36.2328
211.856 373.291 36.497
217.792 428.426 37.1015
223.893 410.754 40.0025
230.166 459.836 46.1104
236.615 412.387 44.0432
243.244 345.36 30.9777
250.058 413.453 49.0852
257.064 354.109 39.0511
264.266 396.589 43.7473
271.67 317.818 35.9278
279.281 362.999 36.505
287.105 350.197 36.9568
295.149 288.653 27.6787
303.418 349.893 37.8931
311.919 285.188 32.6138
320.658 256.317 25.8607
329.641 225.637 23.1123
338.876 260.203 31.4756
348.371 262.097 29.9174
358.131 317.169 35.7979
368.164 287.399 34.136
378.479 271.907 35.5758
389.082 248.173 26.3937
399.983 201.91 18.8399
411.189 213.94 22.8725
422.709 229.003 27.076
434.552 230.366 35.4047
446.726 189.001 26.2853
459.242 229.045 31.3721
472.108 214.625 28.0757
485.335 151.213 18.6718
498.932 157.935 26.5848
512.91 167.873 20.5094
527.28 204.644 28.9112
542.053 161.127 23.8092
557.239 154.673 26.8012
572.851 157.056 28.3603
588.9 195.598 34.8113
605.399 196.016 32.7165
622.36 137.289 24.7573
639.796 170.599 29.0141
657.721 144.068 25.6088
676.147 137.597 23.4643
695.091 147.931 24.5716
714.565 114.368 18.8904
734.584 122.719 21.9675
755.164 120.163 17.189
776.321 125.514 15.7473
798.071 106.682 19.215
820.43 78.1515 10.8219
843.415 79.3334 14.2259
867.045 118.018 20.2223
891.336 99.6754 14.3297
916.308 61.7154 8.68365
941.979 132.172 25.0375
968.37 79.5399 11.8255
995.5 79.269 15.0375
1023.39 83.2885 14.7128
1052.06 79.4336 11.5216
1081.54 104.237 21.2418
1111.84 105.039 23.1
1142.99 63.3487 12.6473
1175.01 97.2586 22.2503
1207.93 88.16 20.1535
1241.77 71.441 13.7851
1276.56 69.8004 14.0239
1312.33 92.7747 20.5626
1349.09 59.3658 16.2116
1386.89 52.2098 8.65001
1425.74 36.5833 5.7098
1465.69 79.7875 20.5458
1506.75 58.9619 11.8473
1548.96 62.516 13.3077
1592.36 63.8749 19.4873
1636.97 54.098 14.2663
1682.83 59.9144 19.9122
1729.98 67.9012 18.605
1778.45 51.9727 17.5035
1828.27 29.5728 8.08606
1879.5 51.1907 12.4856
1932.15 53.2745 12.2288
1986.28 42.2268 12.0413
2041.93 40.6506 8.34668
2099.14 39.4216 8.43861
2157.95 40.2005 7.31682
2218.41 26.4805 7.33496
2280.56 29.6653 7.70928
2344.45 31.8474 7.43244
2410.14 34.9023 9.61495
2477.66 34.543 10.1898
2547.07 36.9625 10.5583
2618.43 21.2003 3.94969
2691.79 19.764 4.91391
2767.21 19.3815 3.62507
2844.73 24.3535 5.22973
2924.43 53.4969 23.3897
3006.36 46.874 15.4173
3090.59 18.7093 5.19237
3177.18 20.5417 5.75501
3266.19 18.8104 4.57625
3357.7 44.2394 16.2175
3451.77 29.3238 11.2322
3548.47 25.3568 9.09122
3647.89 13.613 3.71811
3750.09 32.0842 9.52525
3855.15 18.8863 5.5739
3963.16 30.737 9.69448
4074.19 29.181 11.4532
4188.34 18.3902 5.00491
4305.68 9.42393 2.62891
4426.31 13.3837 2.64347
4550.31 29.8936 12.7797
4677.8 13.3768 3.64429
4808.85 14.2066 3.7205
4943.58 11.1082 3.2852
5082.08 22.0616 8.08546
5224.46 13.434 3.98876
5370.83 8.77351 1.86198
5521.3 15.7584 6.9176
5675.99 33.9534 13.7056
5835.01 5.7079 1.43634
5998.48 33.642 17.8663
6166.54 13.8107 6.17367
6339.3 11.8837 4.58212
6516.91 18.1867 10.8126
6699.49 5.91652 2.67176
6887.18 17.3175 4.94668
7080.13 5.14206 1.50137
7278.49 3.91853 1.27153
7482.41 13.117 5.31424
7692.04 31.9512 15.6442
7907.54 10.6584 5.39525
8129.08 11.1223 4.99708
8356.83 14.5863 8.16714
8590.96 6.20269 3.34389
8831.64 9.12249 2.74109
9079.07 8.20231 3.78265
9333.43 8.79383 2.96303
9594.92 10.1566 4.24447
9863.74 7.87548 2.43766
10140.1 19.0747 14.531
10424.2 7.38826 3.93548
10716.2 6.80517 1.82026
11016.4 6.34014 2.22822
11325.1 3.93226 1.79204
11642.4 2.34351 0.757761
11968.5 2.76856 0.874678
12303.9 6.9717 3.29405
12648.6 12.105 9.48806
13002.9 1.19181 0.560274
13367.2 10.2966 4.82922
13741.7 4.65703 1.63848
14126.7 1.55494 0.659462
14522.5 12.6521 7.35125
14929.4 5.15803 2.22601
15347.6 6.73671 3.81426
15777.6 3.26414 1.39987
16219.6 5.3123 2.54894
16674.1 7.27147 3.60905
17141.2 2.33979 0.983523
17621.4 17.8085 10.5365
18115.1 16.0838 7.71722
18622.6 3.19416 1.6054
19144.4 20.3512 14.3652
19680.7 3.14066 1.23554
20232.1 2.04503 1.40176
20799 2.2954 1.31057
21381.7 3.13172 2.65352
21980.7 2.88565 1.77427
22596.5 3.15395 1.56251
23229.6 6.7258 5.82111
23880.4 2.33897 1.74587
24549.4 2.11917 0.995559
25237.2 5.476 2.59862
25944.3 3.26002 1.39473
26671.1 4.7064 4.26649
27418.4 2.14054 1.42926
28186.5 31.152 22.8155
28976.2 3.82436 2.2295
29788 1.37647 0.866273
30622.6 0 0
31480.5 2.52541 1.75512
32362.5 1.05821 0.565772
33269.1 2.47619 2.15548
34201.2 0.897516 0.461059
35159.4 1.03256 0.55477
36144.4 2.26382 1.197
37157.1 2.39716 1.47008
38198.1 0.35728 0.255131
39268.2 0.184831 0.184831
40368.4 1.97827 1.10327
41499.4 1.57966 0.989116
42662 4.96634 4.45793
43857.3 1.09402 0.674171
45086 6.50323 4.69509
46349.1 0.158307 0.158307
47647.6 6.06243 4.57266
48982.6 0.649759 0.471125
50354.9 1.1664 0.570772
51765.6 1.02868 0.730271
53215.9 0 0
54706.8 0.249226 0.249226
56239.5 2.5237 2.5237
57815.1 22.8002 19.0361
59434.9 0 0
61100 1.61152 1.19333
62811.8 1.63956 0.806931
64571.6 0 0
66380.6 0.352643 0.249601
68240.4 0.797017 0.513917
70152.2 0.546942 0.391022
72117.6 2.41785 1.61967
74138.1 0.950014 0.715596
76215.2 6.09534 5.44426
78350.4 1.27092 0.964337
80545.5 0.241023 0.241023
82802.1 0.147046 0.147046
85121.9 0.245364 0.245364
87506.7 2.96091 1.72273
89958.3 2.1441 1.59126
92478.6 0.170681 0.170681
95069.6 1.84572 1.19184
97733 0 0
100471 1.16607 1.16607
103286 0 0
106180 2.40126 1.94278
109154 0.265813 0.265813
112213 0.572776 0.335838
115356 1.24843 1.1123
118588 0.655911 0.53394
121911 0.325792 0.325792
125326 0 0
128837 0.599454 0.431186
132447 0 0
136157 0 0
139972 1.31496 1.02586
143894 0 0
147925 0.525271 0.388218
152069 0 0
156330 0 0
160709 0.461661 0.369491
165212 0.209054 0.209054
169841 0.155809 0.155809
174599 0.259124 0.259124
179490 1.87433 1.64069
184519 0.0811669 0.0811669
189689 1.10866 0.673562
195003 0 0
200466 0.469137 0.469137
206083 0 0
211856 1.68455 1.49529
217792 0 0
223893 0 0
230166 0.538919 0.538919
236615 0.996665 0.996665
243244 0 0
250058 0 0
257064 0.211708 0.211708
264266 0.345203 0.345203
271670 0.209193 0.209193
279281 0.352468 0.352468
287105 0 0
295149 0 0
303418 0 0
311919 0 0
320658 0.338808 0.240137
329641 0.279097 0.279097
338876 0 0
348371 0 0
358131 0 0
368164 0 0
378479 0 0
389082 0 0
399983 0.400631 0.400631
411189 0 0
422709 0.80845 0.578429
434552 1.27822 1.27822
446726 0 0
459242 0 0
472108 0 0
485335 0 0
498932 0 0
512910 0.530024 0.530024
527280 0 0
542053 0 0
557239 0 0
572851 0 0
588900 4.70249 4.70249
605399 0 0
622360 0 0
639796 0 0
657721 0 0
676147 0 0
695091 0 0
714565 0 0
734584 0 0
755164 0 0
776321 0 0
798071 0 0
820430 0 0
843415 0 0
867045 0 0
891336 0 0
916308 0 0
941979 0 0
968370 0 0
995500 0 0
1.02339e+06 0 0
1.05206e+06 0 0
1.08154e+06 0.204616 0.204616
1.11184e+06 0 0
1.14299e+06 0.247885 0.247885
1.17501e+06 0 0
1.20793e+06 0 0
1.24177e+06 0 0
1.27656e+06 16.5158 16.5158
1.31233e+06 0 0
1.34909e+06 0 0
1.38689e+06 0 0
1.42574e+06 0 0
1.46569e+06 0 0
1.50675e+06 0 0
1.54896e+06 0 0
1.59236e+06 0.315542 0.315542
1.63697e+06 0 0
1.68283e+06 0 0
1.72998e+06 0 0
1.77845e+06 0 0
1.82827e+06 0 0
1.8795e+06 0 0
1.93215e+06 0 0
1.98628e+06 0 0
2.04193e+06 1.46932 1.46932
2.09914e+06 0 0
2.15795e+06 0 0
2.21841e+06 0 0
2.28056e+06 0 0
2.34445e+06 0 0
2.41014e+06 0 0
2.47766e+06 1.05373 1.05373
2.54707e+06 0 0
2.61843e+06 0 0
2.69179e+06 0 0
2.76721e+06 0 0
2.84473e+06 0 0
2.92443e+06 0 0
3.00636e+06 0 0
3.09059e+06 0 0
3.17718e+06 0 0
3.26619e+06 0 0
3.3577e+06 0 0
3.45177e+06 0 0
3.54847e+06 0 0
3.64789e+06 0 0
3.75009e+06 0 0
3.85515e+06 0 0
3.96316e+06 0 0
4.07419e+06 0 0
4.18834e+06 0 0
4.30568e+06 0 0
4.42631e+06 0 0
4.55031e+06 0 0
4.6778e+06 0 0
4.80885e+06 0.221213 0.221213
4.94358e+06 0 0
5.08208e+06 0 0
5.22446e+06 0 0
5.37083e+06 0 0
5.5213e+06 0 0
5.67599e+06 0 0
5.83501e+06 0 0
5.99848e+06 0 0
6.16654e+06 0 0
6.3393e+06 0 0
6.51691e+06 0 0
6.69949e+06 0 0
6.88718e+06 0 0
7.08013e+06 0 0
7.27849e+06 0 0
7.48241e+06 0 0
7.69204e+06 0 0
7.90754e+06 0 0
8.12908e+06 0 0
8.35683e+06 0 0
8.59096e+06 0 0
8.83164e+06 0.225604 0.225604
9.07907e+06 0 0
9.33343e+06 0 0
9.59492e+06 0 0
9.86374e+06 0 0
