1.01401e-05 147.043 8.52919
1.04242e-05 134.396 7.8673
1.07162e-05 146.726 8.88719
1.10164e-05 133.034 7.54481
1.13251e-05 175.175 9.44222
1.16424e-05 174.132 9.34618
1.19685e-05 168.011 9.15196
1.23039e-05 176.765 8.91128
1.26486e-05 195.295 10.356
1.30029e-05 174.924 9.08731
1.33672e-05 208.306 10.6055
1.37417e-05 192.397 10.1335
1.41267e-05 207.128 10.2362
1.45225e-05 241.112 12.4862
1.49294e-05 243.92 11.6881
1.53476e-05 234.611 10.7848
1.57776e-05 232.296 10.9026
1.62196e-05 252.158 11.8994
1.66741e-05 267.092 12.1905
1.71412e-05 256.557 12.1148
1.76214e-05 283.595 13.0019
1.81151e-05 298.315 13.6212
1.86226e-05 311.711 15.7144
1.91444e-05 312.934 13.5547
1.96807e-05 312.715 13.5063
2.02321e-05 336.85 14.7295
2.0799e-05 349.169 15.6119
2.13817e-05 363.855 15.4452
2.19807e-05 365.013 14.6904
2.25965e-05 388.557 16.0665
2.32296e-05 417.489 16.8547
2.38804e-05 419.704 17.162
2.45494e-05 426.287 16.6918
2.52372e-05 455.182 16.8422
2.59443e-05 445.533 16.482
2.66711e-05 455.561 16.7776
2.74184e-05 467.865 17.2734
2.81865e-05 500.551 18.6582
2.89762e-05 482.492 17.3619
2.9788e-05 528.841 19.5869
3.06226e-05 540.448 19.1562
3.14805e-05 586.59 20.9665
3.23625e-05 592.297 21.0853
3.32691e-05 615.419 20.8408
3.42012e-05 610.767 21.2572
3.51594e-05 655.239 23.5888
3.61444e-05 654.881 21.837
3.71571e-05 698.195 21.2929
3.81981e-05 667.612 20.6308
3.92682e-05 735.893 22.792
4.03684e-05 726.493 23.5124
4.14994e-05 821.521 25.7774
4.2662e-05 809.095 24.7175
4.38573e-05 844.537 26.9059
4.5086e-05 833.666 24.9182
4.63491e-05 915.195 27.5192
4.76476e-05 897.118 26.6246
4.89826e-05 964.435 28.1428
5.03549e-05 948.81 27.1116
5.17656e-05 1026.71 28.9502
5.32159e-05 1010.99 27.9368
5.47068e-05 1115.32 33.0425
5.62395e-05 1133.17 31.5704
5.78151e-05 1128.57 31.0105
5.94349e-05 1205.33 31.4212
6.11e-05 1269.05 35.091
6.28118e-05 1261.59 32.0161
6.45716e-05 1301.55 34.5866
6.63806e-05 1323.99 32.8225
6.82404e-05 1416.82 37.4734
7.01522e-05 1457.94 35.8695
7.21176e-05 1510.53 37.5064
7.41381e-05 1571.77 39.5833
7.62152e-05 1635.05 40.1893
7.83504e-05 1596.36 37.0701
8.05455e-05 1674.79 38.7388
8.28021e-05 1729.32 40.7782
8.51219e-05 1804.63 40.3903
8.75067e-05 1847.94 42.8944
8.99583e-05 1957.82 43.4602
9.24786e-05 1936.63 42.601
9.50696e-05 2045.13 45.3135
9.7733e-05 2114.98 46.3735
0.000100471 2255.87 47.1468
0.000103286 2292.6 49.3552
0.00010618 2323.01 47.934
0.000109154 2468.44 51.177
0.000112213 2536.13 52.7443
0.000115356 2602.25 53.522
0.000118588 2593.26 52.2603
0.000121911 2720.86 54.2357
0.000125326 2765.61 53.8777
0.000128837 2874.87 54.9285
0.000132447 2963.77 58.0893
0.000136157 3178.17 60.9715
0.000139972 3124.28 58.2203
0.000143894 3245.18 59.9127
0.000147925 3492.13 63.5473
0.000152069 3589.41 64.4807
0.00015633 3485.09 61.6064
0.000160709 3727.97 66.8012
0.000165212 3819.03 68.0112
0.000169841 3908.92 68.2519
0.000174599 4064.69 68.8761
0.00017949 4213.46 69.2445
0.000184519 4301.94 69.6184
0.000189689 4451.4 71.3292
0.000195003 4620.71 76.7593
0.000200466 4794.16 78.0191
0.000206083 5022.18 82.2547
0.000211856 5142.48 81.1268
0.000217792 5239.78 83.4765
0.000223893 5505.44 85.1228
0.000230166 5506.93 85.3508
0.000236615 5822.5 88.1612
0.000243244 6018.46 91.5312
0.000250058 6059.69 90.6338
0.000257064 6295.91 91.6035
0.000264266 6600.4 97.3851
0.00027167 6914.38 101.453
0.000279281 7022.97 101.362
0.000287105 7074.07 99.5529
0.000295149 7361.86 103.272
0.000303418 7624.85 102.947
0.000311919 7712.27 101.371
0.000320658 7952.05 105.391
0.000329641 8141.19 109.811
0.000338876 8646.54 115.631
0.000348371 8844.14 113.704
0.000358131 9073.04 115.675
0.000368164 9546.1 122.906
0.000378479 9674.83 123.025
0.000389082 9830.03 122.147
0.000399983 10548.9 129.941
0.000411189 10565.4 127.442
0.000422709 10990.9 134.082
0.000434552 11336.9 135.773
0.000446726 11424.9 130.351
0.000459242 11561.3 134.362
0.000472108 12243.2 138.941
0.000485335 12802 146.056
0.000498932 13062.7 146.576
0.00051291 13599.4 151.877
0.00052728 13876.8 151.798
0.000542053 14295.8 150.288
0.000557239 14797.7 155.76
0.000572851 15311.8 163.534
0.0005889 15571.7 163.982
0.000605399 16227 167.977
0.00062236 16807 171.164
0.000639796 17110.8 172.71
0.000657721 17328.2 172.733
0.000676147 18621.5 187.202
0.000695091 18884.9 185.573
0.000714565 19220.8 185.926
0.000734584 19846 193.044
0.000755164 20305 185.985
0.000776321 21237.3 197.664
0.000798071 21817.5 199.242
0.00082043 22584.6 203.889
0.000843415 23478.3 213.22
0.000867045 23948.4 216.254
0.000891336 24715.2 214.296
0.000916308 25242.5 220.22
0.000941979 25805.4 223.977
0.00096837 26806.2 227.453
0.0009955 27714.4 234.328
0.00102339 28363.3 235.746
0.00105206 29537.8 244.569
0.00108154 29847.7 242.438
0.00111184 31232.3 252.805
0.00114299 32111.9 254.821
0.00117501 32651 253.314
0.00120793 33297.4 256.891
0.00124177 34880.7 269.488
0.00127656 35235.4 268.781
0.00131233 36978.2 282.751
0.00134909 37947.2 279.954
0.00138689 39029.4 288.508
0.00142574 39635.8 291.225
0.00146569 41345 298.292
0.00150675 42416.3 297.191
0.00154896 43549.8 307.796
0.00159236 45269.1 317.884
0.00163697 45944.4 316.402
0.00168283 47203.3 323.802
0.00172998 49535 335.48
0.00177845 49824.9 331.328
0.00182827 51863.3 345.404
0.0018795 53156.6 353.119
0.00193215 54742.4 355.797
0.00198628 56468.7 356.729
0.00204193 57927.3 361.793
0.00209914 58968.3 366.862
0.00215795 61435 380.99
0.00221841 63144.3 386.589
0.00228056 64647.5 391.456
0.00234445 66313.8 394.553
0.00241014 67955.7 403.179
0.00247766 69260.8 407.163
0.00254707 70997 412.813
0.00261843 73524.3 419.99
0.00269179 75371.7 425.783
0.00276721 77236.2 431.889
0.00284473 79374.5 441.69
0.00292443 82271.3 449.68
0.00300636 84299.5 462.262
0.00309059 86677 469.397
0.00317718 88559 470.665
0.00326619 90782.1 478.051
0.0033577 92860.2 481.544
0.00345177 95791.9 492.507
0.00354847 98813.6 506.949
0.00364789 100972 510.416
0.00375009 102601 511.95
0.00385515 106308 524.062
0.00396316 108932 533.073
0.00407419 111061 537.605
0.00418834 114461 550.45
0.00430568 117711 562.724
0.00442631 119969 560.287
0.00455031 123501 576.659
0.0046778 126502 584.859
0.00480885 128428 583.571
0.00494358 132505 599.26
0.00508208 135003 604.435
0.00522446 138789 613.181
0.00537083 142535 626.616
0.0055213 145325 633.837
0.00567599 148653 640.385
0.00583501 151850 643.227
0.00599848 155394 659.592
0.00616654 158512 662.813
0.0063393 163094 675.31
0.00651691 166227 681.764
0.00669949 168931 684.243
0.00688718 173467 699.901
0.00708013 176905 707.215
0.00727849 180985 712.649
0.00748241 185949 734.818
0.00769204 188662 735.563
0.00790754 192798 743.533
0.00812908 198072 756.931
0.00835683 203094 775.158
0.00859096 205207 778.434
0.00883164 208077 774.198
0.00907907 212753 787.765
0.00933343 215358 794.9
0.00959492 220959 808.706
0.00986374 224665 815.765
0.0101401 229072 829.723
0.0104242 232053 826.164
0.0107162 235486 833.246
0.0110164 241755 851.023
0.0113251 244946 858.226
0.0116424 249660 870.285
0.0119685 252050 872.55
0.0123039 255328 877.203
0.0126486 262645 897.145
0.0130029 266061 901.406
0.0133672 269232 910.779
0.0137417 271251 910.492
0.0141267 275930 920.668
0.0145225 276742 917.214
0.0149294 281949 930.141
0.0153476 288043 951.436
0.0157776 289619 945.119
0.0162196 292506 953.864
0.0166741 297121 963.375
0.0171412 301156 980.208
0.0176214 300792 968.026
0.0181151 306157 981.46
0.0186226 305284 972.672
0.0191444 311289 1000.35
0.0196807 312546 993.77
0.0202321 313336 996.342
0.020799 316288 1005.15
0.0213817 316027 1001.76
0.0219807 320074 1017.24
0.0225965 322316 1013.91
0.0232296 319859 1012.19
0.0238804 318566 1005.33
0.0245494 322997 1023.82
0.0252372 323993 1021.67
0.0259443 322807 1022.92
0.0266711 322766 1022.95
0.0274184 323113 1026.92
0.0281865 322286 1026.99
0.0289762 321654 1032.53
0.029788 321031 1034.86
0.0306226 317216 1017.13
0.0314805 317165 1024.34
0.0323625 314280 1016.54
0.0332691 312520 1016.41
0.0342012 311137 1019.71
0.0351594 307423 1009.91
0.0361444 303406 1010.33
0.0371571 298768 998.632
0.0381981 294573 983.725
0.0392682 292521 990.459
0.0403684 288066 986.035
0.0414994 281795 971.701
0.042662 278828 969.896
0.0438573 270139 949.386
0.045086 264651 939.102
0.0463491 261103 940.323
0.0476476 254536 926.459
0.0489826 247845 913.195
0.0503549 241590 900.591
0.0517656 236351 891.306
0.0532159 229832 893.717
0.0547068 221964 867.139
0.0562395 214368 852.873
0.0578151 208307 856.82
0.0594349 200718 831.488
0.0611 192413 812.326
0.0628118 184444 795.844
0.0645716 176660 777.992
0.0663806 168723 761.512
0.0682404 160451 733.991
0.0701522 153929 725.325
0.0721176 146376 714.783
0.0741381 139758 692.592
0.0762152 131817 675.696
0.0783504 124617 657.962
0.0805455 116487 632.021
0.0828021 111302 630.525
0.0851219 103634 601.978
0.0875067 96352.9 575.755
0.0899583 89467.7 551.15
0.0924786 84688.6 548.029
0.0950696 77225.7 516.103
0.097733 72461.4 506.813
0.100471 66935.8 487.26
0.103286 61100.3 462.901
0.10618 55451.2 436.961
0.109154 51403 425.416
0.112213 46567.8 404.748
0.115356 41546.6 373.787
0.118588 38506.1 363.131
0.121911 33263 336.873
0.125326 30628.4 325.584
0.128837 27554.5 310.767
0.132447 24809.5 295.81
0.136157 21442.8 270.994
0.139972 18691.9 253.854
0.143894 16661.1 237.494
0.147925 15047 231.651
0.152069 12852.8 207.133
0.15633 11079.6 189.903
0.160709 9739.03 186.257
0.165212 8413.83 173.291
0.169841 7300.4 162.887
0.174599 6086.27 144.601
0.17949 5138.87 138.259
0.184519 4583.78 129.81
0.189689 3586.47 112.379
0.195003 2944.71 98.2656
0.200466 2356.3 94.1276
0.206083 2001.72 81.0341
0.211856 1712.34 78.0235
0.217792 1369.02 74.8965
0.223893 1109.94 65.5203
0.230166 787.822 44.6191
0.236615 759.804 54.7883
0.243244 554.556 51.9765
0.250058 399.847 35.5428
0.257064 309.586 29.6249
0.264266 249.6 26.9168
0.27167 179.553 26.3858
0.279281 139.97 21.7591
0.287105 116.657 21.3587
0.295149 60.6237 7.44616
0.303418 45.6419 7.85699
0.311919 62.3391 13.1395
0.320658 24.8766 4.93937
0.329641 13.0253 3.28501
0.338876 21.729 6.50818
0.348371 9.72752 2.95041
0.358131 3.01112 1.07211
0.368164 3.49758 1.49456
0.378479 2.2296 0.929086
0.389082 1.56918 0.828264
0.399983 0.543253 0.4264
0.411189 0.350817 0.350817
0.422709 0.172428 0.172428
0.434552 0 0
0.446726 0.146434 0.146434
0.459242 0.290764 0.290764
0.472108 0 0
0.485335 1.37968 1.37968
0.498932 0 0
0.51291 0 0
0.52728 0 0
0.542053 0 0
0.557239 0 0
0.572851 0 0
0.5889 0 0
0.605399 0 0
0.62236 0 0
0.639796 0 0
0.657721 0 0
0.676147 0 0
0.695091 0 0
0.714565 0 0
0.734584 0 0
0.755164 0 0
0.776321 0 0
0.798071 0 0
0.82043 0 0
0.843415 0 0
0.867045 0 0
0.891336 0 0
0.916308 0 0
0.941979 0 0
0.96837 0 0
0.9955 0 0
1.02339 0 0
1.05206 0 0
1.08154 0 0
1.11184 0 0
1.14299 0 0
1.17501 0 0
1.20793 0 0
1.24177 0 0
1.27656 0 0
1.31233 0 0
1.34909 0 0
1.38689 0 0
1.42574 0 0
1.46569 0 0
1.50675 0 0
1.54896 0 0
1.59236 0 0
1.63697 0 0
1.68283 0 0
1.72998 0 0
1.77845 0 0
1.82827 0 0
1.8795 0 0
1.93215 0 0
1.98628 0 0
2.04193 0 0
2.09914 0 0
2.15795 0 0
2.21841 0 0
2.28056 0 0
2.34445 0 0
2.41014 0 0
2.47766 0 0
2.54707 0 0
2.61843 0 0
2.69179 0 0
2.76721 0 0
2.84473 0 0
2.92443 0 0
3.00636 0 0
3.09059 0 0
3.17718 0 0
3.26619 0 0
3.3577 0 0
3.45177 0 0
3.54847 0 0
3.64789 0 0
3.75009 0 0
3.85515 0 0
3.96316 0 0
4.07419 0 0
4.18834 0 0
4.30568 0 0
4.42631 0 0
4.55031 0 0
4.6778 0 0
4.80885 0 0
4.94358 0 0
5.08208 0 0
5.22446 0 0
5.37083 0 0
5.5213 0 0
5.67599 0 0
5.83501 0 0
5.99848 0 0
6.16654 0 0
6.3393 0 0
6.51691 0 0
6.69949 0 0
6.88718 0 0
7.08013 0 0
7.27849 0 0
7.48241 0 0
7.69204 0 0
7.90754 0 0
8.12908 0 0
8.35683 0 0
8.59096 0 0
8.83164 0 0
9.07907 0 0
9.33343 0 0
9.59492 0 0
9.86374 0 0
10.1401 0 0
10.4242 0 0
10.7162 0 0
11.0164 0 0
11.3251 0 0
11.6424 0 0
11.9685 0 0
12.3039 0 0
12.6486 0 0
13.0029 0 0
13.3672 0 0
13.7417 0 0
14.1267 0 0
14.5225 0 0
14.9294 0 0
15.3476 0 0
15.7776 0 0
16.2196 0 0
16.6741 0 0
17.1412 0 0
17.6214 0 0
18.1151 0 0
18.6226 0 0
19.1444 0 0
19.6807 0 0
20.2321 0 0
20.799 0 0
21.3817 0 0
21.9807 0 0
22.5965 0 0
23.2296 0 0
23.8804 0 0
24.5494 0 0
25.2372 0 0
25.9443 0 0
26.6711 0 0
27.4184 0 0
28.1865 0 0
28.9762 0 0
29.788 0 0
30.6226 0 0
31.4805 0 0
32.3625 0 0
33.2691 0 0
34.2012 0 0
35.1594 0 0
36.1444 0 0
37.1571 0 0
38.1981 0 0
39.2682 0 0
40.3684 0 0
41.4994 0 0
42.662 0 0
43.8573 0 0
45.086 0 0
46.3491 0 0
47.6476 0 0
48.9826 0 0
50.3549 0 0
51.7656 0 0
53.2159 0 0
54.7068 0 0
56.2395 0 0
57.8151 0 0
59.4349 0 0
61.1 0 0
62.8118 0 0
64.5716 0 0
66.3806 0 0
68.2404 0 0
70.1522 0 0
72.1176 0 0
74.1381 0 0
76.2152 0 0
78.3504 0 0
80.5455 0 0
82.8021 0 0
85.1219 0 0
87.5067 0 0
89.9583 0 0
92.4786 0 0
95.0696 0 0
97.733 0 0
100.471 0 0
103.286 0 0
106.18 0 0
109.154 0 0
112.213 0 0
115.356 0 0
118.588 0 0
121.911 0 0
125.326 0 0
128.837 0 0
132.447 0 0
136.157 0 0
139.972 0 0
143.894 0 0
147.925 0 0
152.069 0 0
156.33 0 0
160.709 0 0
165.212 0 0
169.841 0 0
174.599 0 0
179.49 0 0
184.519 0 0
189.689 0 0
195.003 0 0
200.466 0 0
206.083 0 0
211.856 0 0
217.792 0 0
223.893 0 0
230.166 0 0
236.615 0 0
243.244 0 0
250.058 0 0
257.064 0 0
264.266 0 0
271.67 0 0
279.281 0 0
287.105 0 0
295.149 0 0
303.418 0 0
311.919 0 0
320.658 0 0
329.641 0 0
338.876 0 0
348.371 0 0
358.131 0 0
368.164 0 0
378.479 0 0
389.082 0 0
399.983 0 0
411.189 0 0
422.709 0 0
434.552 0 0
446.726 0 0
459.242 0 0
472.108 0 0
485.335 0 0
498.932 0 0
512.91 0 0
527.28 0 0
542.053 0 0
557.239 0 0
572.851 0 0
588.9 0 0
605.399 0 0
622.36 0 0
639.796 0 0
657.721 0 0
676.147 0 0
695.091 0 0
714.565 0 0
734.584 0 0
755.164 0 0
776.321 0 0
798.071 0 0
820.43 0 0
843.415 0 0
867.045 0 0
891.336 0 0
916.308 0 0
941.979 0 0
968.37 0 0
995.5 0 0
1023.39 0 0
1052.06 0 0
1081.54 0 0
1111.84 0 0
1142.99 0 0
1175.01 0 0
1207.93 0 0
1241.77 0 0
1276.56 0 0
1312.33 0 0
1349.09 0 0
1386.89 0 0
1425.74 0 0
1465.69 0 0
1506.75 0 0
1548.96 0 0
1592.36 0 0
1636.97 0 0
1682.83 0 0
1729.98 0 0
1778.45 0 0
1828.27 0 0
1879.5 0 0
1932.15 0 0
1986.28 0 0
2041.93 0 0
2099.14 0 0
2157.95 0 0
2218.41 0 0
2280.56 0 0
2344.45 0 0
2410.14 0 0
2477.66 0 0
2547.07 0 0
2618.43 0 0
2691.79 0 0
2767.21 0 0
2844.73 0 0
2924.43 0 0
3006.36 0 0
3090.59 0 0
3177.18 0 0
3266.19 0 0
3357.7 0 0
3451.77 0 0
3548.47 0 0
3647.89 0 0
3750.09 0 0
3855.15 0 0
3963.16 0 0
4074.19 0 0
4188.34 0 0
4305.68 0 0
4426.31 0 0
4550.31 0 0
4677.8 0 0
4808.85 0 0
4943.58 0 0
5082.08 0 0
5224.46 0 0
5370.83 0 0
5521.3 0 0
5675.99 0 0
5835.01 0 0
5998.48 0 0
6166.54 0 0
6339.3 0 0
6516.91 0 0
6699.49 0 0
6887.18 0 0
7080.13 0 0
7278.49 0 0
7482.41 0 0
7692.04 0 0
7907.54 0 0
8129.08 0 0
8356.83 0 0
8590.96 0 0
8831.64 0 0
9079.07 0 0
9333.43 0 0
9594.92 0 0
9863.74 0 0
10140.1 0 0
10424.2 0 0
10716.2 0 0
11016.4 0 0
11325.1 0 0
11642.4 0 0
11968.5 0 0
12303.9 0 0
12648.6 0 0
13002.9 0 0
13367.2 0 0
13741.7 0 0
14126.7 0 0
14522.5 0 0
14929.4 0 0
15347.6 0 0
15777.6 0 0
16219.6 0 0
16674.1 0 0
17141.2 0 0
17621.4 0 0
18115.1 0 0
18622.6 0 0
19144.4 0 0
19680.7 0 0
20232.1 0 0
20799 0 0
21381.7 0 0
21980.7 0 0
22596.5 0 0
23229.6 0 0
23880.4 0 0
24549.4 0 0
25237.2 0 0
25944.3 0 0
26671.1 0 0
27418.4 0 0
28186.5 0 0
28976.2 0 0
29788 0 0
30622.6 0 0
31480.5 0 0
32362.5 0 0
33269.1 0 0
34201.2 0 0
35159.4 0 0
36144.4 0 0
37157.1 0 0
38198.1 0 0
39268.2 0 0
40368.4 0 0
41499.4 0 0
42662 0 0
43857.3 0 0
45086 0 0
46349.1 0 0
47647.6 0 0
48982.6 0 0
50354.9 0 0
51765.6 0 0
53215.9 0 0
54706.8 0 0
56239.5 0 0
57815.1 0 0
59434.9 0 0
61100 0 0
62811.8 0 0
64571.6 0 0
66380.6 0 0
68240.4 0 0
70152.2 0 0
72117.6 0 0
74138.1 0 0
76215.2 0 0
78350.4 0 0
80545.5 0 0
82802.1 0 0
85121.9 0 0
87506.7 0 0
89958.3 0 0
92478.6 0 0
95069.6 0 0
97733 0 0
100471 0 0
103286 0 0
106180 0 0
109154 0 0
112213 0 0
115356 0 0
118588 0 0
121911 0 0
125326 0 0
128837 0 0
132447 0 0
136157 0 0
139972 0 0
143894 0 0
147925 0 0
152069 0 0
156330 0 0
160709 0 0
165212 0 0
169841 0 0
174599 0 0
179490 0 0
184519 0 0
189689 0 0
195003 0 0
200466 0 0
206083 0 0
211856 0 0
217792 0 0
223893 0 0
230166 0 0
236615 0 0
243244 0 0
250058 0 0
257064 0 0
264266 0 0
271670 0 0
279281 0 0
287105 0 0
295149 0 0
303418 0 0
311919 0 0
320658 0 0
329641 0 0
338876 0 0
348371 0 0
358131 0 0
368164 0 0
378479 0 0
389082 0 0
399983 0 0
411189 0 0
422709 0 0
434552 0 0
446726 0 0
459242 0 0
472108 0 0
485335 0 0
498932 0 0
512910 0 0
527280 0 0
542053 0 0
557239 0 0
572851 0 0
588900 0 0
605399 0 0
622360 0 0
639796 0 0
657721 0 0
676147 0 0
695091 0 0
714565 0 0
734584 0 0
755164 0 0
776321 0 0
798071 0 0
820430 0 0
843415 0 0
867045 0 0
891336 0 0
916308 0 0
941979 0 0
968370 0 0
995500 0 0
1.02339e+06 0 0
1.05206e+06 0 0
1.08154e+06 0 0
1.11184e+06 0 0
1.14299e+06 0 0
1.17501e+06 0 0
1.20793e+06 0 0
1.24177e+06 0 0
1.27656e+06 0 0
1.31233e+06 0 0
1.34909e+06 0 0
1.38689e+06 0 0
1.42574e+06 0 0
1.46569e+06 0 0
1.50675e+06 0 0
1.54896e+06 0 0
1.59236e+06 0 0
1.63697e+06 0 0
1.68283e+06 0 0
1.72998e+06 0 0
1.77845e+06 0 0
1.82827e+06 0 0
1.8795e+06 0 0
1.93215e+06 0 0
1.98628e+06 0 0
2.04193e+06 0 0
2.09914e+06 0 0
2.15795e+06 0 0
2.21841e+06 0 0
2.28056e+06 0 0
2.34445e+06 0 0
2.41014e+06 0 0
2.47766e+06 0 0
2.54707e+06 0 0
2.61843e+06 0 0
2.69179e+06 0 0
2.76721e+06 0 0
2.84473e+06 0 0
2.92443e+06 0 0
3.00636e+06 0 0
3.09059e+06 0 0
3.17718e+06 0 0
3.26619e+06 0 0
3.3577e+06 0 0
3.45177e+06 0 0
3.54847e+06 0 0
3.64789e+06 0 0
3.75009e+06 0 0
3.85515e+06 0 0
3.96316e+06 0 0
4.07419e+06 0 0
4.18834e+06 0 0
4.30568e+06 0 0
4.42631e+06 0 0
4.55031e+06 0 0
4.6778e+06 0 0
4.80885e+06 0 0
4.94358e+06 0 0
5.08208e+06 0 0
5.22446e+06 0 0
5.37083e+06 0 0
5.5213e+06 0 0
5.67599e+06 0 0
5.83501e+06 0 0
5.99848e+06 0 0
6.16654e+06 0 0
6.3393e+06 0 0
6.51691e+06 0 0
6.69949e+06 0 0
6.88718e+06 0 0
7.08013e+06 0 0
7.27849e+06 0 0
7.48241e+06 0 0
7.69204e+06 0 0
7.90754e+06 0 0
8.12908e+06 0 0
8.35683e+06 0 0
8.59096e+06 0 0
8.83164e+06 0 0
9.07907e+06 0 0
9.33343e+06 0 0
9.59492e+06 0 0
9.86374e+06 0 0
