1.01401e-05 135.723 7.82482
1.04242e-05 135.472 7.86054
1.07162e-05 149.453 8.40981
1.10164e-05 136.519 7.51343
1.13251e-05 161.078 9.13405
1.16424e-05 173.231 9.4963
1.19685e-05 163.205 8.61035
1.23039e-05 181.446 9.72518
1.26486e-05 189.528 10.3057
1.30029e-05 190.437 10.0544
1.33672e-05 199.669 10.3832
1.37417e-05 191.289 10.1799
1.41267e-05 195.807 10.23
1.45225e-05 223.61 11.5365
1.49294e-05 228.594 10.7892
1.53476e-05 223.239 10.279
1.57776e-05 231.74 10.9633
1.62196e-05 274.895 12.3704
1.66741e-05 260.619 12.7771
1.71412e-05 259.563 11.9098
1.76214e-05 256.061 11.8117
1.81151e-05 279.707 14.6806
1.86226e-05 264.823 11.887
1.91444e-05 292.632 12.5073
1.96807e-05 323.924 14.0399
2.02321e-05 329.409 13.8222
2.0799e-05 351.041 13.9919
2.13817e-05 343.738 13.8403
2.19807e-05 357.662 14.4432
2.25965e-05 362.636 14.2818
2.32296e-05 352.856 14.527
2.38804e-05 388.179 15.4958
2.45494e-05 411.343 16.3105
2.52372e-05 411.188 15.9368
2.59443e-05 450.843 16.6334
2.66711e-05 423.336 15.2882
2.74184e-05 463.429 17.182
2.81865e-05 477.726 17.5376
2.89762e-05 494.301 19.0122
2.9788e-05 529.643 18.6627
3.06226e-05 523.462 18.865
3.14805e-05 525.081 19.0438
3.23625e-05 571.021 21.5969
3.32691e-05 586.958 20.5975
3.42012e-05 623.781 20.8643
3.51594e-05 651.011 21.3972
3.61444e-05 642.467 21.216
3.71571e-05 646.129 20.3889
3.81981e-05 691.29 21.8787
3.92682e-05 715.964 22.2204
4.03684e-05 697.427 23.2393
4.14994e-05 793.677 25.1925
4.2662e-05 769.529 25.429
4.38573e-05 775.259 24.8887
4.5086e-05 810.554 24.8115
4.63491e-05 858.462 25.7431
4.76476e-05 856.831 24.6928
4.89826e-05 933.191 28.0255
5.03549e-05 981.466 28.3514
5.17656e-05 930.501 27.6617
5.32159e-05 1017.77 28.0138
5.47068e-05 1038.55 29.2881
5.62395e-05 1074.35 30.3492
5.78151e-05 1139.14 31.2085
5.94349e-05 1123.62 29.62
6.11e-05 1150.09 30.7356
6.28118e-05 1239.58 33.1482
6.45716e-05 1206.48 31.8258
6.63806e-05 1340.4 35.8118
6.82404e-05 1439.19 37.2067
7.01522e-05 1365.27 34.4232
7.21176e-05 1434.43 35.5983
7.41381e-05 1535.14 38.0496
7.62152e-05 1572.61 39.1907
7.83504e-05 1568.59 39.1361
8.05455e-05 1629.41 39.3988
8.28021e-05 1680.82 39.8696
8.51219e-05 1647.48 38.367
8.75067e-05 1761.88 40.8335
8.99583e-05 1916.63 42.1147
9.24786e-05 1913.12 43.8594
9.50696e-05 1939.44 43.6183
9.7733e-05 2099.47 46.6948
0.000100471 2127 46.185
0.000103286 2175.96 47.0239
0.00010618 2289.58 50.2526
0.000109154 2312.27 48.0379
0.000112213 2347.42 47.6467
0.000115356 2481.14 49.9251
0.000118588 2531.62 51.8134
0.000121911 2773.05 56.2186
0.000125326 2783.59 54.3625
0.000128837 2747.1 53.6159
0.000132447 2899.78 57.4966
0.000136157 2935.54 56.2778
0.000139972 3072.52 59.4428
0.000143894 3217.04 60.8143
0.000147925 3166.23 57.8355
0.000152069 3410.89 61.7656
0.00015633 3551.14 64.9731
0.000160709 3642 65.7625
0.000165212 3821.96 66.7706
0.000169841 3894.05 69.7146
0.000174599 3975.37 66.0485
0.00017949 3997 66.6355
0.000184519 4211.02 74.031
0.000189689 4104.12 67.2871
0.000195003 4342.07 71.2269
0.000200466 4501.37 72.0933
0.000206083 4790.01 75.8945
0.000211856 5068.96 86.1207
0.000217792 5143.97 82.4999
0.000223893 5195.75 80.2907
0.000230166 5252.05 82.5606
0.000236615 5742.21 89.0077
0.000243244 5829.86 87.0487
0.000250058 6004.19 89.8876
0.000257064 6201.23 92.3612
0.000264266 6280.96 91.2904
0.00027167 6609.25 98.4216
0.000279281 6611.97 96.383
0.000287105 6898.59 96.5827
0.000295149 7047.63 99.8121
0.000303418 7215.55 100.033
0.000311919 7774.68 107.345
0.000320658 7577.25 103.686
0.000329641 7749.04 102.153
0.000338876 8128.82 108.133
0.000348371 8631.95 114.178
0.000358131 8883.88 112.913
0.000368164 8990.97 115.595
0.000378479 9335.69 117.316
0.000389082 9760.74 121.923
0.000399983 9875.99 123.291
0.000411189 10281.6 129.869
0.000422709 10381 125.569
0.000434552 10892.5 125.696
0.000446726 10817.1 122.745
0.000459242 11627.6 136.997
0.000472108 11714.7 135.46
0.000485335 12303 139.91
0.000498932 12709.1 143.248
0.00051291 13076.1 148.626
0.00052728 13843 150.315
0.000542053 14030.5 153.308
0.000557239 14293.5 154.613
0.000572851 14908.3 156.836
0.0005889 15022.1 163.03
0.000605399 15461.3 161.339
0.00062236 16135.1 167.142
0.000639796 16419.8 167.634
0.000657721 17336.2 176.666
0.000676147 17286.8 172.156
0.000695091 17777.1 174.891
0.000714565 18432.7 176.097
0.000734584 19461.5 186.188
0.000755164 19632.5 188.131
0.000776321 20386.6 190.394
0.000798071 20978.6 192.118
0.00082043 21570.8 202.588
0.000843415 22393.4 206.652
0.000867045 23047.6 210.099
0.000891336 23872.9 217.095
0.000916308 23762.2 208.496
0.000941979 24946.2 222.147
0.00096837 25645.9 221.602
0.0009955 26473.5 223.661
0.00102339 27680 236.18
0.00105206 27974.2 233.635
0.00108154 28843.1 236.43
0.00111184 29738.4 242.339
0.00114299 31098.8 249.219
0.00117501 31399.8 250.178
0.00120793 32316.6 251.531
0.00124177 33058.7 254.9
0.00127656 34598.9 269.354
0.00131233 35482.7 269.82
0.00134909 36527.6 274.439
0.00138689 37147.8 278.059
0.00142574 37963.7 279.096
0.00146569 39582.5 287.84
0.00150675 40683.7 294.316
0.00154896 42235.6 298.042
0.00159236 43110 302.101
0.00163697 44241.4 310.568
0.00168283 45665.9 318.683
0.00172998 46330.4 314.377
0.00177845 48416.6 327.165
0.00182827 49685.1 329.018
0.0018795 51613.1 339.656
0.00193215 52340.5 340.516
0.00198628 53847.7 345.242
0.00204193 55255.1 350.877
0.00209914 57045.9 355.463
0.00215795 58273.9 365.46
0.00221841 59725.5 365.734
0.00228056 62362.1 383.173
0.00234445 63545.3 383.819
0.00241014 65608.5 388.707
0.00247766 66766.9 395.397
0.00254707 68596.3 397.891
0.00261843 70250.5 403.031
0.00269179 72345.9 413.488
0.00276721 74677.8 424.727
0.00284473 76327.7 431.108
0.00292443 78304.9 432.656
0.00300636 81019 446.343
0.00309059 82480.9 445.629
0.00317718 84734.2 453.531
0.00326619 86573 459.882
0.0033577 88717.3 464.367
0.00345177 91909.3 483.558
0.00354847 93621.7 479.277
0.00364789 96146.2 493.54
0.00375009 99446.5 504.951
0.00385515 102188 511.992
0.00396316 104191 515.662
0.00407419 107058 519.147
0.00418834 107919 514.695
0.00430568 111690 532.646
0.00442631 114717 539.894
0.00455031 117247 546.894
0.0046778 121765 567.255
0.00480885 123812 569.814
0.00494358 125735 570.082
0.00508208 128974 576.922
0.00522446 133098 589.184
0.00537083 136246 600.564
0.0055213 137793 601.539
0.00567599 142899 618.679
0.00583501 146121 626.123
0.00599848 148523 628.924
0.00616654 151741 637.009
0.0063393 155067 644.048
0.00651691 158116 654.903
0.00669949 161957 660.735
0.00688718 167217 685.553
0.00708013 170075 684.764
0.00727849 173846 697.816
0.00748241 176891 698.651
0.00769204 180062 704.927
0.00790754 184437 715.084
0.00812908 187896 725.962
0.00835683 190710 726.221
0.00859096 194825 739.785
0.00883164 199197 750.412
0.00907907 203629 759.669
0.00933343 206361 761.173
0.00959492 211603 780.167
0.00986374 214169 781.459
0.0101401 219698 791.272
0.0104242 222760 799.571
0.0107162 226288 803.862
0.0110164 230761 816.708
0.0113251 232880 820.14
0.0116424 238544 834.117
0.0119685 241343 841.861
0.0123039 245560 847.137
0.0126486 249171 853.964
0.0130029 251357 851.955
0.0133672 256609 868.855
0.0137417 260304 879.893
0.0141267 263723 887.657
0.0145225 267733 896.598
0.0149294 270279 892.851
0.0153476 272877 899.302
0.0157776 277111 912.339
0.0162196 277857 901.726
0.0166741 282083 920.654
0.0171412 286135 934.465
0.0176214 287607 931.101
0.0181151 290498 934.522
0.0186226 292089 938.134
0.0191444 295829 947.792
0.0196807 297528 947.445
0.0202321 300599 962.401
0.020799 300325 953.418
0.0213817 302791 963.059
0.0219807 304339 967.59
0.0225965 305670 972.409
0.0232296 305788 971.532
0.0238804 308106 979.631
0.0245494 307368 976.427
0.0252372 307231 970.222
0.0259443 306909 971.091
0.0266711 308388 981.928
0.0274184 308325 982.027
0.0281865 307713 978.733
0.0289762 306496 981.179
0.029788 306056 981.041
0.0306226 302940 976.461
0.0314805 302604 977.519
0.0323625 298937 971.407
0.0332691 298417 976.056
0.0342012 295381 968.863
0.0351594 291226 959.123
0.0361444 289778 961.994
0.0371571 286107 959.337
0.0381981 281282 947.42
0.0392682 276435 934.104
0.0403684 274913 938.044
0.0414994 268583 928.815
0.042662 265073 924.653
0.0438573 258519 909.787
0.045086 252625 901.13
0.0463491 247945 895.738
0.0476476 242360 882.585
0.0489826 236707 877.507
0.0503549 231132 861.923
0.0517656 223450 850.389
0.0532159 216988 836.874
0.0547068 210685 833.917
0.0562395 204122 818.362
0.0578151 196662 802.397
0.0594349 190384 787.688
0.0611 182347 771.457
0.0628118 175505 758.578
0.0645716 169672 747.56
0.0663806 161727 732.62
0.0682404 153789 709.767
0.0701522 146410 698.085
0.0721176 138888 673.583
0.0741381 132200 660.244
0.0762152 125786 647.818
0.0783504 118772 625.519
0.0805455 110510 598.1
0.0828021 105616 594.068
0.0851219 98835.2 574.084
0.0875067 91978.5 551.021
0.0899583 86099.6 539.052
0.0924786 78652.6 502.23
0.0950696 73775.8 495.464
0.097733 68655.7 476.09
0.100471 63106.2 467.234
0.103286 58254.6 443.147
0.10618 53864.1 427.598
0.109154 47973.6 397.984
0.112213 43993.3 383.336
0.115356 40170.9 368.2
0.118588 37089.8 358.711
0.121911 32922.5 336.874
0.125326 29371.3 316.137
0.128837 25907.6 287.849
0.132447 23133.9 271.865
0.136157 20701.5 267.831
0.139972 18443.9 251.772
0.143894 15939.6 238.778
0.147925 14075 218.263
0.152069 12326.4 208.57
0.15633 10854 193.676
0.160709 8885.86 164.122
0.165212 7946.7 165.013
0.169841 6682.42 152.758
0.174599 6000.42 148.227
0.17949 4670.74 122.241
0.184519 3990.8 115.088
0.189689 3359.07 105.671
0.195003 2711.72 92.15
0.200466 2303.73 84.6159
0.206083 1926.05 79.5113
0.211856 1707.33 79.9213
0.217792 1333.3 71.251
0.223893 1001.01 53.521
0.230166 881.46 59.9107
0.236615 672.749 45.8337
0.243244 476.597 36.7445
0.250058 450.684 35.8337
0.257064 317.495 32.4235
0.264266 203.95 17.9814
0.27167 175.646 23.3086
0.279281 132.409 16.526
0.287105 73.3905 9.40638
0.295149 78.5862 14.2964
0.303418 63.7483 14.249
0.311919 34.9603 7.81689
0.320658 21.3946 4.15063
0.329641 17.7748 5.07727
0.338876 7.28658 1.97965
0.348371 9.8667 2.9859
0.358131 4.88955 1.79102
0.368164 2.99505 1.00914
0.378479 5.0186 2.14042
0.389082 2.05238 0.904817
0.399983 0.345261 0.244897
0.411189 1.61878 0.971712
0.422709 0.555602 0.439628
0.434552 3.02097 2.28486
0.446726 2.02384 1.64265
0.459242 0 0
0.472108 0 0
0.485335 0 0
0.498932 0 0
0.51291 0 0
0.52728 0.214889 0.214889
0.542053 0 0
0.557239 0 0
0.572851 0 0
0.5889 0 0
0.605399 0 0
0.62236 0 0
0.639796 0 0
0.657721 0 0
0.676147 0 0
0.695091 0 0
0.714565 0 0
0.734584 0 0
0.755164 0 0
0.776321 0 0
0.798071 0 0
0.82043 0 0
0.843415 0 0
0.867045 0 0
0.891336 0 0
0.916308 0 0
0.941979 0 0
0.96837 0 0
0.9955 0 0
1.02339 0 0
1.05206 0 0
1.08154 0 0
1.11184 0 0
1.14299 0 0
1.17501 0 0
1.20793 0 0
1.24177 0 0
1.27656 0 0
1.31233 0 0
1.34909 0 0
1.38689 0 0
1.42574 0 0
1.46569 0 0
1.50675 0 0
1.54896 0 0
1.59236 0 0
1.63697 0 0
1.68283 0 0
1.72998 0 0
1.77845 0 0
1.82827 0 0
1.8795 0 0
1.93215 0 0
1.98628 0 0
2.04193 0 0
2.09914 0 0
2.15795 0 0
2.21841 0 0
2.28056 0 0
2.34445 0 0
2.41014 0 0
2.47766 0 0
2.54707 0 0
2.61843 0 0
2.69179 0 0
2.76721 0 0
2.84473 0 0
2.92443 0 0
3.00636 0 0
3.09059 0 0
3.17718 0 0
3.26619 0 0
3.3577 0 0
3.45177 0 0
3.54847 0 0
3.64789 0 0
3.75009 0 0
3.85515 0 0
3.96316 0 0
4.07419 0 0
4.18834 0 0
4.30568 0 0
4.42631 0 0
4.55031 0 0
4.6778 0 0
4.80885 0 0
4.94358 0 0
5.08208 0 0
5.22446 0 0
5.37083 0 0
5.5213 0 0
5.67599 0 0
5.83501 0 0
5.99848 0 0
6.16654 0 0
6.3393 0 0
6.51691 0 0
6.69949 0 0
6.88718 0 0
7.08013 0 0
7.27849 0 0
7.48241 0 0
7.69204 0 0
7.90754 0 0
8.12908 0 0
8.35683 0 0
8.59096 0 0
8.83164 0 0
9.07907 0 0
9.33343 0 0
9.59492 0 0
9.86374 0 0
10.1401 0 0
10.4242 0 0
10.7162 0 0
11.0164 0 0
11.3251 0 0
11.6424 0 0
11.9685 0 0
12.3039 0 0
12.6486 0 0
13.0029 0 0
13.3672 0 0
13.7417 0 0
14.1267 0 0
14.5225 0 0
14.9294 0 0
15.3476 0 0
15.7776 0 0
16.2196 0 0
16.6741 0 0
17.1412 0 0
17.6214 0 0
18.1151 0 0
18.6226 0 0
19.1444 0 0
19.6807 0 0
20.2321 0 0
20.799 0 0
21.3817 0 0
21.9807 0 0
22.5965 0 0
23.2296 0 0
23.8804 0 0
24.5494 0 0
25.2372 0 0
25.9443 0 0
26.6711 0 0
27.4184 0 0
28.1865 0 0
28.9762 0 0
29.788 0 0
30.6226 0 0
31.4805 0 0
32.3625 0 0
33.2691 0 0
34.2012 0 0
35.1594 0 0
36.1444 0 0
37.1571 0 0
38.1981 0 0
39.2682 0 0
40.3684 0 0
41.4994 0 0
42.662 0 0
43.8573 0 0
45.086 0 0
46.3491 0 0
47.6476 0 0
48.9826 0 0
50.3549 0 0
51.7656 0 0
53.2159 0 0
54.7068 0 0
56.2395 0 0
57.8151 0 0
59.4349 0 0
61.1 0 0
62.8118 0 0
64.5716 0 0
66.3806 0 0
68.2404 0 0
70.1522 0 0
72.1176 0 0
74.1381 0 0
76.2152 0 0
78.3504 0 0
80.5455 0 0
82.8021 0 0
85.1219 0 0
87.5067 0 0
89.9583 0 0
92.4786 0 0
95.0696 0 0
97.733 0 0
100.471 0 0
103.286 0 0
106.18 0 0
109.154 0 0
112.213 0 0
115.356 0 0
118.588 0 0
121.911 0 0
125.326 0 0
128.837 0 0
132.447 0 0
136.157 0 0
139.972 0 0
143.894 0 0
147.925 0 0
152.069 0 0
156.33 0 0
160.709 0 0
165.212 0 0
169.841 0 0
174.599 0 0
179.49 0 0
184.519 0 0
189.689 0 0
195.003 0 0
200.466 0 0
206.083 0 0
211.856 0 0
217.792 0 0
223.893 0 0
230.166 0 0
236.615 0 0
243.244 0 0
250.058 0 0
257.064 0 0
264.266 0 0
271.67 0 0
279.281 0 0
287.105 0 0
295.149 0 0
303.418 0 0
311.919 0 0
320.658 0 0
329.641 0 0
338.876 0 0
348.371 0 0
358.131 0 0
368.164 0 0
378.479 0 0
389.082 0 0
399.983 0 0
411.189 0 0
422.709 0 0
434.552 0 0
446.726 0 0
459.242 0 0
472.108 0 0
485.335 0 0
498.932 0 0
512.91 0 0
527.28 0 0
542.053 0 0
557.239 0 0
572.851 0 0
588.9 0 0
605.399 0 0
622.36 0 0
639.796 0 0
657.721 0 0
676.147 0 0
695.091 0 0
714.565 0 0
734.584 0 0
755.164 0 0
776.321 0 0
798.071 0 0
820.43 0 0
843.415 0 0
867.045 0 0
891.336 0 0
916.308 0 0
941.979 0 0
968.37 0 0
995.5 0 0
1023.39 0 0
1052.06 0 0
1081.54 0 0
1111.84 0 0
1142.99 0 0
1175.01 0 0
1207.93 0 0
1241.77 0 0
1276.56 0 0
1312.33 0 0
1349.09 0 0
1386.89 0 0
1425.74 0 0
1465.69 0 0
1506.75 0 0
1548.96 0 0
1592.36 0 0
1636.97 0 0
1682.83 0 0
1729.98 0 0
1778.45 0 0
1828.27 0 0
1879.5 0 0
1932.15 0 0
1986.28 0 0
2041.93 0 0
2099.14 0 0
2157.95 0 0
2218.41 0 0
2280.56 0 0
2344.45 0 0
2410.14 0 0
2477.66 0 0
2547.07 0 0
2618.43 0 0
2691.79 0 0
2767.21 0 0
2844.73 0 0
2924.43 0 0
3006.36 0 0
3090.59 0 0
3177.18 0 0
3266.19 0 0
3357.7 0 0
3451.77 0 0
3548.47 0 0
3647.89 0 0
3750.09 0 0
3855.15 0 0
3963.16 0 0
4074.19 0 0
4188.34 0 0
4305.68 0 0
4426.31 0 0
4550.31 0 0
4677.8 0 0
4808.85 0 0
4943.58 0 0
5082.08 0 0
5224.46 0 0
5370.83 0 0
5521.3 0 0
5675.99 0 0
5835.01 0 0
5998.48 0 0
6166.54 0 0
6339.3 0 0
6516.91 0 0
6699.49 0 0
6887.18 0 0
7080.13 0 0
7278.49 0 0
7482.41 0 0
7692.04 0 0
7907.54 0 0
8129.08 0 0
8356.83 0 0
8590.96 0 0
8831.64 0 0
9079.07 0 0
9333.43 0 0
9594.92 0 0
9863.74 0 0
10140.1 0 0
10424.2 0 0
10716.2 0 0
11016.4 0 0
11325.1 0 0
11642.4 0 0
11968.5 0 0
12303.9 0 0
12648.6 0 0
13002.9 0 0
13367.2 0 0
13741.7 0 0
14126.7 0 0
14522.5 0 0
14929.4 0 0
15347.6 0 0
15777.6 0 0
16219.6 0 0
16674.1 0 0
17141.2 0 0
17621.4 0 0
18115.1 0 0
18622.6 0 0
19144.4 0 0
19680.7 0 0
20232.1 0 0
20799 0 0
21381.7 0 0
21980.7 0 0
22596.5 0 0
23229.6 0 0
23880.4 0 0
24549.4 0 0
25237.2 0 0
25944.3 0 0
26671.1 0 0
27418.4 0 0
28186.5 0 0
28976.2 0 0
29788 0 0
30622.6 0 0
31480.5 0 0
32362.5 0 0
33269.1 0 0
34201.2 0 0
35159.4 0 0
36144.4 0 0
37157.1 0 0
38198.1 0 0
39268.2 0 0
40368.4 0 0
41499.4 0 0
42662 0 0
43857.3 0 0
45086 0 0
46349.1 0 0
47647.6 0 0
48982.6 0 0
50354.9 0 0
51765.6 0 0
53215.9 0 0
54706.8 0 0
56239.5 0 0
57815.1 0 0
59434.9 0 0
61100 0 0
62811.8 0 0
64571.6 0 0
66380.6 0 0
68240.4 0 0
70152.2 0 0
72117.6 0 0
74138.1 0 0
76215.2 0 0
78350.4 0 0
80545.5 0 0
82802.1 0 0
85121.9 0 0
87506.7 0 0
89958.3 0 0
92478.6 0 0
95069.6 0 0
97733 0 0
100471 0 0
103286 0 0
106180 0 0
109154 0 0
112213 0 0
115356 0 0
118588 0 0
121911 0 0
125326 0 0
128837 0 0
132447 0 0
136157 0 0
139972 0 0
143894 0 0
147925 0 0
152069 0 0
156330 0 0
160709 0 0
165212 0 0
169841 0 0
174599 0 0
179490 0 0
184519 0 0
189689 0 0
195003 0 0
200466 0 0
206083 0 0
211856 0 0
217792 0 0
223893 0 0
230166 0 0
236615 0 0
243244 0 0
250058 0 0
257064 0 0
264266 0 0
271670 0 0
279281 0 0
287105 0 0
295149 0 0
303418 0 0
311919 0 0
320658 0 0
329641 0 0
338876 0 0
348371 0 0
358131 0 0
368164 0 0
378479 0 0
389082 0 0
399983 0 0
411189 0 0
422709 0 0
434552 0 0
446726 0 0
459242 0 0
472108 0 0
485335 0 0
498932 0 0
512910 0 0
527280 0 0
542053 0 0
557239 0 0
572851 0 0
588900 0 0
605399 0 0
622360 0 0
639796 0 0
657721 0 0
676147 0 0
695091 0 0
714565 0 0
734584 0 0
755164 0 0
776321 0 0
798071 0 0
820430 0 0
843415 0 0
867045 0 0
891336 0 0
916308 0 0
941979 0 0
968370 0 0
995500 0 0
1.02339e+06 0 0
1.05206e+06 0 0
1.08154e+06 0 0
1.11184e+06 0 0
1.14299e+06 0 0
1.17501e+06 0 0
1.20793e+06 0 0
1.24177e+06 0 0
1.27656e+06 0 0
1.31233e+06 0 0
1.34909e+06 0 0
1.38689e+06 0 0
1.42574e+06 0 0
1.46569e+06 0 0
1.50675e+06 0 0
1.54896e+06 0 0
1.59236e+06 0 0
1.63697e+06 0 0
1.68283e+06 0 0
1.72998e+06 0 0
1.77845e+06 0 0
1.82827e+06 0 0
1.8795e+06 0 0
1.93215e+06 0 0
1.98628e+06 0 0
2.04193e+06 0 0
2.09914e+06 0 0
2.15795e+06 0 0
2.21841e+06 0 0
2.28056e+06 0 0
2.34445e+06 0 0
2.41014e+06 0 0
2.47766e+06 0 0
2.54707e+06 0 0
2.61843e+06 0 0
2.69179e+06 0 0
2.76721e+06 0 0
2.84473e+06 0 0
2.92443e+06 0 0
3.00636e+06 0 0
3.09059e+06 0 0
3.17718e+06 0 0
3.26619e+06 0 0
3.3577e+06 0 0
3.45177e+06 0 0
3.54847e+06 0 0
3.64789e+06 0 0
3.75009e+06 0 0
3.85515e+06 0 0
3.96316e+06 0 0
4.07419e+06 0 0
4.18834e+06 0 0
4.30568e+06 0 0
4.42631e+06 0 0
4.55031e+06 0 0
4.6778e+06 0 0
4.80885e+06 0 0
4.94358e+06 0 0
5.08208e+06 0 0
5.22446e+06 0 0
5.37083e+06 0 0
5.5213e+06 0 0
5.67599e+06 0 0
5.83501e+06 0 0
5.99848e+06 0 0
6.16654e+06 0 0
6.3393e+06 0 0
6.51691e+06 0 0
6.69949e+06 0 0
6.88718e+06 0 0
7.08013e+06 0 0
7.27849e+06 0 0
7.48241e+06 0 0
7.69204e+06 0 0
7.90754e+06 0 0
8.12908e+06 0 0
8.35683e+06 0 0
8.59096e+06 0 0
8.83164e+06 0 0
9.07907e+06 0 0
9.33343e+06 0 0
9.59492e+06 0 0
9.86374e+06 0 0
