1.01401e-05 0 0
1.04242e-05 0 0
1.07162e-05 0 0
1.10164e-05 0 0
1.13251e-05 0 0
1.16424e-05 0 0
1.19685e-05 0 0
1.23039e-05 0 0
1.26486e-05 0 0
1.30029e-05 0 0
1.33672e-05 0 0
1.37417e-05 0 0
1.41267e-05 0 0
1.45225e-05 0 0
1.49294e-05 0 0
1.53476e-05 0 0
1.57776e-05 0 0
1.62196e-05 0 0
1.66741e-05 0 0
1.71412e-05 0 0
1.76214e-05 0 0
1.81151e-05 0 0
1.86226e-05 0 0
1.91444e-05 0 0
1.96807e-05 0 0
2.02321e-05 0 0
2.0799e-05 0 0
2.13817e-05 0 0
2.19807e-05 0 0
2.25965e-05 0 0
2.32296e-05 0 0
2.38804e-05 0 0
2.45494e-05 0 0
2.52372e-05 0 0
2.59443e-05 0 0
2.66711e-05 0 0
2.74184e-05 0 0
2.81865e-05 0 0
2.89762e-05 0 0
2.9788e-05 0 0
3.06226e-05 0 0
3.14805e-05 0 0
3.23625e-05 0 0
3.32691e-05 0 0
3.42012e-05 0 0
3.51594e-05 0 0
3.61444e-05 0 0
3.71571e-05 0 0
3.81981e-05 0 0
3.92682e-05 0 0
4.03684e-05 0 0
4.14994e-05 0 0
4.2662e-05 0 0
4.38573e-05 0 0
4.5086e-05 0 0
4.63491e-05 0 0
4.76476e-05 0 0
4.89826e-05 0 0
5.03549e-05 0 0
5.17656e-05 0 0
5.32159e-05 0 0
5.47068e-05 0 0
5.62395e-05 0 0
5.78151e-05 0 0
5.94349e-05 0 0
6.11e-05 0 0
6.28118e-05 0 0
6.45716e-05 0 0
6.63806e-05 0 0
6.82404e-05 0 0
7.01522e-05 0 0
7.21176e-05 0 0
7.41381e-05 0 0
7.62152e-05 0 0
7.83504e-05 0 0
8.05455e-05 0 0
8.28021e-05 0 0
8.51219e-05 0 0
8.75067e-05 0 0
8.99583e-05 0 0
9.24786e-05 0 0
9.50696e-05 0 0
9.7733e-05 0 0
0.000100471 0 0
0.000103286 0 0
0.00010618 0 0
0.000109154 0 0
0.000112213 0 0
0.000115356 0 0
0.000118588 0 0
0.000121911 0 0
0.000125326 0 0
0.000128837 0 0
0.000132447 0 0
0.000136157 0 0
0.000139972 0 0
0.000143894 0 0
0.000147925 0 0
0.000152069 0 0
0.00015633 0 0
0.000160709 0 0
0.000165212 0 0
0.000169841 0 0
0.000174599 0 0
0.00017949 0 0
0.000184519 0 0
0.000189689 0 0
0.000195003 0 0
0.000200466 0 0
0.000206083 0 0
0.000211856 0 0
0.000217792 0 0
0.000223893 0 0
0.000230166 0 0
0.000236615 0 0
0.000243244 0 0
0.000250058 0 0
0.000257064 0 0
0.000264266 0 0
0.00027167 0 0
0.000279281 0 0
0.000287105 0 0
0.000295149 0 0
0.000303418 0 0
0.000311919 0 0
0.000320658 0 0
0.000329641 0 0
0.000338876 0 0
0.000348371 0 0
0.000358131 0 0
0.000368164 0 0
0.000378479 0 0
0.000389082 0 0
0.000399983 0 0
0.000411189 0 0
0.000422709 0 0
0.000434552 0 0
0.000446726 0 0
0.000459242 0 0
0.000472108 0 0
0.000485335 0 0
0.000498932 0 0
0.00051291 0 0
0.00052728 0 0
0.000542053 0 0
0.000557239 0 0
0.000572851 0 0
0.0005889 0 0
0.000605399 0 0
0.00062236 0 0
0.000639796 0 0
0.000657721 0 0
0.000676147 0 0
0.000695091 0 0
0.000714565 0 0
0.000734584 0 0
0.000755164 0 0
0.000776321 0 0
0.000798071 0 0
0.00082043 0 0
0.000843415 0 0
0.000867045 0 0
0.000891336 0 0
0.000916308 0 0
0.000941979 0 0
0.00096837 0 0
0.0009955 0 0
0.00102339 0 0
0.00105206 0 0
0.00108154 0 0
0.00111184 0 0
0.00114299 0 0
0.00117501 0 0
0.00120793 0 0
0.00124177 0 0
0.00127656 0 0
0.00131233 0 0
0.00134909 0 0
0.00138689 0 0
0.00142574 0 0
0.00146569 0 0
0.00150675 0 0
0.00154896 0 0
0.00159236 0 0
0.00163697 0 0
0.00168283 0 0
0.00172998 0 0
0.00177845 0 0
0.00182827 0 0
0.0018795 0 0
0.00193215 0 0
0.00198628 0 0
0.00204193 0 0
0.00209914 0 0
0.00215795 0 0
0.00221841 0 0
0.00228056 0 0
0.00234445 0 0
0.00241014 0 0
0.00247766 0 0
0.00254707 0 0
0.00261843 0 0
0.00269179 0 0
0.00276721 0 0
0.00284473 0 0
0.00292443 0 0
0.00300636 0 0
0.00309059 0 0
0.00317718 0 0
0.00326619 0 0
0.0033577 0 0
0.00345177 0 0
0.00354847 0 0
0.00364789 0 0
0.00375009 0 0
0.00385515 0 0
0.00396316 0 0
0.00407419 0 0
0.00418834 0 0
0.00430568 0 0
0.00442631 0 0
0.00455031 0 0
0.0046778 0 0
0.00480885 0 0
0.00494358 0 0
0.00508208 0 0
0.00522446 0 0
0.00537083 0 0
0.0055213 0 0
0.00567599 0 0
0.00583501 0 0
0.00599848 0 0
0.00616654 0 0
0.0063393 0 0
0.00651691 0 0
0.00669949 0 0
0.00688718 0 0
0.00708013 0 0
0.00727849 0 0
0.00748241 0 0
0.00769204 0 0
0.00790754 0 0
0.00812908 0 0
0.00835683 0 0
0.00859096 0 0
0.00883164 0 0
0.00907907 0 0
0.00933343 0 0
0.00959492 0 0
0.00986374 0 0
0.0101401 0 0
0.0104242 0 0
0.0107162 0 0
0.0110164 0 0
0.0113251 0 0
0.0116424 0 0
0.0119685 0 0
0.0123039 0 0
0.0126486 0 0
0.0130029 0 0
0.0133672 0 0
0.0137417 0 0
0.0141267 0 0
0.0145225 0 0
0.0149294 0 0
0.0153476 0 0
0.0157776 0 0
0.0162196 0 0
0.0166741 0 0
0.0171412 0 0
0.0176214 0 0
0.0181151 0 0
0.0186226 0 0
0.0191444 0 0
0.0196807 0 0
0.0202321 0 0
0.020799 0 0
0.0213817 0 0
0.0219807 0 0
0.0225965 0 0
0.0232296 0 0
0.0238804 0 0
0.0245494 0 0
0.0252372 0 0
0.0259443 0 0
0.0266711 0 0
0.0274184 0 0
0.0281865 0 0
0.0289762 0 0
0.029788 0 0
0.0306226 0 0
0.0314805 0 0
0.0323625 0 0
0.0332691 0 0
0.0342012 0 0
0.0351594 0 0
0.0361444 0 0
0.0371571 0 0
0.0381981 0 0
0.0392682 0 0
0.0403684 0 0
0.0414994 0 0
0.042662 0 0
0.0438573 0 0
0.045086 0 0
0.0463491 0 0
0.0476476 0 0
0.0489826 0 0
0.0503549 0 0
0.0517656 0 0
0.0532159 0 0
0.0547068 0 0
0.0562395 0 0
0.0578151 0 0
0.0594349 0 0
0.0611 0 0
0.0628118 0 0
0.0645716 0 0
0.0663806 0 0
0.0682404 0 0
0.0701522 0 0
0.0721176 0 0
0.0741381 0 0
0.0762152 0 0
0.0783504 0 0
0.0805455 0 0
0.0828021 0 0
0.0851219 0 0
0.0875067 0 0
0.0899583 0 0
0.0924786 0 0
0.0950696 0 0
0.097733 0 0
0.100471 6.31657e+06 6920.29
0.103286 6.16282e+06 6838.56
0.10618 5.98866e+06 6744.1
0.109154 5.83229e+06 6654.02
0.112213 5.66544e+06 6556.43
0.115356 5.51465e+06 6468.23
0.118588 5.35936e+06 6375.37
0.121911 5.21848e+06 6297.29
0.125326 5.06151e+06 6191.81
0.128837 4.92963e+06 6115.38
0.132447 4.79062e+06 6028.43
0.136157 4.6575e+06 5944.75
0.139972 4.54355e+06 5870.63
0.143894 4.41941e+06 5797.57
0.147925 4.3079e+06 5719.23
0.152069 4.16858e+06 5621.57
0.15633 4.06311e+06 5551.65
0.160709 3.95897e+06 5480.3
0.165212 3.84679e+06 5401.99
0.169841 3.74094e+06 5326.32
0.174599 3.63354e+06 5246.59
0.17949 3.5361e+06 5178.53
0.184519 3.45242e+06 5118.35
0.189689 3.3507e+06 5047.21
0.195003 3.26534e+06 4975.05
0.200466 3.16473e+06 4898.38
0.206083 3.08171e+06 4841.3
0.211856 3.00516e+06 4774.18
0.217792 2.91602e+06 4709.18
0.223893 2.83905e+06 4642.53
0.230166 2.76195e+06 4577.4
0.236615 2.68198e+06 4509.63
0.243244 2.61175e+06 4450.08
0.250058 2.54287e+06 4400.27
0.257064 2.47638e+06 4335.63
0.264266 2.4112e+06 4279.79
0.27167 2.33933e+06 4215.83
0.279281 2.27574e+06 4161.61
0.287105 2.21387e+06 4098.34
0.295149 2.14702e+06 4038.77
0.303418 2.09158e+06 3979.43
0.311919 2.03378e+06 3928.6
0.320658 1.97667e+06 3876.25
0.329641 1.92802e+06 3825.81
0.338876 1.87389e+06 3775.04
0.348371 1.82199e+06 3719.68
0.358131 1.77992e+06 3680.38
0.368164 1.72667e+06 3620.07
0.378479 1.68297e+06 3573.75
0.389082 1.63711e+06 3526.31
0.399983 1.58215e+06 3461.72
0.411189 1.54769e+06 3425.66
0.422709 1.50796e+06 3386.26
0.434552 1.46373e+06 3334.51
0.446726 1.42573e+06 3292.79
0.459242 1.38024e+06 3236.23
0.472108 1.34771e+06 3198.43
0.485335 1.30565e+06 3143.43
0.498932 1.26904e+06 3098.61
0.51291 1.24132e+06 3070.66
0.52728 1.20103e+06 3014.56
0.542053 1.17189e+06 2986.31
0.557239 1.13813e+06 2938.26
0.572851 1.11018e+06 2908.12
0.5889 1.07594e+06 2855.48
0.605399 1.04862e+06 2824.44
0.62236 1.01931e+06 2779.06
0.639796 996771 2754.12
0.657721 966679 2711.38
0.676147 934835 2660.6
0.695091 913802 2631.31
0.714565 890087 2600.88
0.734584 867956 2570.12
0.755164 841405 2530.17
0.776321 814369 2480.36
0.798071 798303 2459.5
0.82043 771890 2416.33
0.843415 751210 2388.16
0.867045 731354 2354.84
0.891336 712344 2325.04
0.916308 692597 2288.44
0.941979 673527 2260.52
0.96837 662256 2247.29
0.9955 637343 2201.73
1.02339 623371 2178.62
1.05206 603848 2143.11
1.08154 587691 2111.79
1.11184 572072 2086.33
1.14299 554894 2050.49
1.17501 543602 2033.58
1.20793 525375 1996.32
1.24177 517228 1984.57
1.27656 497000 1945.13
1.31233 485035 1920.98
1.34909 468172 1882.73
1.38689 457631 1862.03
1.42574 446819 1841.96
1.46569 431597 1808.71
1.50675 422082 1792.31
1.54896 409486 1766.35
1.59236 396217 1732.14
1.63697 387477 1716.32
1.68283 376377 1692.93
1.72998 368892 1679.38
1.77845 354152 1641.07
1.82827 346910 1623.3
1.8795 337896 1602.51
1.93215 329713 1586.72
1.98628 321689 1566.69
2.04193 308678 1532.77
2.09914 302083 1515.25
2.15795 291945 1487.98
2.21841 288021 1482.45
2.28056 278166 1453.26
2.34445 271088 1437.62
2.41014 265548 1425.8
2.47766 255803 1392.81
2.54707 250637 1377.93
2.61843 241179 1353.55
2.69179 235982 1340.88
2.76721 228079 1323.01
2.84473 223469 1306.6
2.92443 215138 1276.28
3.00636 210795 1268.98
3.09059 205176 1247.2
3.17718 199703 1230.39
3.26619 195233 1220.52
3.3577 190082 1195.06
3.45177 183363 1177.62
3.54847 178878 1165.94
3.64789 174314 1151.94
3.75009 169761 1138.25
3.85515 162376 1106.99
3.96316 159515 1099.36
4.07419 154740 1083.96
4.18834 153436 1083.8
4.30568 146864 1048.18
4.42631 143207 1036.34
4.55031 140941 1038.67
4.6778 135271 1011.03
4.80885 131778 997.788
4.94358 126871 982.641
5.08208 123331 968.408
5.22446 120238 953.484
5.37083 116194 936.216
5.5213 113249 924.053
5.67599 113106 933.073
5.83501 109691 911.698
5.99848 107014 903.674
6.16654 101282 875.696
6.3393 98428.8 863.532
6.51691 97233.9 857.792
6.69949 93999 839.868
6.88718 92722.4 842.025
7.08013 89064.1 826.13
7.27849 87395.5 816.338
7.48241 84400.5 798.955
7.69204 82981.6 798.525
7.90754 79171 772.468
8.12908 76724.5 763.17
8.35683 76138.1 760.592
8.59096 74014 753.835
8.83164 72693.6 746.346
9.07907 70491.8 738.147
9.33343 67337.3 714.867
9.59492 66536.8 711.231
9.86374 64476.6 701.33
10.1401 62194.1 688.665
10.4242 60812.1 681.934
10.7162 60057.9 680.149
11.0164 56752.6 658.927
11.3251 55746 644.653
11.6424 54797.1 644.564
11.9685 52297.8 629.901
12.3039 51234.9 621.119
12.6486 50089.2 611.239
13.0029 49636.6 613.165
13.3672 47375.3 602.218
13.7417 46267 592.158
14.1267 44697.6 582.38
14.5225 44383.6 583.733
14.9294 42741.2 568.321
15.3476 41420.3 564.402
15.7776 40350.1 558.161
16.2196 38824.6 548.077
16.6741 38570.7 542.806
17.1412 37892 539.712
17.6214 35256.8 516.682
18.1151 34090.4 505.417
18.6226 34583.7 515.712
19.1444 33418.5 501.323
19.6807 33426.3 508.742
20.2321 31210.1 483.03
20.799 30408.8 479.834
21.3817 31116.1 493.006
21.9807 28403.5 459.108
22.5965 27841.4 462.003
23.2296 26428.7 447.839
23.8804 26417.5 451.512
24.5494 25083.9 434.658
25.2372 25318.5 439.563
25.9443 24496.9 434.854
26.6711 23136.8 414.942
27.4184 22451.1 413.638
28.1865 22807.1 415.656
28.9762 22043.1 409.825
29.788 21532.1 404.178
30.6226 20560.2 397.835
31.4805 20088.3 394.301
32.3625 20168.3 392.044
33.2691 19261.8 384.46
34.2012 18267.5 373.754
35.1594 17268.7 354.187
36.1444 17621.8 368.935
37.1571 17204 360.509
38.1981 16698.3 354.432
39.2682 16556.2 351.684
40.3684 15657.7 346.15
41.4994 15408 339.425
42.662 14421.8 324.753
43.8573 13871.7 323.358
45.086 14228.2 330.021
46.3491 13664.3 324.543
47.6476 13159.2 314.737
48.9826 12837.5 309.614
50.3549 12572.6 310.975
51.7656 12325.7 307
53.2159 12249.2 307.466
54.7068 11514.6 296.31
56.2395 10929.4 288.53
57.8151 11572 298.977
59.4349 11056.6 298.959
61.1 10496.5 283.006
62.8118 10093.3 276.591
64.5716 9988.23 277.907
66.3806 9401.29 265.124
68.2404 9136.71 259.657
70.1522 9246.12 265.959
72.1176 8430.88 245.771
74.1381 9158.31 264.906
76.2152 8331.17 255.814
78.3504 7806.91 240.577
80.5455 7918.14 241.973
82.8021 7831.05 243.952
85.1219 7161.11 234.366
87.5067 7809.65 246.643
89.9583 6822.66 227.539
92.4786 7205.09 236.534
95.0696 6734.06 228.152
97.733 6503.35 225.808
100.471 5981.13 211.145
103.286 6329.78 220.802
106.18 6180.56 216.006
109.154 5862.21 206.827
112.213 5256.25 200.94
115.356 5735.42 208.999
118.588 5464.09 205.635
121.911 5677.78 214.017
125.326 4833.21 191.384
128.837 5108.14 199.735
132.447 4670.69 190.644
136.157 4960.9 201.068
139.972 4736.42 189.854
143.894 4224.35 179.263
147.925 4180.84 175.012
152.069 3912.53 167.037
156.33 4103.45 176.513
160.709 3825.68 169.584
165.212 3903.98 174.564
169.841 3492.49 162.928
174.599 3562.38 163.981
179.49 3670.56 171.196
184.519 3388.08 159.822
189.689 3271.52 153.868
195.003 2981.49 150.671
200.466 3236.19 161.996
206.083 2901.31 144.235
211.856 3068.62 154.058
217.792 3260.56 160.261
223.893 2730.57 143.285
230.166 2754.4 146.63
236.615 2641.98 143.874
243.244 2934.53 151.753
250.058 2491.93 134.732
257.064 2221.76 125.075
264.266 2414.52 139.384
271.67 2424.27 138.285
279.281 2364.96 139.157
287.105 2231.36 124.962
295.149 2323.82 132.008
303.418 2152.05 128.875
311.919 2123.42 126.2
320.658 1741 111.531
329.641 1813.56 116.914
338.876 1926.42 122.652
348.371 1756.45 114.493
358.131 1621.73 103.819
368.164 1704.84 108.951
378.479 1661.71 112.522
389.082 1714.56 116.609
399.983 1586 107.888
411.189 1560.8 104.377
422.709 1574.06 108.292
434.552 1585.31 112.373
446.726 1370.35 107.107
459.242 1439.94 104.064
472.108 1330.73 101.049
485.335 1282.42 103.72
498.932 1310.35 101.892
512.91 1265.36 98.2073
527.28 1208.37 97.8628
542.053 1153.17 91.0225
557.239 1088.55 93.0609
572.851 1092.78 91.3064
588.9 1013.71 85.9465
605.399 1112.55 94.0046
622.36 911.837 83.2172
639.796 1085.75 95.0454
657.721 1035.18 92.3701
676.147 862.916 82.5817
695.091 935.551 88.8603
714.565 854.508 87.4964
734.584 782.391 72.8054
755.164 772.747 73.4868
776.321 945.117 87.0333
798.071 825.345 78.9382
820.43 832.861 80.0271
843.415 680.267 69.9285
867.045 808.179 76.1318
891.336 810.986 81.3709
916.308 651.023 71.5301
941.979 734.046 76.985
968.37 566.479 59.9194
995.5 775.671 76.4229
1023.39 519.183 63.6337
1052.06 649.928 71.2349
1081.54 563.201 67.534
1111.84 539.937 65.6761
1142.99 547.842 65.3373
1175.01 516.809 61.6913
1207.93 496.074 62.1858
1241.77 518.507 57.7928
1276.56 427.898 59.5833
1312.33 397.033 53.9148
1349.09 403.661 52.3221
1386.89 415.125 56.8028
1425.74 451.054 59.5294
1465.69 401.435 49.6638
1506.75 470.648 62.0542
1548.96 483.109 63.7124
1592.36 461.947 57.5043
1636.97 374.479 54.4431
1682.83 366.161 53.169
1729.98 251.208 39.5054
1778.45 348.493 48.0666
1828.27 312.586 51.306
1879.5 218.949 36.1193
1932.15 468.215 59.3351
1986.28 339.902 54.8198
2041.93 315.245 48.6197
2099.14 290.778 44.1048
2157.95 266.047 40.772
2218.41 247.137 45.9978
2280.56 183.18 36.8642
2344.45 312.768 47.9221
2410.14 200.247 35.5901
2477.66 290.674 43.5944
2547.07 343.036 58.674
2618.43 221.187 41.3127
2691.79 200.438 36.7685
2767.21 220.218 39.1406
2844.73 237.772 42.658
2924.43 257.902 46.1268
3006.36 220.887 41.567
3090.59 220.987 42.1598
3177.18 217.889 40.891
3266.19 227.05 39.6785
3357.7 229.647 45.1682
3451.77 158.991 32.284
3548.47 187.358 35.6387
3647.89 178.724 36.4747
3750.09 196.93 39.2516
3855.15 144.448 27.1912
3963.16 178.01 34.9916
4074.19 245.056 44.2128
4188.34 127.473 26.3227
4305.68 115.046 28.2509
4426.31 138.07 32.6987
4550.31 82.2733 24.141
4677.8 130.585 26.7865
4808.85 149.953 38.6304
4943.58 122.946 31.3486
5082.08 155.978 35.9126
5224.46 86.4116 25.5693
5370.83 147.264 30.9362
5521.3 97.6068 30.1307
5675.99 126.544 35.2926
5835.01 134.355 31.5916
5998.48 59.3663 16.6171
6166.54 108.891 30.7271
6339.3 89.2704 27.1896
6516.91 97.5513 28.802
6699.49 51.8294 17.1842
6887.18 77.3347 20.2011
7080.13 120.247 28.0931
7278.49 111.35 28.9219
7482.41 61.4062 16.8181
7692.04 69.869 27.4079
7907.54 106.351 33.2216
8129.08 58.5691 21.6545
8356.83 99.5283 29.5331
8590.96 84.2109 27.9299
8831.64 59.7192 18.4295
9079.07 63.2579 21.0613
9333.43 55.142 16.3353
9594.92 64.0803 22.2418
9863.74 77.5408 22.7474
10140.1 99.5137 31.4666
10424.2 93.0364 26.1536
10716.2 71.3436 21.3181
11016.4 26.5914 11.7696
11325.1 44.4421 13.8277
11642.4 58.4572 23.2013
11968.5 66.6149 23.1577
12303.9 33.5978 12.3297
12648.6 85.1349 25.4858
13002.9 60.8314 25.5008
13367.2 22.8701 11.0803
13741.7 11.8168 5.66995
14126.7 30.6233 12.1799
14522.5 60.5904 21.6162
14929.4 88.7831 30.2643
15347.6 71.4253 23.7445
15777.6 32.5458 11.9896
16219.6 58.4345 21.5955
16674.1 42.1847 17.2186
17141.2 47.5596 20.4695
17621.4 76.5008 27.0555
18115.1 15.4833 9.00775
18622.6 32.6567 16.024
19144.4 21.4069 14.9155
19680.7 60.3848 26.3038
20232.1 63.7249 25.222
20799 27.9984 11.0778
21381.7 54.4068 25.1028
21980.7 53.5432 23.6643
22596.5 50.6772 20.1659
23229.6 44.8924 15.6519
23880.4 55.3503 24.0342
24549.4 64.1033 29.1303
25237.2 9.15035 6.2894
25944.3 9.78141 6.81442
26671.1 42.096 18.2896
27418.4 8.37947 5.93352
28186.5 26.8897 19.8131
28976.2 11.3467 5.74534
29788 24.8037 15.6106
30622.6 23.8879 15.9769
31480.5 36.7101 14.7344
32362.5 11.811 6.88508
33269.1 33.1568 17.2796
34201.2 19.8201 14.3361
35159.4 0 0
36144.4 8.37247 5.03676
37157.1 22.9455 18.8245
38198.1 12.4904 8.9507
39268.2 8.04489 8.04489
40368.4 0 0
41499.4 3.81621 3.81621
42662 12.4027 12.4027
43857.3 15.9839 15.3709
45086 11.6861 5.91838
46349.1 14.9632 8.41435
47647.6 6.72416 6.72416
48982.6 26.7874 17.9191
50354.9 0 0
51765.6 15.6789 8.32399
53215.9 21.0036 10.5474
54706.8 18.3084 18.3084
56239.5 8.38767 8.38767
57815.1 17.8047 15.1294
59434.9 20.0213 12.6679
61100 2.27212 2.27212
62811.8 3.61994 3.61994
64571.6 9.47845 6.86186
66380.6 8.65641 6.54322
68240.4 7.38527 7.38527
70152.2 5.19988 3.72493
72117.6 22.0712 20.0678
74138.1 1.9739 1.39727
76215.2 25.1983 14.5531
78350.4 5.64174 5.64174
80545.5 3.75034 3.0523
82802.1 6.14544 6.14544
85121.9 6.15802 5.92842
87506.7 2.6365 2.6365
89958.3 10.8668 6.54066
92478.6 4.66282 4.66282
95069.6 20.8894 20.8894
97733 20.2229 12.6082
100471 9.84549 6.49743
103286 0 0
106180 8.31641 6.02157
109154 0 0
112213 0 0
115356 11.0601 7.8929
118588 2.41248 2.41248
121911 16.0158 16.0158
125326 10.7677 8.36761
128837 0 0
132447 0 0
136157 19.1418 19.1418
139972 10.8067 7.94676
143894 5.40454 5.40454
147925 6.74011 4.1688
152069 0 0
156330 4.7344 4.7344
160709 0 0
165212 3.62319 3.62319
169841 4.48309 4.48309
174599 0 0
179490 5.38559 3.81689
184519 0 0
189689 0 0
195003 0 0
200466 15.2243 12.9585
206083 5.17222 5.17222
211856 0 0
217792 2.82165 2.82165
223893 0 0
230166 0 0
236615 0 0
243244 0 0
250058 0 0
257064 17.8146 17.8146
264266 0 0
271670 5.17767 5.17767
279281 0 0
287105 0 0
295149 0 0
303418 1.05679 1.05679
311919 2.48275 2.48275
320658 0 0
329641 20.3675 20.3675
338876 0 0
348371 3.16473 3.16473
358131 0 0
368164 4.21862 4.21862
378479 1.3722 1.3722
389082 2.91313 2.91313
399983 0 0
411189 0 0
422709 0 0
434552 0 0
446726 0 0
459242 0 0
472108 3.2572 3.2572
485335 0 0
498932 1.69964 1.69964
512910 0 0
527280 0 0
542053 2.88578 2.88578
557239 0 0
572851 0 0
588900 0 0
605399 0 0
622360 0 0
639796 3.07461 3.07461
657721 0 0
676147 3.80726 3.80726
695091 0 0
714565 0 0
734584 0 0
755164 0 0
776321 4.42261 4.42261
798071 0 0
820430 0 0
843415 0 0
867045 0 0
891336 0 0
916308 0 0
941979 0 0
968370 0 0
995500 0 0
1.02339e+06 0 0
1.05206e+06 0 0
1.08154e+06 0 0
1.11184e+06 0 0
1.14299e+06 0 0
1.17501e+06 0 0
1.20793e+06 0 0
1.24177e+06 0 0
1.27656e+06 0 0
1.31233e+06 0 0
1.34909e+06 0 0
1.38689e+06 0 0
1.42574e+06 0 0
1.46569e+06 0 0
1.50675e+06 0 0
1.54896e+06 0 0
1.59236e+06 0 0
1.63697e+06 0 0
1.68283e+06 0 0
1.72998e+06 0 0
1.77845e+06 0 0
1.82827e+06 0 0
1.8795e+06 0 0
1.93215e+06 0 0
1.98628e+06 0 0
2.04193e+06 0 0
2.09914e+06 0 0
2.15795e+06 0 0
2.21841e+06 0 0
2.28056e+06 0 0
2.34445e+06 0 0
2.41014e+06 0 0
2.47766e+06 0 0
2.54707e+06 0 0
2.61843e+06 0 0
2.69179e+06 0 0
2.76721e+06 0 0
2.84473e+06 0 0
2.92443e+06 0 0
3.00636e+06 0 0
3.09059e+06 0 0
3.17718e+06 0 0
3.26619e+06 0 0
3.3577e+06 0 0
3.45177e+06 0 0
3.54847e+06 0 0
3.64789e+06 0 0
3.75009e+06 0 0
3.85515e+06 0 0
3.96316e+06 0 0
4.07419e+06 0 0
4.18834e+06 0 0
4.30568e+06 0 0
4.42631e+06 0 0
4.55031e+06 0 0
4.6778e+06 0 0
4.80885e+06 0 0
4.94358e+06 2.3205 2.3205
5.08208e+06 0 0
5.22446e+06 0 0
5.37083e+06 0 0
5.5213e+06 0 0
5.67599e+06 0 0
5.83501e+06 0 0
5.99848e+06 0 0
6.16654e+06 0 0
6.3393e+06 0 0
6.51691e+06 0 0
6.69949e+06 0 0
6.88718e+06 0 0
7.08013e+06 0 0
7.27849e+06 0 0
7.48241e+06 0 0
7.69204e+06 0 0
7.90754e+06 0 0
8.12908e+06 0 0
8.35683e+06 0 0
8.59096e+06 0 0
8.83164e+06 0 0
9.07907e+06 0 0
9.33343e+06 0 0
9.59492e+06 0 0
9.86374e+06 0 0
