1.01401e-05 1897.45 110.114
1.04242e-05 1888.45 102.08
1.07162e-05 2033.58 111.338
1.10164e-05 2098.13 110.696
1.13251e-05 2189.42 112.403
1.16424e-05 2017.6 104.593
1.19685e-05 2236.42 118.209
1.23039e-05 2230.74 111.592
1.26486e-05 2354.02 112.579
1.30029e-05 2405.22 117.588
1.33672e-05 2386.92 116.352
1.37417e-05 2630.18 123.834
1.41267e-05 2671.62 122.787
1.45225e-05 2821.6 130.152
1.49294e-05 2757.21 123.9
1.53476e-05 2847.41 124.811
1.57776e-05 2803.55 122.941
1.62196e-05 3254.79 138.196
1.66741e-05 3192.64 133.995
1.71412e-05 3361.87 139.565
1.76214e-05 3504.65 147.182
1.81151e-05 3573.13 142.231
1.86226e-05 3595.06 142.244
1.91444e-05 3755.35 147.207
1.96807e-05 3852.7 152.947
2.02321e-05 3824.24 147.107
2.0799e-05 3952.22 154.212
2.13817e-05 3784.03 143.771
2.19807e-05 4490.29 165.325
2.25965e-05 4509.48 160.415
2.32296e-05 4457.18 161.675
2.38804e-05 4797.18 165.731
2.45494e-05 4903.27 171.763
2.52372e-05 5052.58 174.81
2.59443e-05 5152.13 175.512
2.66711e-05 5462.69 184.174
2.74184e-05 5306.14 178.27
2.81865e-05 5966.88 195.107
2.89762e-05 5971.57 191.961
2.9788e-05 5969.15 191.757
3.06226e-05 6091.36 189.96
3.14805e-05 6714.75 203.663
3.23625e-05 6361.22 194.667
3.32691e-05 6516.36 199.568
3.42012e-05 7334.27 215.309
3.51594e-05 7281.37 216.889
3.61444e-05 7265.52 209.715
3.71571e-05 7436.4 214.453
3.81981e-05 8005.24 224.142
3.92682e-05 7870.24 217.222
4.03684e-05 8047.03 219.889
4.14994e-05 8760.42 232.704
4.2662e-05 8775.26 235.348
4.38573e-05 9273.13 242.923
4.5086e-05 9542.78 245.667
4.63491e-05 10057.8 252.066
4.76476e-05 9749.97 247.674
4.89826e-05 9595.05 241.74
5.03549e-05 10531.2 255.642
5.17656e-05 10488.8 253.187
5.32159e-05 11086.6 265.221
5.47068e-05 11410.3 266.205
5.62395e-05 11972.6 274.602
5.78151e-05 11974.4 272.343
5.94349e-05 12004.7 272.502
6.11e-05 12714.8 283.342
6.28118e-05 12931.1 281.476
6.45716e-05 13142 283.578
6.63806e-05 14044.1 299.494
6.82404e-05 14036.3 296.421
7.01522e-05 14637.2 306.577
7.21176e-05 15015.1 312.66
7.41381e-05 15646.9 314.265
7.62152e-05 15535.8 314.551
7.83504e-05 16640.3 326.792
8.05455e-05 17308.4 337.017
8.28021e-05 17053.5 324.091
8.51219e-05 17681.1 329.91
8.75067e-05 18354.7 341.906
8.99583e-05 18642.3 340.131
9.24786e-05 19524.2 354.874
9.50696e-05 19648 354.918
9.7733e-05 21156.5 372.649
0.000100471 20697.5 361.598
0.000103286 22152.3 378.587
0.00010618 22300.6 378.063
0.000109154 23604.6 389.097
0.000112213 24299.1 392.219
0.000115356 24544.8 399.119
0.000118588 25123.5 399.743
0.000121911 25746.4 404.235
0.000125326 26485.7 412.944
0.000128837 26867.4 413.984
0.000132447 28569.3 433.383
0.000136157 29007.9 434.078
0.000139972 30402.9 446.745
0.000143894 30585.9 447.028
0.000147925 31643.7 452.534
0.000152069 32909.5 461.392
0.00015633 34216.9 476.566
0.000160709 34495.2 475.033
0.000165212 35139.7 477.693
0.000169841 36368.2 486.821
0.000174599 37381.1 495.131
0.00017949 38134.6 496.071
0.000184519 39560.6 509.116
0.000189689 40904.6 519.895
0.000195003 42478.9 523.629
0.000200466 42809.8 528.665
0.000206083 44632.6 543.313
0.000211856 45437.3 542.383
0.000217792 47316.9 559.513
0.000223893 49320.1 571.924
0.000230166 50051.5 572.742
0.000236615 51371.1 582.264
0.000243244 52745.5 588.746
0.000250058 53656.2 590.312
0.000257064 56016.1 608.892
0.000264266 57150 611.711
0.00027167 59635.6 629.462
0.000279281 61096.6 641.113
0.000287105 62847.9 646.197
0.000295149 63790 649.233
0.000303418 66769.8 667.286
0.000311919 68558.1 677.485
0.000320658 69727.4 674.44
0.000329641 72023.7 688.629
0.000338876 74440.1 702.495
0.000348371 76008.6 713.901
0.000358131 79034.2 728.879
0.000368164 79654.9 724.361
0.000378479 81757.9 734.947
0.000389082 85232.2 750.342
0.000399983 86426.4 755.398
0.000411189 88842.1 765.009
0.000422709 92670.4 786.391
0.000434552 95242 793.08
0.000446726 98568.3 812.313
0.000459242 99663.6 812.764
0.000472108 103663 832.641
0.000485335 105485 837.791
0.000498932 108063 849.492
0.00051291 112401 868.896
0.00052728 116006 879.199
0.000542053 117552 884.23
0.000557239 121691 901.018
0.000572851 124178 905.793
0.0005889 130945 938.974
0.000605399 132055 937.82
0.00062236 135728 955.486
0.000639796 139885 968.59
0.000657721 144830 990.236
0.000676147 147394 996.026
0.000695091 150268 997.564
0.000714565 153630 1009.02
0.000734584 160616 1040.62
0.000755164 165054 1053.07
0.000776321 170798 1069.55
0.000798071 174903 1087.26
0.00082043 178896 1097.57
0.000843415 183269 1108.34
0.000867045 190627 1132.65
0.000891336 193814 1140.87
0.000916308 198451 1156.38
0.000941979 205028 1178.95
0.00096837 209313 1185.26
0.0009955 214815 1202.73
0.00102339 223780 1229
0.00105206 228957 1242.63
0.00108154 233503 1252.89
0.00111184 239339 1271.06
0.00114299 249440 1301.98
0.00117501 251267 1297.43
0.00120793 257094 1312.4
0.00124177 264150 1329.91
0.00127656 274103 1361.66
0.00131233 279982 1377.19
0.00134909 289221 1399.55
0.00138689 295916 1412.01
0.00142574 304146 1430.04
0.00146569 311145 1449.58
0.00150675 322487 1478.9
0.00154896 329134 1490.71
0.00159236 339260 1510.41
0.00163697 347540 1535.34
0.00168283 355061 1549.14
0.00172998 365366 1570.57
0.00177845 374577 1586.02
0.00182827 384591 1614.64
0.0018795 394634 1637
0.00193215 408244 1662.48
0.00198628 417625 1681.86
0.00204193 429555 1711.45
0.00209914 436453 1716.19
0.00215795 448632 1745.88
0.00221841 460155 1766.89
0.00228056 473949 1789.88
0.00234445 483999 1809.06
0.00241014 498600 1841.01
0.00247766 509549 1863.3
0.00254707 521420 1879.52
0.00261843 534769 1903.18
0.00269179 549787 1927.63
0.00276721 562158 1950.14
0.00284473 575022 1974.11
0.00292443 591797 2003.73
0.00300636 604145 2021.9
0.00309059 622928 2058.03
0.00317718 638342 2087
0.00326619 652496 2100.86
0.0033577 670377 2135.75
0.00345177 687434 2160.95
0.00354847 705897 2192.66
0.00364789 721104 2216.1
0.00375009 738315 2242.18
0.00385515 753907 2265.25
0.00396316 773439 2295.71
0.00407419 792519 2327.8
0.00418834 806424 2343.99
0.00430568 828224 2372.12
0.00442631 850840 2408.15
0.00455031 869484 2433.44
0.0046778 890012 2461.96
0.00480885 907146 2485.27
0.00494358 929223 2517.74
0.00508208 947675 2544.15
0.00522446 972847 2573.74
0.00537083 986312 2593.6
0.0055213 1.01272e+06 2626.17
0.00567599 1.03713e+06 2658.86
0.00583501 1.0581e+06 2686.6
0.00599848 1.08509e+06 2717.41
0.00616654 1.10518e+06 2748.3
0.0063393 1.12618e+06 2771.32
0.00651691 1.15192e+06 2810.72
0.00669949 1.1689e+06 2821.06
0.00688718 1.19183e+06 2846.13
0.00708013 1.22701e+06 2894.52
0.00727849 1.24365e+06 2906.51
0.00748241 1.2702e+06 2943.41
0.00769204 1.29937e+06 2979.71
0.00790754 1.32643e+06 3013.82
0.00812908 1.3475e+06 3029.88
0.00835683 1.37818e+06 3067.49
0.00859096 1.4045e+06 3097.72
0.00883164 1.41744e+06 3103.88
0.00907907 1.45385e+06 3147.82
0.00933343 1.47948e+06 3179.29
0.00959492 1.50551e+06 3206.47
0.00986374 1.52784e+06 3232.9
0.0101401 1.55395e+06 3257.75
0.0104242 1.58223e+06 3288.98
0.0107162 1.60699e+06 3313.79
0.0110164 1.63375e+06 3334.57
0.0113251 1.6573e+06 3366.4
0.0116424 1.6862e+06 3396.76
0.0119685 1.71053e+06 3418.6
0.0123039 1.73897e+06 3446.1
0.0126486 1.757e+06 3462.54
0.0130029 1.78408e+06 3495.48
0.0133672 1.80456e+06 3514.01
0.0137417 1.82605e+06 3531.72
0.0141267 1.86001e+06 3571.3
0.0145225 1.87283e+06 3577.88
0.0149294 1.89927e+06 3608.22
0.0153476 1.91877e+06 3622.93
0.0157776 1.93531e+06 3642.91
0.0162196 1.95806e+06 3663.67
0.0166741 1.97547e+06 3673.59
0.0171412 1.99468e+06 3695.8
0.0176214 2.00963e+06 3711.24
0.0181151 2.0295e+06 3726.57
0.0186226 2.0418e+06 3739.05
0.0191444 2.05405e+06 3749.47
0.0196807 2.06773e+06 3762.31
0.0202321 2.08155e+06 3776
0.020799 2.09108e+06 3782.94
0.0213817 2.10835e+06 3800.8
0.0219807 2.11446e+06 3802.53
0.0225965 2.11711e+06 3808.01
0.0232296 2.12598e+06 3819.08
0.0238804 2.12591e+06 3812.6
0.0245494 2.12964e+06 3819.37
0.0252372 2.13324e+06 3821.05
0.0259443 2.1272e+06 3812.71
0.0266711 2.13097e+06 3822.14
0.0274184 2.12282e+06 3816.31
0.0281865 2.1263e+06 3815.86
0.0289762 2.10554e+06 3799.63
0.029788 2.09814e+06 3795.76
0.0306226 2.08957e+06 3787.34
0.0314805 2.07515e+06 3770.56
0.0323625 2.0674e+06 3766.18
0.0332691 2.04569e+06 3746.4
0.0342012 2.02643e+06 3728.89
0.0351594 1.99863e+06 3698.64
0.0361444 1.98269e+06 3688.53
0.0371571 1.95768e+06 3664.17
0.0381981 1.92738e+06 3636.36
0.0392682 1.90313e+06 3608.71
0.0403684 1.87459e+06 3585.35
0.0414994 1.83882e+06 3553.69
0.042662 1.8004e+06 3514.52
0.0438573 1.77161e+06 3487.16
0.045086 1.7285e+06 3442.05
0.0463491 1.69385e+06 3408.64
0.0476476 1.64968e+06 3359.32
0.0489826 1.60509e+06 3317.84
0.0503549 1.57268e+06 3290.41
0.0517656 1.51951e+06 3225.66
0.0532159 1.48088e+06 3188.63
0.0547068 1.43685e+06 3145.35
0.0562395 1.38628e+06 3086
0.0578151 1.3364e+06 3028.94
0.0594349 1.29246e+06 2972.95
0.0611 1.24135e+06 2915.79
0.0628118 1.19084e+06 2861.61
0.0645716 1.1447e+06 2806.69
0.0663806 1.09432e+06 2742.92
0.0682404 1.04118e+06 2672.75
0.0701522 992238 2610.36
0.0721176 942740 2539.29
0.0741381 894133 2472.91
0.0762152 850696 2420.28
0.0783504 807308 2355.09
0.0805455 756472 2282.97
0.0828021 707303 2202.89
0.0851219 664193 2142.06
0.0875067 621852 2071.33
0.0899583 576392 1985.87
0.0924786 536850 1919.65
0.0950696 497924 1845.75
0.097733 461837 1783.83
0.100471 425041 1703.56
0.103286 389938 1638.94
0.10618 358085 1568.36
0.109154 325347 1492.24
0.112213 297220 1428.31
0.115356 271476 1369.47
0.118588 244640 1293.27
0.121911 220133 1229.52
0.125326 197981 1166.55
0.128837 175895 1097.44
0.132447 156454 1036.61
0.136157 137660 970.614
0.139972 122781 914.259
0.143894 109990 872.733
0.147925 94193.7 803.184
0.152069 82432.5 752.11
0.15633 70231.6 692.822
0.160709 61867.1 648.155
0.165212 52949.3 600.835
0.169841 45625.6 562.492
0.174599 38867 521.024
0.17949 32758.7 476.903
0.184519 27557.4 434.346
0.189689 22620 393.059
0.195003 18855.3 354.86
0.200466 15831.6 329.622
0.206083 12291.2 293.055
0.211856 10741.8 272.557
0.217792 8610.11 246.179
0.223893 6939.45 218.716
0.230166 5529.32 195.276
0.236615 4078.68 165.172
0.243244 3512.94 153.772
0.250058 2855.26 140.7
0.257064 2132.51 123.781
0.264266 1516.95 100.944
0.27167 1200.14 90.14
0.279281 960.184 80.1734
0.287105 695.862 70.341
0.295149 539.012 57.2249
0.303418 400.755 59.3869
0.311919 343.656 49.8568
0.320658 179.642 33.2423
0.329641 132.897 29.813
0.338876 104.451 24.7605
0.348371 75.6449 23.9022
0.358131 58.2125 19.156
0.368164 13.8313 6.23451
0.378479 10.6632 5.33917
0.389082 25.2648 14.9151
0.399983 8.98805 5.38189
0.411189 2.69981 2.69981
0.422709 4.20825 4.20825
0.434552 0 0
0.446726 2.6421 2.6421
0.459242 0 0
0.472108 2.19251 2.19251
0.485335 0 0
0.498932 0 0
0.51291 0 0
0.52728 0 0
0.542053 0 0
0.557239 0 0
0.572851 0 0
0.5889 0 0
0.605399 0 0
0.62236 0 0
0.639796 0 0
0.657721 0 0
0.676147 0 0
0.695091 0 0
0.714565 0 0
0.734584 0 0
0.755164 0 0
0.776321 0 0
0.798071 0 0
0.82043 0 0
0.843415 0 0
0.867045 0 0
0.891336 0 0
0.916308 0 0
0.941979 0 0
0.96837 0 0
0.9955 0 0
1.02339 0 0
1.05206 0 0
1.08154 0 0
1.11184 0 0
1.14299 0 0
1.17501 0 0
1.20793 0 0
1.24177 0 0
1.27656 0 0
1.31233 0 0
1.34909 0 0
1.38689 0 0
1.42574 0 0
1.46569 0 0
1.50675 0 0
1.54896 0 0
1.59236 0 0
1.63697 0 0
1.68283 0 0
1.72998 0 0
1.77845 0 0
1.82827 0 0
1.8795 0 0
1.93215 0 0
1.98628 0 0
2.04193 0 0
2.09914 0 0
2.15795 0 0
2.21841 0 0
2.28056 0 0
2.34445 0 0
2.41014 0 0
2.47766 0 0
2.54707 0 0
2.61843 0 0
2.69179 0 0
2.76721 0 0
2.84473 0 0
2.92443 0 0
3.00636 0 0
3.09059 0 0
3.17718 0 0
3.26619 0 0
3.3577 0 0
3.45177 0 0
3.54847 0 0
3.64789 0 0
3.75009 0 0
3.85515 0 0
3.96316 0 0
4.07419 0 0
4.18834 0 0
4.30568 0 0
4.42631 0 0
4.55031 0 0
4.6778 0 0
4.80885 0 0
4.94358 0 0
5.08208 0 0
5.22446 0 0
5.37083 0 0
5.5213 0 0
5.67599 0 0
5.83501 0 0
5.99848 0 0
6.16654 0 0
6.3393 0 0
6.51691 0 0
6.69949 0 0
6.88718 0 0
7.08013 0 0
7.27849 0 0
7.48241 0 0
7.69204 0 0
7.90754 0 0
8.12908 0 0
8.35683 0 0
8.59096 0 0
8.83164 0 0
9.07907 0 0
9.33343 0 0
9.59492 0 0
9.86374 0 0
10.1401 0 0
10.4242 0 0
10.7162 0 0
11.0164 0 0
11.3251 0 0
11.6424 0 0
11.9685 0 0
12.3039 0 0
12.6486 0 0
13.0029 0 0
13.3672 0 0
13.7417 0 0
14.1267 0 0
14.5225 0 0
14.9294 0 0
15.3476 0 0
15.7776 0 0
16.2196 0 0
16.6741 0 0
17.1412 0 0
17.6214 0 0
18.1151 0 0
18.6226 0 0
19.1444 0 0
19.6807 0 0
20.2321 0 0
20.799 0 0
21.3817 0 0
21.9807 0 0
22.5965 0 0
23.2296 0 0
23.8804 0 0
24.5494 0 0
25.2372 0 0
25.9443 0 0
26.6711 0 0
27.4184 0 0
28.1865 0 0
28.9762 0 0
29.788 0 0
30.6226 0 0
31.4805 0 0
32.3625 0 0
33.2691 0 0
34.2012 0 0
35.1594 0 0
36.1444 0 0
37.1571 0 0
38.1981 0 0
39.2682 0 0
40.3684 0 0
41.4994 0 0
42.662 0 0
43.8573 0 0
45.086 0 0
46.3491 0 0
47.6476 0 0
48.9826 0 0
50.3549 0 0
51.7656 0 0
53.2159 0 0
54.7068 0 0
56.2395 0 0
57.8151 0 0
59.4349 0 0
61.1 0 0
62.8118 0 0
64.5716 0 0
66.3806 0 0
68.2404 0 0
70.1522 0 0
72.1176 0 0
74.1381 0 0
76.2152 0 0
78.3504 0 0
80.5455 0 0
82.8021 0 0
85.1219 0 0
87.5067 0 0
89.9583 0 0
92.4786 0 0
95.0696 0 0
97.733 0 0
100.471 0 0
103.286 0 0
106.18 0 0
109.154 0 0
112.213 0 0
115.356 0 0
118.588 0 0
121.911 0 0
125.326 0 0
128.837 0 0
132.447 0 0
136.157 0 0
139.972 0 0
143.894 0 0
147.925 0 0
152.069 0 0
156.33 0 0
160.709 0 0
165.212 0 0
169.841 0 0
174.599 0 0
179.49 0 0
184.519 0 0
189.689 0 0
195.003 0 0
200.466 0 0
206.083 0 0
211.856 0 0
217.792 0 0
223.893 0 0
230.166 0 0
236.615 0 0
243.244 0 0
250.058 0 0
257.064 0 0
264.266 0 0
271.67 0 0
279.281 0 0
287.105 0 0
295.149 0 0
303.418 0 0
311.919 0 0
320.658 0 0
329.641 0 0
338.876 0 0
348.371 0 0
358.131 0 0
368.164 0 0
378.479 0 0
389.082 0 0
399.983 0 0
411.189 0 0
422.709 0 0
434.552 0 0
446.726 0 0
459.242 0 0
472.108 0 0
485.335 0 0
498.932 0 0
512.91 0 0
527.28 0 0
542.053 0 0
557.239 0 0
572.851 0 0
588.9 0 0
605.399 0 0
622.36 0 0
639.796 0 0
657.721 0 0
676.147 0 0
695.091 0 0
714.565 0 0
734.584 0 0
755.164 0 0
776.321 0 0
798.071 0 0
820.43 0 0
843.415 0 0
867.045 0 0
891.336 0 0
916.308 0 0
941.979 0 0
968.37 0 0
995.5 0 0
1023.39 0 0
1052.06 0 0
1081.54 0 0
1111.84 0 0
1142.99 0 0
1175.01 0 0
1207.93 0 0
1241.77 0 0
1276.56 0 0
1312.33 0 0
1349.09 0 0
1386.89 0 0
1425.74 0 0
1465.69 0 0
1506.75 0 0
1548.96 0 0
1592.36 0 0
1636.97 0 0
1682.83 0 0
1729.98 0 0
1778.45 0 0
1828.27 0 0
1879.5 0 0
1932.15 0 0
1986.28 0 0
2041.93 0 0
2099.14 0 0
2157.95 0 0
2218.41 0 0
2280.56 0 0
2344.45 0 0
2410.14 0 0
2477.66 0 0
2547.07 0 0
2618.43 0 0
2691.79 0 0
2767.21 0 0
2844.73 0 0
2924.43 0 0
3006.36 0 0
3090.59 0 0
3177.18 0 0
3266.19 0 0
3357.7 0 0
3451.77 0 0
3548.47 0 0
3647.89 0 0
3750.09 0 0
3855.15 0 0
3963.16 0 0
4074.19 0 0
4188.34 0 0
4305.68 0 0
4426.31 0 0
4550.31 0 0
4677.8 0 0
4808.85 0 0
4943.58 0 0
5082.08 0 0
5224.46 0 0
5370.83 0 0
5521.3 0 0
5675.99 0 0
5835.01 0 0
5998.48 0 0
6166.54 0 0
6339.3 0 0
6516.91 0 0
6699.49 0 0
6887.18 0 0
7080.13 0 0
7278.49 0 0
7482.41 0 0
7692.04 0 0
7907.54 0 0
8129.08 0 0
8356.83 0 0
8590.96 0 0
8831.64 0 0
9079.07 0 0
9333.43 0 0
9594.92 0 0
9863.74 0 0
10140.1 0 0
10424.2 0 0
10716.2 0 0
11016.4 0 0
11325.1 0 0
11642.4 0 0
11968.5 0 0
12303.9 0 0
12648.6 0 0
13002.9 0 0
13367.2 0 0
13741.7 0 0
14126.7 0 0
14522.5 0 0
14929.4 0 0
15347.6 0 0
15777.6 0 0
16219.6 0 0
16674.1 0 0
17141.2 0 0
17621.4 0 0
18115.1 0 0
18622.6 0 0
19144.4 0 0
19680.7 0 0
20232.1 0 0
20799 0 0
21381.7 0 0
21980.7 0 0
22596.5 0 0
23229.6 0 0
23880.4 0 0
24549.4 0 0
25237.2 0 0
25944.3 0 0
26671.1 0 0
27418.4 0 0
28186.5 0 0
28976.2 0 0
29788 0 0
30622.6 0 0
31480.5 0 0
32362.5 0 0
33269.1 0 0
34201.2 0 0
35159.4 0 0
36144.4 0 0
37157.1 0 0
38198.1 0 0
39268.2 0 0
40368.4 0 0
41499.4 0 0
42662 0 0
43857.3 0 0
45086 0 0
46349.1 0 0
47647.6 0 0
48982.6 0 0
50354.9 0 0
51765.6 0 0
53215.9 0 0
54706.8 0 0
56239.5 0 0
57815.1 0 0
59434.9 0 0
61100 0 0
62811.8 0 0
64571.6 0 0
66380.6 0 0
68240.4 0 0
70152.2 0 0
72117.6 0 0
74138.1 0 0
76215.2 0 0
78350.4 0 0
80545.5 0 0
82802.1 0 0
85121.9 0 0
87506.7 0 0
89958.3 0 0
92478.6 0 0
95069.6 0 0
97733 0 0
100471 0 0
103286 0 0
106180 0 0
109154 0 0
112213 0 0
115356 0 0
118588 0 0
121911 0 0
125326 0 0
128837 0 0
132447 0 0
136157 0 0
139972 0 0
143894 0 0
147925 0 0
152069 0 0
156330 0 0
160709 0 0
165212 0 0
169841 0 0
174599 0 0
179490 0 0
184519 0 0
189689 0 0
195003 0 0
200466 0 0
206083 0 0
211856 0 0
217792 0 0
223893 0 0
230166 0 0
236615 0 0
243244 0 0
250058 0 0
257064 0 0
264266 0 0
271670 0 0
279281 0 0
287105 0 0
295149 0 0
303418 0 0
311919 0 0
320658 0 0
329641 0 0
338876 0 0
348371 0 0
358131 0 0
368164 0 0
378479 0 0
389082 0 0
399983 0 0
411189 0 0
422709 0 0
434552 0 0
446726 0 0
459242 0 0
472108 0 0
485335 0 0
498932 0 0
512910 0 0
527280 0 0
542053 0 0
557239 0 0
572851 0 0
588900 0 0
605399 0 0
622360 0 0
639796 0 0
657721 0 0
676147 0 0
695091 0 0
714565 0 0
734584 0 0
755164 0 0
776321 0 0
798071 0 0
820430 0 0
843415 0 0
867045 0 0
891336 0 0
916308 0 0
941979 0 0
968370 0 0
995500 0 0
1.02339e+06 0 0
1.05206e+06 0 0
1.08154e+06 0 0
1.11184e+06 0 0
1.14299e+06 0 0
1.17501e+06 0 0
1.20793e+06 0 0
1.24177e+06 0 0
1.27656e+06 0 0
1.31233e+06 0 0
1.34909e+06 0 0
1.38689e+06 0 0
1.42574e+06 0 0
1.46569e+06 0 0
1.50675e+06 0 0
1.54896e+06 0 0
1.59236e+06 0 0
1.63697e+06 0 0
1.68283e+06 0 0
1.72998e+06 0 0
1.77845e+06 0 0
1.82827e+06 0 0
1.8795e+06 0 0
1.93215e+06 0 0
1.98628e+06 0 0
2.04193e+06 0 0
2.09914e+06 0 0
2.15795e+06 0 0
2.21841e+06 0 0
2.28056e+06 0 0
2.34445e+06 0 0
2.41014e+06 0 0
2.47766e+06 0 0
2.54707e+06 0 0
2.61843e+06 0 0
2.69179e+06 0 0
2.76721e+06 0 0
2.84473e+06 0 0
2.92443e+06 0 0
3.00636e+06 0 0
3.09059e+06 0 0
3.17718e+06 0 0
3.26619e+06 0 0
3.3577e+06 0 0
3.45177e+06 0 0
3.54847e+06 0 0
3.64789e+06 0 0
3.75009e+06 0 0
3.85515e+06 0 0
3.96316e+06 0 0
4.07419e+06 0 0
4.18834e+06 0 0
4.30568e+06 0 0
4.42631e+06 0 0
4.55031e+06 0 0
4.6778e+06 0 0
4.80885e+06 0 0
4.94358e+06 0 0
5.08208e+06 0 0
5.22446e+06 0 0
5.37083e+06 0 0
5.5213e+06 0 0
5.67599e+06 0 0
5.83501e+06 0 0
5.99848e+06 0 0
6.16654e+06 0 0
6.3393e+06 0 0
6.51691e+06 0 0
6.69949e+06 0 0
6.88718e+06 0 0
7.08013e+06 0 0
7.27849e+06 0 0
7.48241e+06 0 0
7.69204e+06 0 0
7.90754e+06 0 0
8.12908e+06 0 0
8.35683e+06 0 0
8.59096e+06 0 0
8.83164e+06 0 0
9.07907e+06 0 0
9.33343e+06 0 0
9.59492e+06 0 0
9.86374e+06 0 0
