1.01401e-05 0 0
1.04242e-05 0 0
1.07162e-05 0 0
1.10164e-05 0 0
1.13251e-05 0 0
1.16424e-05 0 0
1.19685e-05 0 0
1.23039e-05 0 0
1.26486e-05 0 0
1.30029e-05 0 0
1.33672e-05 0 0
1.37417e-05 0 0
1.41267e-05 0 0
1.45225e-05 0 0
1.49294e-05 0 0
1.53476e-05 0 0
1.57776e-05 0 0
1.62196e-05 0 0
1.66741e-05 0 0
1.71412e-05 0 0
1.76214e-05 0 0
1.81151e-05 0 0
1.86226e-05 0 0
1.91444e-05 0 0
1.96807e-05 0 0
2.02321e-05 0 0
2.0799e-05 0 0
2.13817e-05 0 0
2.19807e-05 0 0
2.25965e-05 0 0
2.32296e-05 0 0
2.38804e-05 0 0
2.45494e-05 0 0
2.52372e-05 0 0
2.59443e-05 0 0
2.66711e-05 0 0
2.74184e-05 0 0
2.81865e-05 0 0
2.89762e-05 0 0
2.9788e-05 0 0
3.06226e-05 0 0
3.14805e-05 0 0
3.23625e-05 0 0
3.32691e-05 0 0
3.42012e-05 0 0
3.51594e-05 0 0
3.61444e-05 0 0
3.71571e-05 0 0
3.81981e-05 0 0
3.92682e-05 0 0
4.03684e-05 0 0
4.14994e-05 0 0
4.2662e-05 0 0
4.38573e-05 0 0
4.5086e-05 0 0
4.63491e-05 0 0
4.76476e-05 0 0
4.89826e-05 0 0
5.03549e-05 0 0
5.17656e-05 0 0
5.32159e-05 0 0
5.47068e-05 0 0
5.62395e-05 0 0
5.78151e-05 0 0
5.94349e-05 0 0
6.11e-05 0 0
6.28118e-05 0 0
6.45716e-05 0 0
6.63806e-05 0 0
6.82404e-05 0 0
7.01522e-05 0 0
7.21176e-05 0 0
7.41381e-05 0 0
7.62152e-05 0 0
7.83504e-05 0 0
8.05455e-05 0 0
8.28021e-05 0 0
8.51219e-05 0 0
8.75067e-05 0 0
8.99583e-05 0 0
9.24786e-05 0 0
9.50696e-05 0 0
9.7733e-05 0 0
0.000100471 0 0
0.000103286 0 0
0.00010618 0 0
0.000109154 0 0
0.000112213 0 0
0.000115356 0 0
0.000118588 0 0
0.000121911 0 0
0.000125326 0 0
0.000128837 0 0
0.000132447 0 0
0.000136157 0 0
0.000139972 0 0
0.000143894 0 0
0.000147925 0 0
0.000152069 0 0
0.00015633 0 0
0.000160709 0 0
0.000165212 0 0
0.000169841 0 0
0.000174599 0 0
0.00017949 0 0
0.000184519 0 0
0.000189689 0 0
0.000195003 0 0
0.000200466 0 0
0.000206083 0 0
0.000211856 0 0
0.000217792 0 0
0.000223893 0 0
0.000230166 0 0
0.000236615 0 0
0.000243244 0 0
0.000250058 0 0
0.000257064 0 0
0.000264266 0 0
0.00027167 0 0
0.000279281 0 0
0.000287105 0 0
0.000295149 0 0
0.000303418 0 0
0.000311919 0 0
0.000320658 0 0
0.000329641 0 0
0.000338876 0 0
0.000348371 0 0
0.000358131 0 0
0.000368164 0 0
0.000378479 0 0
0.000389082 0 0
0.000399983 0 0
0.000411189 0 0
0.000422709 0 0
0.000434552 0 0
0.000446726 0 0
0.000459242 0 0
0.000472108 0 0
0.000485335 0 0
0.000498932 0 0
0.00051291 0 0
0.00052728 0 0
0.000542053 0 0
0.000557239 0 0
0.000572851 0 0
0.0005889 0 0
0.000605399 0 0
0.00062236 0 0
0.000639796 0 0
0.000657721 0 0
0.000676147 0 0
0.000695091 0 0
0.000714565 0 0
0.000734584 0 0
0.000755164 0 0
0.000776321 0 0
0.000798071 0 0
0.00082043 0 0
0.000843415 0 0
0.000867045 0 0
0.000891336 0 0
0.000916308 0 0
0.000941979 0 0
0.00096837 0 0
0.0009955 0 0
0.00102339 0 0
0.00105206 0 0
0.00108154 0 0
0.00111184 0 0
0.00114299 0 0
0.00117501 0 0
0.00120793 0 0
0.00124177 0 0
0.00127656 0 0
0.00131233 0 0
0.00134909 0 0
0.00138689 0 0
0.00142574 0 0
0.00146569 0 0
0.00150675 0 0
0.00154896 0 0
0.00159236 0 0
0.00163697 0 0
0.00168283 0 0
0.00172998 0 0
0.00177845 0 0
0.00182827 0 0
0.0018795 0 0
0.00193215 0 0
0.00198628 0 0
0.00204193 0 0
0.00209914 0 0
0.00215795 0 0
0.00221841 0 0
0.00228056 0 0
0.00234445 0 0
0.00241014 0 0
0.00247766 0 0
0.00254707 0 0
0.00261843 0 0
0.00269179 0 0
0.00276721 0 0
0.00284473 0 0
0.00292443 0 0
0.00300636 0 0
0.00309059 0 0
0.00317718 0 0
0.00326619 0 0
0.0033577 0 0
0.00345177 0 0
0.00354847 0 0
0.00364789 0 0
0.00375009 0 0
0.00385515 0 0
0.00396316 0 0
0.00407419 0 0
0.00418834 0 0
0.00430568 0 0
0.00442631 0 0
0.00455031 0 0
0.0046778 0 0
0.00480885 0 0
0.00494358 0 0
0.00508208 0 0
0.00522446 0 0
0.00537083 0 0
0.0055213 0 0
0.00567599 0 0
0.00583501 0 0
0.00599848 0 0
0.00616654 0 0
0.0063393 0 0
0.00651691 0 0
0.00669949 0 0
0.00688718 0 0
0.00708013 0 0
0.00727849 0 0
0.00748241 0 0
0.00769204 0 0
0.00790754 0 0
0.00812908 0 0
0.00835683 0 0
0.00859096 0 0
0.00883164 0 0
0.00907907 0 0
0.00933343 0 0
0.00959492 0 0
0.00986374 0 0
0.0101401 0 0
0.0104242 0 0
0.0107162 0 0
0.0110164 0 0
0.0113251 0 0
0.0116424 0 0
0.0119685 0 0
0.0123039 0 0
0.0126486 0 0
0.0130029 0 0
0.0133672 0 0
0.0137417 0 0
0.0141267 0 0
0.0145225 0 0
0.0149294 0 0
0.0153476 0 0
0.0157776 0 0
0.0162196 0 0
0.0166741 0 0
0.0171412 0 0
0.0176214 0 0
0.0181151 0 0
0.0186226 0 0
0.0191444 0 0
0.0196807 0 0
0.0202321 0 0
0.020799 0 0
0.0213817 0 0
0.0219807 0 0
0.0225965 0 0
0.0232296 0 0
0.0238804 0 0
0.0245494 0 0
0.0252372 0 0
0.0259443 0 0
0.0266711 0 0
0.0274184 0 0
0.0281865 0 0
0.0289762 0 0
0.029788 0 0
0.0306226 0 0
0.0314805 0 0
0.0323625 0 0
0.0332691 0 0
0.0342012 0 0
0.0351594 0 0
0.0361444 0 0
0.0371571 0 0
0.0381981 0 0
0.0392682 0 0
0.0403684 0 0
0.0414994 0 0
0.042662 0 0
0.0438573 0 0
0.045086 0 0
0.0463491 0 0
0.0476476 0 0
0.0489826 0 0
0.0503549 0 0
0.0517656 0 0
0.0532159 0 0
0.0547068 0 0
0.0562395 0 0
0.0578151 0 0
0.0594349 0 0
0.0611 0 0
0.0628118 0 0
0.0645716 0 0
0.0663806 0 0
0.0682404 0 0
0.0701522 0 0
0.0721176 0 0
0.0741381 0 0
0.0762152 0 0
0.0783504 0 0
0.0805455 0 0
0.0828021 0 0
0.0851219 0 0
0.0875067 0 0
0.0899583 0 0
0.0924786 0 0
0.0950696 0 0
0.097733 0 0
0.100471 6.01995e+06 6592.95
0.103286 5.85659e+06 6497.94
0.10618 5.70854e+06 6420.84
0.109154 5.54881e+06 6333.54
0.112213 5.39682e+06 6248.26
0.115356 5.24195e+06 6153.73
0.118588 5.10576e+06 6072.48
0.121911 4.96932e+06 5989.58
0.125326 4.82943e+06 5908.55
0.128837 4.69482e+06 5822.9
0.132447 4.57028e+06 5744.41
0.136157 4.44623e+06 5667.07
0.139972 4.32371e+06 5589.85
0.143894 4.20819e+06 5512.99
0.147925 4.09336e+06 5441.21
0.152069 3.98298e+06 5368.23
0.15633 3.87289e+06 5288.68
0.160709 3.76755e+06 5221.41
0.165212 3.65393e+06 5137.7
0.169841 3.55997e+06 5072.46
0.174599 3.46339e+06 5006.36
0.17949 3.37663e+06 4941.7
0.184519 3.27861e+06 4871.01
0.189689 3.18997e+06 4800.3
0.195003 3.10885e+06 4739.65
0.200466 3.02084e+06 4674.44
0.206083 2.93616e+06 4606.76
0.211856 2.85954e+06 4550.41
0.217792 2.77407e+06 4473.55
0.223893 2.70028e+06 4416.84
0.230166 2.62732e+06 4357.97
0.236615 2.56749e+06 4314.81
0.243244 2.48822e+06 4240.08
0.250058 2.42369e+06 4186.93
0.257064 2.35094e+06 4124.43
0.264266 2.28751e+06 4067.77
0.27167 2.23314e+06 4018.74
0.279281 2.16647e+06 3957.09
0.287105 2.10637e+06 3902.24
0.295149 2.04907e+06 3851.71
0.303418 2.00023e+06 3803.81
0.311919 1.94406e+06 3747.44
0.320658 1.88619e+06 3692.38
0.329641 1.83612e+06 3639.53
0.338876 1.7882e+06 3602.29
0.348371 1.74069e+06 3549.76
0.358131 1.69474e+06 3503.52
0.368164 1.64041e+06 3442.47
0.378479 1.60047e+06 3407.3
0.389082 1.5537e+06 3355.03
0.399983 1.51707e+06 3312.41
0.411189 1.47216e+06 3265.89
0.422709 1.43494e+06 3220.89
0.434552 1.39503e+06 3178.41
0.446726 1.35678e+06 3135.99
0.459242 1.32025e+06 3088.35
0.472108 1.28059e+06 3040.17
0.485335 1.24505e+06 3000.66
0.498932 1.21547e+06 2964.72
0.51291 1.17972e+06 2920.32
0.52728 1.14764e+06 2880.88
0.542053 1.11468e+06 2834.37
0.557239 1.09063e+06 2808.09
0.572851 1.05279e+06 2760.59
0.5889 1.02538e+06 2718.62
0.605399 999950 2694.24
0.62236 974913 2663.13
0.639796 944623 2611.64
0.657721 918122 2579.35
0.676147 897558 2550.86
0.695091 868502 2506.26
0.714565 845240 2468.38
0.734584 822183 2435.6
0.755164 800019 2407.74
0.776321 778489 2371.3
0.798071 754706 2336.49
0.82043 737528 2310.94
0.843415 719432 2285.96
0.867045 697765 2246.37
0.891336 675350 2211.01
0.916308 663418 2194.86
0.941979 641288 2151.82
0.96837 628540 2133.17
0.9955 608122 2099.96
1.02339 591747 2068.59
1.05206 578011 2043.96
1.08154 562531 2019.69
1.11184 543997 1981.82
1.14299 532425 1965.08
1.17501 513748 1924.02
1.20793 495712 1888.95
1.24177 486414 1873.06
1.27656 474162 1849.49
1.31233 464986 1839.44
1.34909 446508 1796.67
1.38689 434933 1773.3
1.42574 422128 1746.91
1.46569 412678 1730.06
1.50675 402112 1708.1
1.54896 390486 1680.36
1.59236 382708 1667.31
1.63697 368908 1633.78
1.68283 357249 1606.31
1.72998 349893 1591.04
1.77845 340557 1573.44
1.82827 333026 1551.02
1.8795 323534 1533.37
1.93215 315034 1513.04
1.98628 306232 1486.92
2.04193 296424 1468.99
2.09914 288604 1445.21
2.15795 278414 1411.67
2.21841 274016 1406.52
2.28056 261873 1376.3
2.34445 259969 1372.33
2.41014 250498 1345.5
2.47766 243391 1327.77
2.54707 236605 1310.99
2.61843 229962 1289.85
2.69179 224739 1276.32
2.76721 219027 1256.55
2.84473 212696 1242.59
2.92443 205416 1218.88
3.00636 203388 1210.85
3.09059 194872 1185.63
3.17718 190273 1174.44
3.26619 183600 1152.33
3.3577 180225 1141.4
3.45177 176091 1134.35
3.54847 170004 1106.92
3.64789 165977 1099.08
3.75009 159315 1072.47
3.85515 156706 1066.79
3.96316 153768 1058.98
4.07419 147270 1032.03
4.18834 143098 1015.92
4.30568 140198 1009.38
4.42631 136164 991.385
4.55031 135036 992.129
4.6778 129075 965.688
4.80885 124620 946.186
4.94358 122969 946.829
5.08208 119065 926.522
5.22446 113757 906.158
5.37083 113365 910.783
5.5213 108999 893.67
5.67599 106563 875.27
5.83501 103976 869.282
5.99848 101324 856.409
6.16654 98073.4 843.493
6.3393 94967.3 830.175
6.51691 91688.5 813.037
6.69949 90508.5 811.902
6.88718 87171.4 790.133
7.08013 84760 782.016
7.27849 83347.8 774.87
7.48241 80277.1 758.857
7.69204 78483.9 755.199
7.90754 76225 744.272
8.12908 73914.7 731.485
8.35683 72764.4 726.615
8.59096 69467.8 708.638
8.83164 67203.6 694.214
9.07907 66245.4 692.688
9.33343 63929.2 677.812
9.59492 62379 673.221
9.86374 59975 659.329
10.1401 60415.1 662.323
10.4242 57921.9 651.792
10.7162 57301.2 649.203
11.0164 54780.8 624.828
11.3251 53367.4 624.298
11.6424 51559.7 605.155
11.9685 49920.9 603.016
12.3039 48639.2 593.38
12.6486 47590.1 586.192
13.0029 45581.5 572.789
13.3672 43952.7 560.393
13.7417 43692.3 560.344
14.1267 42086.4 546.559
14.5225 41079.3 544.782
14.9294 41560.4 550.949
15.3476 40114.4 542.412
15.7776 38279.5 523.824
16.2196 36478.2 510.244
16.6741 36887 519.291
17.1412 34569.9 502.585
17.6214 33420.9 489.207
18.1151 33099.2 488.121
18.6226 32026.2 480.718
19.1444 31574.8 474.202
19.6807 30276 464.209
20.2321 29910.3 458.276
20.799 28949.1 453.01
21.3817 27991.2 447.802
21.9807 27807.5 451.806
22.5965 27148.5 445.514
23.2296 25506.5 431.159
23.8804 25670.1 435.036
24.5494 24386.5 420.432
25.2372 23782.8 415.937
25.9443 22736.4 407.057
26.6711 22502.2 408.777
27.4184 22730.5 407.806
28.1865 21273.1 391.455
28.9762 20353.5 383.13
29.788 20067.4 380.297
30.6226 19347.6 375.48
31.4805 19078.6 372.714
32.3625 18592.8 368.719
33.2691 18670.8 370.905
34.2012 17612.5 354.64
35.1594 16855.8 350.376
36.1444 17123.2 353.646
37.1571 16301.6 346.112
38.1981 16131.6 338.853
39.2682 15641 336.278
40.3684 15115.9 332.125
41.4994 14542.2 322.173
42.662 13964.3 318.151
43.8573 14124.3 321.713
45.086 13802.9 319.321
46.3491 13100.3 309.115
47.6476 12409.8 296.891
48.9826 12407.3 299.762
50.3549 12020.8 293.717
51.7656 11231 282.321
53.2159 11698 292.044
54.7068 10806.8 278.71
56.2395 10751.4 281.144
57.8151 9870.87 264.406
59.4349 10024.1 270.449
61.1 9884.74 266.058
62.8118 9183.15 257.62
64.5716 9114.56 255.809
66.3806 9067.88 252.467
68.2404 9008.79 260.101
70.1522 9061.81 258.057
72.1176 8454.63 251.267
74.1381 8167.92 244.434
76.2152 7979.34 240.638
78.3504 7793.84 232.837
80.5455 7087.42 223.585
82.8021 7342.28 231.37
85.1219 6928.37 218.036
87.5067 6876.38 222.111
89.9583 6317.6 210.119
92.4786 6225.37 211.939
95.0696 6706.32 222.232
97.733 5826.94 200.277
100.471 6170.01 215.74
103.286 6016.59 206.538
106.18 6128.74 212.926
109.154 5163.72 188.725
112.213 5424.47 195.032
115.356 5290.19 195.643
118.588 5380.54 201.624
121.911 4991.38 192.008
125.326 4565.74 175.098
128.837 4153.09 167.788
132.447 4350.83 177.808
136.157 4523.57 180.756
139.972 4169.55 166.779
143.894 4172.04 175.478
147.925 4143.33 173.905
152.069 3750.12 161.328
156.33 3679.57 158.617
160.709 3614.3 157.813
165.212 3768.5 163.456
169.841 3796.54 169.508
174.599 3498.3 160.487
179.49 3231.86 149.271
184.519 3412.85 156.819
189.689 2857.65 140.942
195.003 3067.96 149.069
200.466 2985 146.364
206.083 2849.06 142.544
211.856 2760.95 145.266
217.792 2741.16 141.739
223.893 2685.06 139.765
230.166 2736.94 140.256
236.615 2684.27 139.938
243.244 2556.99 135.163
250.058 2166.18 122.153
257.064 2273.2 129.683
264.266 2429.2 133.217
271.67 2330.69 127.869
279.281 2195.53 124.167
287.105 2234.2 130.11
295.149 2134.33 122.979
303.418 2127.03 120.63
311.919 1947.36 117.991
320.658 1870.8 121.984
329.641 1766.47 110.976
338.876 1853.73 118.19
348.371 1812.08 112.901
358.131 1541.51 104.295
368.164 1740.07 111.76
378.479 1572.93 107.897
389.082 1422.03 99.1338
399.983 1377.82 94.878
411.189 1423.74 102.544
422.709 1328.59 97.1377
434.552 1378.59 100.121
446.726 1271.13 94.5652
459.242 1159.97 87.2555
472.108 1357.19 96.8033
485.335 1277.63 96.1982
498.932 1330.62 99.1888
512.91 1302.58 99.1755
527.28 1131.58 88.8147
542.053 1057.36 87.328
557.239 1209.81 93.8628
572.851 1099.94 90.1804
588.9 1108.43 90.9677
605.399 969.057 84.4538
622.36 1027.25 88.997
639.796 898.614 81.1278
657.721 1102.38 89.6874
676.147 713.927 63.8845
695.091 747.5 67.7593
714.565 960.503 90.0451
734.584 788.605 76.9814
755.164 740.247 73.6696
776.321 792.702 77.1331
798.071 674.68 68.7165
820.43 789.436 77.2053
843.415 649.033 65.4194
867.045 669.129 63.7235
891.336 633.381 66.37
916.308 531.811 59.3546
941.979 718.658 70.8383
968.37 649.932 67.5001
995.5 621.717 63.8333
1023.39 650.654 65.9139
1052.06 575.906 63.6561
1081.54 519.056 59.0622
1111.84 567.236 62.7706
1142.99 476.877 57.527
1175.01 474.57 54.7586
1207.93 480.847 60.5654
1241.77 509.277 61.337
1276.56 444.434 52.1614
1312.33 431.171 56.6094
1349.09 372.543 49.5944
1386.89 419.658 53.1697
1425.74 533.173 65.7022
1465.69 439.972 55.4951
1506.75 548.067 61.4983
1548.96 460.377 58.4187
1592.36 426.027 51.7607
1636.97 370.076 53.713
1682.83 371.227 50.3405
1729.98 407.543 56.4022
1778.45 391.981 53.4811
1828.27 264.613 39.7153
1879.5 301.129 47.6548
1932.15 224.5 35.89
1986.28 313.412 47.2715
2041.93 284.673 46.0794
2099.14 275.599 48.419
2157.95 241.369 40.8161
2218.41 211.895 37.1709
2280.56 177.757 34.7671
2344.45 264.72 44.1823
2410.14 232.421 41.4025
2477.66 225.922 38.0156
2547.07 232.246 44.1714
2618.43 211.163 40.7282
2691.79 225.483 37.0619
2767.21 289.686 44.8358
2844.73 211.442 36.9232
2924.43 267.925 49.3456
3006.36 275.049 47.0931
3090.59 207.407 36.5406
3177.18 158.78 34.0511
3266.19 138.855 33.2124
3357.7 159.073 30.4206
3451.77 242.128 45.3579
3548.47 185.798 34.2425
3647.89 132.952 30.4442
3750.09 131.876 32.1967
3855.15 127.985 28.4054
3963.16 189.948 36.6058
4074.19 160.614 34.3144
4188.34 124.736 26.9044
4305.68 125.693 27.3215
4426.31 115.904 32.8012
4550.31 100.115 23.0585
4677.8 94.866 23.9835
4808.85 98.0534 26.0134
4943.58 148.761 29.773
5082.08 111.705 29.4542
5224.46 94.6233 24.1474
5370.83 124.962 32.278
5521.3 152.82 37.6121
5675.99 88.0988 23.2857
5835.01 85.0647 24.5121
5998.48 92.4942 23.0569
6166.54 81.8719 24.5217
6339.3 111.55 33.0721
6516.91 92.9498 25.2095
6699.49 117.212 29.5986
6887.18 85.3396 26.6959
7080.13 123.521 31.1473
7278.49 34.3405 13.8788
7482.41 64.9341 17.8462
7692.04 72.5884 20.8247
7907.54 58.4711 17.2665
8129.08 31.9906 11.1159
8356.83 96.9068 28.6215
8590.96 84.5219 27.1794
8831.64 88.1484 28.2711
9079.07 61.2119 20.8898
9333.43 73.4282 21.3209
9594.92 93.3584 30.651
9863.74 82.812 27.7169
10140.1 80.7966 27.5488
10424.2 51.8104 16.868
10716.2 44.0759 12.7335
11016.4 35.2732 10.2254
11325.1 47.9232 16.5591
11642.4 43.7564 18.707
11968.5 54.5945 18.3342
12303.9 16.4453 7.26686
12648.6 42.2388 17.0653
13002.9 30.5679 12.6827
13367.2 24.1732 16.9303
13741.7 20.6287 8.93385
14126.7 36.6431 14.0323
14522.5 55.9345 23.4076
14929.4 22.5468 8.51266
15347.6 40.0584 18.6869
15777.6 59.1383 23.3193
16219.6 13.5887 5.51488
16674.1 19.5686 11.033
17141.2 42.3024 20.0975
17621.4 56.7634 23.2438
18115.1 28.0614 12.8147
18622.6 27.7727 10.8938
19144.4 24.3108 12.2248
19680.7 24.6428 14.8896
20232.1 26.5236 19.377
20799 23.0845 16.8872
21381.7 8.94695 6.60079
21980.7 38.5951 16.5237
22596.5 29.5288 16.0469
23229.6 16.0291 7.51892
23880.4 41.8346 15.9362
24549.4 17.0737 9.73668
25237.2 28.1552 11.494
25944.3 14.4117 8.38811
26671.1 71.0452 25.3687
27418.4 13.9128 8.05548
28186.5 7.79522 5.22341
28976.2 14.9079 9.28983
29788 27.7723 15.2749
30622.6 12.3775 5.96559
31480.5 36.3305 21.068
32362.5 8.55213 6.20062
33269.1 32.3497 16.7895
34201.2 11.5337 7.15402
35159.4 2.61835 2.61835
36144.4 15.2235 15.1729
37157.1 21.2017 9.58784
38198.1 13.6625 7.3146
39268.2 13.7828 7.40628
40368.4 14.117 12.0734
41499.4 19.2422 11.4408
42662 16.9112 11.958
43857.3 0 0
45086 0.312223 0.312223
46349.1 22.4437 10.5009
47647.6 0 0
48982.6 24.5231 15.0215
50354.9 8.84246 6.38271
51765.6 18.0566 15.6767
53215.9 12.5822 11.7651
54706.8 2.81494 2.42576
56239.5 2.80805 2.80805
57815.1 7.23134 5.14243
59434.9 6.28162 6.13884
61100 6.34475 5.003
62811.8 21.4869 16.8922
64571.6 9.35236 4.80787
66380.6 5.27935 5.27935
68240.4 8.25183 5.86494
70152.2 7.48961 5.36524
72117.6 18.7169 9.02673
74138.1 0 0
76215.2 12.7725 7.76961
78350.4 17.7711 11.8682
80545.5 0 0
82802.1 21.5463 17.4413
85121.9 2.66565 2.66565
87506.7 5.88761 4.16891
89958.3 1.75088 1.75088
92478.6 8.41337 8.41337
95069.6 0 0
97733 4.71743 3.35304
100471 2.96097 2.43941
103286 2.58397 2.58397
106180 16.5814 15.6569
109154 28.1426 17.8197
112213 0 0
115356 0 0
118588 7.1494 7.1494
121911 0 0
125326 3.90747 3.77363
128837 4.24039 4.24039
132447 7.75938 7.75938
136157 0 0
139972 0 0
143894 2.60231 2.60231
147925 4.8406 4.8406
152069 9.28535 6.58154
156330 0 0
160709 1.68241 1.68241
165212 3.31436 3.31436
169841 2.17361 2.17361
174599 0 0
179490 0 0
184519 3.56698 3.56698
189689 12.0074 7.47493
195003 0.794131 0.794131
200466 2.42667 2.42667
206083 0 0
211856 0 0
217792 0 0
223893 5.16645 4.20407
230166 2.63517 2.63517
236615 12.0952 12.0952
243244 0 0
250058 0 0
257064 12.0644 9.96316
264266 0 0
271670 5.37364 5.37364
279281 0 0
287105 0 0
295149 2.78614 2.78614
303418 0 0
311919 0 0
320658 0 0
329641 0 0
338876 0 0
348371 8.94134 6.40632
358131 0 0
368164 0 0
378479 2.62494 2.62494
389082 0 0
399983 2.68704 2.68704
411189 0 0
422709 2.68965 2.68965
434552 0 0
446726 0 0
459242 0 0
472108 5.11569 5.11569
485335 3.26794 3.26794
498932 0 0
512910 0 0
527280 0 0
542053 0 0
557239 0 0
572851 0 0
588900 0 0
605399 2.5246 2.5246
622360 0 0
639796 0 0
657721 0 0
676147 0 0
695091 0 0
714565 0 0
734584 0 0
755164 0 0
776321 0 0
798071 0 0
820430 0 0
843415 0 0
867045 5.08317 3.83407
891336 0 0
916308 0 0
941979 0 0
968370 2.19282 2.19282
995500 0 0
1.02339e+06 1.67259 1.67259
1.05206e+06 0 0
1.08154e+06 0 0
1.11184e+06 0 0
1.14299e+06 0 0
1.17501e+06 0 0
1.20793e+06 0 0
1.24177e+06 0 0
1.27656e+06 0 0
1.31233e+06 0 0
1.34909e+06 0 0
1.38689e+06 0 0
1.42574e+06 0 0
1.46569e+06 0 0
1.50675e+06 0 0
1.54896e+06 0 0
1.59236e+06 0 0
1.63697e+06 0 0
1.68283e+06 0 0
1.72998e+06 0 0
1.77845e+06 0 0
1.82827e+06 0 0
1.8795e+06 2.90301 2.90301
1.93215e+06 0 0
1.98628e+06 0 0
2.04193e+06 0 0
2.09914e+06 0 0
2.15795e+06 0 0
2.21841e+06 0 0
2.28056e+06 0 0
2.34445e+06 0 0
2.41014e+06 0 0
2.47766e+06 0 0
2.54707e+06 0 0
2.61843e+06 0 0
2.69179e+06 0 0
2.76721e+06 0 0
2.84473e+06 0 0
2.92443e+06 0 0
3.00636e+06 0 0
3.09059e+06 0 0
3.17718e+06 0 0
3.26619e+06 0 0
3.3577e+06 0 0
3.45177e+06 0 0
3.54847e+06 0 0
3.64789e+06 0 0
3.75009e+06 10.8644 8.87616
3.85515e+06 0 0
3.96316e+06 0 0
4.07419e+06 0 0
4.18834e+06 0 0
4.30568e+06 0 0
4.42631e+06 0 0
4.55031e+06 0 0
4.6778e+06 0 0
4.80885e+06 0 0
4.94358e+06 0 0
5.08208e+06 0 0
5.22446e+06 0 0
5.37083e+06 0 0
5.5213e+06 0 0
5.67599e+06 0 0
5.83501e+06 0 0
5.99848e+06 0 0
6.16654e+06 0 0
6.3393e+06 0 0
6.51691e+06 0 0
6.69949e+06 0 0
6.88718e+06 0 0
7.08013e+06 0 0
7.27849e+06 0 0
7.48241e+06 0 0
7.69204e+06 0 0
7.90754e+06 0 0
8.12908e+06 0 0
8.35683e+06 0 0
8.59096e+06 0 0
8.83164e+06 0 0
9.07907e+06 0 0
9.33343e+06 0 0
9.59492e+06 0 0
9.86374e+06 0 0
