1.01401e-05 1868.02 104.474
1.04242e-05 1908.76 100.687
1.07162e-05 2140.84 109.716
1.10164e-05 2183.42 116.275
1.13251e-05 2185.08 113.906
1.16424e-05 2215.08 114.057
1.19685e-05 2526.37 118.301
1.23039e-05 2358.81 116.01
1.26486e-05 2603.06 124.221
1.30029e-05 2636.43 125.288
1.33672e-05 2792.81 127.726
1.37417e-05 2800 128.626
1.41267e-05 2867.34 135.753
1.45225e-05 3040 138.674
1.49294e-05 2882.1 131.905
1.53476e-05 2813.66 126.555
1.57776e-05 3084.17 139.933
1.62196e-05 3175.68 138.674
1.66741e-05 3158.26 136.817
1.71412e-05 3299.24 141.732
1.76214e-05 3463.81 145.759
1.81151e-05 3796.13 154.056
1.86226e-05 3777.07 147.273
1.91444e-05 3797.54 147.842
1.96807e-05 3665.75 145.248
2.02321e-05 4331.33 165.043
2.0799e-05 4367.75 165.279
2.13817e-05 4343.77 163.872
2.19807e-05 4320.36 159.184
2.25965e-05 4759.2 173.549
2.32296e-05 4881.93 179.053
2.38804e-05 4861.31 169.93
2.45494e-05 5012.65 179.635
2.52372e-05 4945.63 177.235
2.59443e-05 5281.14 182.831
2.66711e-05 5808.69 192.492
2.74184e-05 5588.28 188.986
2.81865e-05 6216.12 198.621
2.89762e-05 6478.46 207.3
2.9788e-05 6838.12 213.426
3.06226e-05 6389 201.006
3.14805e-05 6458.55 199.512
3.23625e-05 6918.57 211.85
3.32691e-05 7101.74 213.649
3.42012e-05 6992.73 213.995
3.51594e-05 7514.32 219.45
3.61444e-05 7635.4 221.809
3.71571e-05 7503.27 218.14
3.81981e-05 7610.61 221.342
3.92682e-05 8527.44 233.827
4.03684e-05 8095.96 228.514
4.14994e-05 8538.89 233.12
4.2662e-05 9221.04 248.083
4.38573e-05 9175.16 242.86
4.5086e-05 9832.22 250.576
4.63491e-05 10242.8 256.564
4.76476e-05 10392.3 259.408
4.89826e-05 10314.1 257.495
5.03549e-05 11049 272.532
5.17656e-05 11231.7 277.436
5.32159e-05 11360.1 272.985
5.47068e-05 11852.6 279.165
5.62395e-05 12182.2 282.091
5.78151e-05 12645.3 287.658
5.94349e-05 12629.3 285.081
6.11e-05 13019 292.157
6.28118e-05 13581.7 298.181
6.45716e-05 14298.4 310.681
6.63806e-05 14679.9 316.408
6.82404e-05 14771.4 311.954
7.01522e-05 15247.1 316.912
7.21176e-05 15356.4 319.551
7.41381e-05 16690.7 331.49
7.62152e-05 16562.9 330.836
7.83504e-05 17232.9 337.677
8.05455e-05 17522.3 340.265
8.28021e-05 18867.1 353.907
8.51219e-05 18858.9 352.165
8.75067e-05 18941.2 354.482
8.99583e-05 19299.3 356.832
9.24786e-05 20807.8 372.775
9.50696e-05 21122.4 378.58
9.7733e-05 21916.3 383.726
0.000100471 22116.9 383.068
0.000103286 22930.2 392.129
0.00010618 23767.4 402.762
0.000109154 25074.2 415.273
0.000112213 25578.1 415.162
0.000115356 26029.2 419.099
0.000118588 25558.5 412.624
0.000121911 26522.4 423.476
0.000125326 28294.9 441.738
0.000128837 29537 449.45
0.000132447 29709.2 452.448
0.000136157 30955.2 460.041
0.000139972 31186.4 457.535
0.000143894 32531.4 465.352
0.000147925 33403.5 476.106
0.000152069 34077.3 481.955
0.00015633 34751.9 485.316
0.000160709 35908.7 496.401
0.000165212 37786.5 510.359
0.000169841 38308.6 510.884
0.000174599 39476.9 521.956
0.00017949 41280.8 532.594
0.000184519 41272.2 530.898
0.000189689 42879.2 539.895
0.000195003 43180.9 542.167
0.000200466 44520.5 555.365
0.000206083 46622.5 565.821
0.000211856 48836.9 579.542
0.000217792 49982.1 582.89
0.000223893 50829.1 597.877
0.000230166 52055.3 595.637
0.000236615 54043.4 606.517
0.000243244 55971.2 623.726
0.000250058 56860.4 622.484
0.000257064 58547.1 632.504
0.000264266 60040.5 644.216
0.00027167 63036.3 662.355
0.000279281 64057.9 669.894
0.000287105 64793.6 664.293
0.000295149 67374.7 683.581
0.000303418 69080.3 692.359
0.000311919 72295.5 714.702
0.000320658 74087.1 717.838
0.000329641 75362 723.315
0.000338876 78373.8 738.924
0.000348371 81274.8 757.131
0.000358131 83054.1 761.734
0.000368164 84683 770.344
0.000378479 87752.8 779.562
0.000389082 89863.5 792.177
0.000399983 90974.6 797.804
0.000411189 93473.4 807.276
0.000422709 96518.4 819.377
0.000434552 99149.1 830.448
0.000446726 102058 842.011
0.000459242 105129 857.006
0.000472108 108526 869.009
0.000485335 111679 884.001
0.000498932 115801 901.191
0.00051291 117868 911.628
0.00052728 120614 916.648
0.000542053 123799 934.638
0.000557239 128248 948.749
0.000572851 131321 958.035
0.0005889 135305 979.292
0.000605399 138237 987.58
0.00062236 142701 1002.18
0.000639796 146117 1010.99
0.000657721 148721 1018.07
0.000676147 154606 1046.74
0.000695091 157758 1049.09
0.000714565 164118 1072.66
0.000734584 167895 1090.08
0.000755164 171813 1098.85
0.000776321 177275 1118.47
0.000798071 182621 1133.72
0.00082043 186656 1146.82
0.000843415 194471 1173.83
0.000867045 198765 1181.75
0.000891336 202976 1193.89
0.000916308 209469 1216.92
0.000941979 213319 1226.19
0.00096837 217269 1236.18
0.0009955 227537 1269.27
0.00102339 233222 1284.19
0.00105206 238699 1299.62
0.00108154 245275 1316.73
0.00111184 254320 1349.15
0.00114299 260315 1358.6
0.00117501 264573 1370.57
0.00120793 271088 1391.19
0.00124177 281889 1414.21
0.00127656 289173 1435.98
0.00131233 296234 1454.1
0.00134909 301545 1459.87
0.00138689 313279 1491.17
0.00142574 322609 1514.82
0.00146569 328539 1526.27
0.00150675 338362 1554.98
0.00154896 347415 1573.2
0.00159236 355488 1590.88
0.00163697 366658 1613.87
0.00168283 374626 1635
0.00172998 385629 1661.2
0.00177845 393557 1668.51
0.00182827 405588 1699.38
0.0018795 416722 1728.1
0.00193215 429420 1745.55
0.00198628 435660 1759.28
0.00204193 450251 1792.3
0.00209914 458696 1802.67
0.00215795 471967 1832.63
0.00221841 484133 1854.46
0.00228056 494961 1878.54
0.00234445 511016 1911.77
0.00241014 524133 1933.08
0.00247766 536002 1951.17
0.00254707 549706 1984.57
0.00261843 562123 2000.93
0.00269179 578392 2028.43
0.00276721 595118 2062.99
0.00284473 609368 2087.91
0.00292443 623060 2109.69
0.00300636 639819 2140.09
0.00309059 654470 2159.42
0.00317718 673254 2194.43
0.00326619 686248 2216.1
0.0033577 705757 2242.72
0.00345177 721163 2266.38
0.00354847 734981 2284.31
0.00364789 759648 2335.65
0.00375009 778154 2359.3
0.00385515 793770 2383.08
0.00396316 809697 2402.84
0.00407419 835464 2447.07
0.00418834 846562 2458.6
0.00430568 872575 2502.81
0.00442631 892804 2531.27
0.00455031 912449 2558.23
0.0046778 930126 2580.78
0.00480885 957304 2619.35
0.00494358 977671 2649.78
0.00508208 995927 2669.18
0.00522446 1.0224e+06 2706.14
0.00537083 1.04357e+06 2736.49
0.0055213 1.06339e+06 2760.75
0.00567599 1.08896e+06 2792.19
0.00583501 1.11034e+06 2823.28
0.00599848 1.13694e+06 2854.62
0.00616654 1.16485e+06 2893.06
0.0063393 1.18768e+06 2919.18
0.00651691 1.21141e+06 2945.36
0.00669949 1.23426e+06 2973.58
0.00688718 1.26116e+06 3008.7
0.00708013 1.28402e+06 3035.55
0.00727849 1.31018e+06 3068.09
0.00748241 1.33754e+06 3093.42
0.00769204 1.36782e+06 3134.27
0.00790754 1.39791e+06 3171.23
0.00812908 1.41649e+06 3187.07
0.00835683 1.44974e+06 3225.22
0.00859096 1.47487e+06 3260.43
0.00883164 1.49655e+06 3275.75
0.00907907 1.52436e+06 3312.37
0.00933343 1.55077e+06 3335.7
0.00959492 1.58496e+06 3373.39
0.00986374 1.60366e+06 3396.93
0.0101401 1.6388e+06 3433.28
0.0104242 1.66224e+06 3454.43
0.0107162 1.69536e+06 3491.56
0.0110164 1.71268e+06 3507.84
0.0113251 1.74818e+06 3544.97
0.0116424 1.77385e+06 3572.5
0.0119685 1.80147e+06 3605
0.0123039 1.82536e+06 3622.95
0.0126486 1.8528e+06 3653.1
0.0130029 1.87421e+06 3674.06
0.0133672 1.89792e+06 3694.46
0.0137417 1.92496e+06 3722.48
0.0141267 1.93887e+06 3729.15
0.0145225 1.97306e+06 3770.04
0.0149294 1.99187e+06 3786.61
0.0153476 2.01573e+06 3809.93
0.0157776 2.03916e+06 3832.33
0.0162196 2.06243e+06 3857.38
0.0166741 2.07968e+06 3865.58
0.0171412 2.09409e+06 3879.65
0.0176214 2.1161e+06 3905
0.0181151 2.13591e+06 3927.3
0.0186226 2.15066e+06 3929.4
0.0191444 2.16748e+06 3951.53
0.0196807 2.17173e+06 3953.12
0.0202321 2.19845e+06 3983.32
0.020799 2.20599e+06 3994.64
0.0213817 2.2214e+06 4005.66
0.0219807 2.22312e+06 4006.68
0.0225965 2.22485e+06 4003.09
0.0232296 2.23521e+06 4016.34
0.0238804 2.24123e+06 4016.57
0.0245494 2.23937e+06 4017.31
0.0252372 2.24418e+06 4023.64
0.0259443 2.23464e+06 4008.3
0.0266711 2.23247e+06 4002.88
0.0274184 2.23375e+06 4012.12
0.0281865 2.22287e+06 4000.81
0.0289762 2.21636e+06 4000.09
0.029788 2.21368e+06 3998.37
0.0306226 2.19875e+06 3981.5
0.0314805 2.18411e+06 3970.24
0.0323625 2.16623e+06 3952.54
0.0332691 2.14494e+06 3930.63
0.0342012 2.12824e+06 3914.49
0.0351594 2.1121e+06 3901.64
0.0361444 2.08253e+06 3873.42
0.0371571 2.05827e+06 3856.46
0.0381981 2.0288e+06 3819.61
0.0392682 1.99241e+06 3790.35
0.0403684 1.96634e+06 3762.82
0.0414994 1.93247e+06 3731.36
0.042662 1.89881e+06 3700.3
0.0438573 1.86189e+06 3664.4
0.045086 1.82694e+06 3635.37
0.0463491 1.7787e+06 3585.21
0.0476476 1.73604e+06 3541.75
0.0489826 1.69351e+06 3488.69
0.0503549 1.65315e+06 3456.16
0.0517656 1.60354e+06 3400.7
0.0532159 1.55162e+06 3343.85
0.0547068 1.50816e+06 3299.87
0.0562395 1.45735e+06 3245.47
0.0578151 1.40792e+06 3187.4
0.0594349 1.3643e+06 3143.35
0.0611 1.30544e+06 3071.04
0.0628118 1.25798e+06 3011.98
0.0645716 1.1996e+06 2939.6
0.0663806 1.14726e+06 2879.06
0.0682404 1.09886e+06 2819.22
0.0701522 1.04662e+06 2747.72
0.0721176 987562 2667.4
0.0741381 941242 2601.48
0.0762152 893034 2537.66
0.0783504 841485 2464.69
0.0805455 789356 2387.51
0.0828021 744736 2316.93
0.0851219 699792 2251.28
0.0875067 652970 2172.57
0.0899583 608456 2093.02
0.0924786 570494 2035.47
0.0950696 524744 1946.38
0.097733 485638 1874.89
0.100471 447777 1796.52
0.103286 411438 1720.18
0.10618 376480 1647.51
0.109154 342369 1572.74
0.112213 314970 1509.02
0.115356 284583 1438.84
0.118588 258623 1374.93
0.121911 230630 1287.32
0.125326 208698 1227.14
0.128837 184117 1153.73
0.132447 164305 1090
0.136157 149461 1044.29
0.139972 128603 965.214
0.143894 114261 911.381
0.147925 100428 855.833
0.152069 87041.4 796.453
0.15633 75662.6 739.636
0.160709 65722.7 694.113
0.165212 56069.8 633.8
0.169841 46723.6 579.248
0.174599 40261.5 535.177
0.17949 34057.7 495.112
0.184519 28691.2 458.181
0.189689 24529.6 422.269
0.195003 20410 384.32
0.200466 16504.6 347.33
0.206083 14023 321.657
0.211856 11465.8 296.01
0.217792 9289.94 264.871
0.223893 7311.23 228.09
0.230166 5759.37 196.566
0.236615 4296.07 174.271
0.243244 3709.83 165.126
0.250058 2916.76 146.664
0.257064 2011.22 117.411
0.264266 1580.15 107.757
0.27167 1375.7 103.988
0.279281 951.431 84.1021
0.287105 796.59 76.6422
0.295149 509.104 60.058
0.303418 360.486 46.2279
0.311919 224.397 39.1169
0.320658 302.74 53.477
0.329641 221.001 45.1626
0.338876 98.9568 22.6264
0.348371 80.7863 27.4804
0.358131 29.1071 11.0976
0.368164 34.4881 17.8762
0.378479 31.3743 20.2265
0.389082 0.743028 0.743028
0.399983 38.8745 21.07
0.411189 3.63988 3.63988
0.422709 2.32774 2.32774
0.434552 0 0
0.446726 0.355379 0.355379
0.459242 0 0
0.472108 0 0
0.485335 0 0
0.498932 0 0
0.51291 0 0
0.52728 0 0
0.542053 0 0
0.557239 0 0
0.572851 0 0
0.5889 0 0
0.605399 0 0
0.62236 0 0
0.639796 0 0
0.657721 0 0
0.676147 0 0
0.695091 0 0
0.714565 0 0
0.734584 0 0
0.755164 0 0
0.776321 0 0
0.798071 0 0
0.82043 0 0
0.843415 0 0
0.867045 0 0
0.891336 0 0
0.916308 0 0
0.941979 0 0
0.96837 0 0
0.9955 0 0
1.02339 0 0
1.05206 0 0
1.08154 0 0
1.11184 0 0
1.14299 0 0
1.17501 0 0
1.20793 0 0
1.24177 0 0
1.27656 0 0
1.31233 0 0
1.34909 0 0
1.38689 0 0
1.42574 0 0
1.46569 0 0
1.50675 0 0
1.54896 0 0
1.59236 0 0
1.63697 0 0
1.68283 0 0
1.72998 0 0
1.77845 0 0
1.82827 0 0
1.8795 0 0
1.93215 0 0
1.98628 0 0
2.04193 0 0
2.09914 0 0
2.15795 0 0
2.21841 0 0
2.28056 0 0
2.34445 0 0
2.41014 0 0
2.47766 0 0
2.54707 0 0
2.61843 0 0
2.69179 0 0
2.76721 0 0
2.84473 0 0
2.92443 0 0
3.00636 0 0
3.09059 0 0
3.17718 0 0
3.26619 0 0
3.3577 0 0
3.45177 0 0
3.54847 0 0
3.64789 0 0
3.75009 0 0
3.85515 0 0
3.96316 0 0
4.07419 0 0
4.18834 0 0
4.30568 0 0
4.42631 0 0
4.55031 0 0
4.6778 0 0
4.80885 0 0
4.94358 0 0
5.08208 0 0
5.22446 0 0
5.37083 0 0
5.5213 0 0
5.67599 0 0
5.83501 0 0
5.99848 0 0
6.16654 0 0
6.3393 0 0
6.51691 0 0
6.69949 0 0
6.88718 0 0
7.08013 0 0
7.27849 0 0
7.48241 0 0
7.69204 0 0
7.90754 0 0
8.12908 0 0
8.35683 0 0
8.59096 0 0
8.83164 0 0
9.07907 0 0
9.33343 0 0
9.59492 0 0
9.86374 0 0
10.1401 0 0
10.4242 0 0
10.7162 0 0
11.0164 0 0
11.3251 0 0
11.6424 0 0
11.9685 0 0
12.3039 0 0
12.6486 0 0
13.0029 0 0
13.3672 0 0
13.7417 0 0
14.1267 0 0
14.5225 0 0
14.9294 0 0
15.3476 0 0
15.7776 0 0
16.2196 0 0
16.6741 0 0
17.1412 0 0
17.6214 0 0
18.1151 0 0
18.6226 0 0
19.1444 0 0
19.6807 0 0
20.2321 0 0
20.799 0 0
21.3817 0 0
21.9807 0 0
22.5965 0 0
23.2296 0 0
23.8804 0 0
24.5494 0 0
25.2372 0 0
25.9443 0 0
26.6711 0 0
27.4184 0 0
28.1865 0 0
28.9762 0 0
29.788 0 0
30.6226 0 0
31.4805 0 0
32.3625 0 0
33.2691 0 0
34.2012 0 0
35.1594 0 0
36.1444 0 0
37.1571 0 0
38.1981 0 0
39.2682 0 0
40.3684 0 0
41.4994 0 0
42.662 0 0
43.8573 0 0
45.086 0 0
46.3491 0 0
47.6476 0 0
48.9826 0 0
50.3549 0 0
51.7656 0 0
53.2159 0 0
54.7068 0 0
56.2395 0 0
57.8151 0 0
59.4349 0 0
61.1 0 0
62.8118 0 0
64.5716 0 0
66.3806 0 0
68.2404 0 0
70.1522 0 0
72.1176 0 0
74.1381 0 0
76.2152 0 0
78.3504 0 0
80.5455 0 0
82.8021 0 0
85.1219 0 0
87.5067 0 0
89.9583 0 0
92.4786 0 0
95.0696 0 0
97.733 0 0
100.471 0 0
103.286 0 0
106.18 0 0
109.154 0 0
112.213 0 0
115.356 0 0
118.588 0 0
121.911 0 0
125.326 0 0
128.837 0 0
132.447 0 0
136.157 0 0
139.972 0 0
143.894 0 0
147.925 0 0
152.069 0 0
156.33 0 0
160.709 0 0
165.212 0 0
169.841 0 0
174.599 0 0
179.49 0 0
184.519 0 0
189.689 0 0
195.003 0 0
200.466 0 0
206.083 0 0
211.856 0 0
217.792 0 0
223.893 0 0
230.166 0 0
236.615 0 0
243.244 0 0
250.058 0 0
257.064 0 0
264.266 0 0
271.67 0 0
279.281 0 0
287.105 0 0
295.149 0 0
303.418 0 0
311.919 0 0
320.658 0 0
329.641 0 0
338.876 0 0
348.371 0 0
358.131 0 0
368.164 0 0
378.479 0 0
389.082 0 0
399.983 0 0
411.189 0 0
422.709 0 0
434.552 0 0
446.726 0 0
459.242 0 0
472.108 0 0
485.335 0 0
498.932 0 0
512.91 0 0
527.28 0 0
542.053 0 0
557.239 0 0
572.851 0 0
588.9 0 0
605.399 0 0
622.36 0 0
639.796 0 0
657.721 0 0
676.147 0 0
695.091 0 0
714.565 0 0
734.584 0 0
755.164 0 0
776.321 0 0
798.071 0 0
820.43 0 0
843.415 0 0
867.045 0 0
891.336 0 0
916.308 0 0
941.979 0 0
968.37 0 0
995.5 0 0
1023.39 0 0
1052.06 0 0
1081.54 0 0
1111.84 0 0
1142.99 0 0
1175.01 0 0
1207.93 0 0
1241.77 0 0
1276.56 0 0
1312.33 0 0
1349.09 0 0
1386.89 0 0
1425.74 0 0
1465.69 0 0
1506.75 0 0
1548.96 0 0
1592.36 0 0
1636.97 0 0
1682.83 0 0
1729.98 0 0
1778.45 0 0
1828.27 0 0
1879.5 0 0
1932.15 0 0
1986.28 0 0
2041.93 0 0
2099.14 0 0
2157.95 0 0
2218.41 0 0
2280.56 0 0
2344.45 0 0
2410.14 0 0
2477.66 0 0
2547.07 0 0
2618.43 0 0
2691.79 0 0
2767.21 0 0
2844.73 0 0
2924.43 0 0
3006.36 0 0
3090.59 0 0
3177.18 0 0
3266.19 0 0
3357.7 0 0
3451.77 0 0
3548.47 0 0
3647.89 0 0
3750.09 0 0
3855.15 0 0
3963.16 0 0
4074.19 0 0
4188.34 0 0
4305.68 0 0
4426.31 0 0
4550.31 0 0
4677.8 0 0
4808.85 0 0
4943.58 0 0
5082.08 0 0
5224.46 0 0
5370.83 0 0
5521.3 0 0
5675.99 0 0
5835.01 0 0
5998.48 0 0
6166.54 0 0
6339.3 0 0
6516.91 0 0
6699.49 0 0
6887.18 0 0
7080.13 0 0
7278.49 0 0
7482.41 0 0
7692.04 0 0
7907.54 0 0
8129.08 0 0
8356.83 0 0
8590.96 0 0
8831.64 0 0
9079.07 0 0
9333.43 0 0
9594.92 0 0
9863.74 0 0
10140.1 0 0
10424.2 0 0
10716.2 0 0
11016.4 0 0
11325.1 0 0
11642.4 0 0
11968.5 0 0
12303.9 0 0
12648.6 0 0
13002.9 0 0
13367.2 0 0
13741.7 0 0
14126.7 0 0
14522.5 0 0
14929.4 0 0
15347.6 0 0
15777.6 0 0
16219.6 0 0
16674.1 0 0
17141.2 0 0
17621.4 0 0
18115.1 0 0
18622.6 0 0
19144.4 0 0
19680.7 0 0
20232.1 0 0
20799 0 0
21381.7 0 0
21980.7 0 0
22596.5 0 0
23229.6 0 0
23880.4 0 0
24549.4 0 0
25237.2 0 0
25944.3 0 0
26671.1 0 0
27418.4 0 0
28186.5 0 0
28976.2 0 0
29788 0 0
30622.6 0 0
31480.5 0 0
32362.5 0 0
33269.1 0 0
34201.2 0 0
35159.4 0 0
36144.4 0 0
37157.1 0 0
38198.1 0 0
39268.2 0 0
40368.4 0 0
41499.4 0 0
42662 0 0
43857.3 0 0
45086 0 0
46349.1 0 0
47647.6 0 0
48982.6 0 0
50354.9 0 0
51765.6 0 0
53215.9 0 0
54706.8 0 0
56239.5 0 0
57815.1 0 0
59434.9 0 0
61100 0 0
62811.8 0 0
64571.6 0 0
66380.6 0 0
68240.4 0 0
70152.2 0 0
72117.6 0 0
74138.1 0 0
76215.2 0 0
78350.4 0 0
80545.5 0 0
82802.1 0 0
85121.9 0 0
87506.7 0 0
89958.3 0 0
92478.6 0 0
95069.6 0 0
97733 0 0
100471 0 0
103286 0 0
106180 0 0
109154 0 0
112213 0 0
115356 0 0
118588 0 0
121911 0 0
125326 0 0
128837 0 0
132447 0 0
136157 0 0
139972 0 0
143894 0 0
147925 0 0
152069 0 0
156330 0 0
160709 0 0
165212 0 0
169841 0 0
174599 0 0
179490 0 0
184519 0 0
189689 0 0
195003 0 0
200466 0 0
206083 0 0
211856 0 0
217792 0 0
223893 0 0
230166 0 0
236615 0 0
243244 0 0
250058 0 0
257064 0 0
264266 0 0
271670 0 0
279281 0 0
287105 0 0
295149 0 0
303418 0 0
311919 0 0
320658 0 0
329641 0 0
338876 0 0
348371 0 0
358131 0 0
368164 0 0
378479 0 0
389082 0 0
399983 0 0
411189 0 0
422709 0 0
434552 0 0
446726 0 0
459242 0 0
472108 0 0
485335 0 0
498932 0 0
512910 0 0
527280 0 0
542053 0 0
557239 0 0
572851 0 0
588900 0 0
605399 0 0
622360 0 0
639796 0 0
657721 0 0
676147 0 0
695091 0 0
714565 0 0
734584 0 0
755164 0 0
776321 0 0
798071 0 0
820430 0 0
843415 0 0
867045 0 0
891336 0 0
916308 0 0
941979 0 0
968370 0 0
995500 0 0
1.02339e+06 0 0
1.05206e+06 0 0
1.08154e+06 0 0
1.11184e+06 0 0
1.14299e+06 0 0
1.17501e+06 0 0
1.20793e+06 0 0
1.24177e+06 0 0
1.27656e+06 0 0
1.31233e+06 0 0
1.34909e+06 0 0
1.38689e+06 0 0
1.42574e+06 0 0
1.46569e+06 0 0
1.50675e+06 0 0
1.54896e+06 0 0
1.59236e+06 0 0
1.63697e+06 0 0
1.68283e+06 0 0
1.72998e+06 0 0
1.77845e+06 0 0
1.82827e+06 0 0
1.8795e+06 0 0
1.93215e+06 0 0
1.98628e+06 0 0
2.04193e+06 0 0
2.09914e+06 0 0
2.15795e+06 0 0
2.21841e+06 0 0
2.28056e+06 0 0
2.34445e+06 0 0
2.41014e+06 0 0
2.47766e+06 0 0
2.54707e+06 0 0
2.61843e+06 0 0
2.69179e+06 0 0
2.76721e+06 0 0
2.84473e+06 0 0
2.92443e+06 0 0
3.00636e+06 0 0
3.09059e+06 0 0
3.17718e+06 0 0
3.26619e+06 0 0
3.3577e+06 0 0
3.45177e+06 0 0
3.54847e+06 0 0
3.64789e+06 0 0
3.75009e+06 0 0
3.85515e+06 0 0
3.96316e+06 0 0
4.07419e+06 0 0
4.18834e+06 0 0
4.30568e+06 0 0
4.42631e+06 0 0
4.55031e+06 0 0
4.6778e+06 0 0
4.80885e+06 0 0
4.94358e+06 0 0
5.08208e+06 0 0
5.22446e+06 0 0
5.37083e+06 0 0
5.5213e+06 0 0
5.67599e+06 0 0
5.83501e+06 0 0
5.99848e+06 0 0
6.16654e+06 0 0
6.3393e+06 0 0
6.51691e+06 0 0
6.69949e+06 0 0
6.88718e+06 0 0
7.08013e+06 0 0
7.27849e+06 0 0
7.48241e+06 0 0
7.69204e+06 0 0
7.90754e+06 0 0
8.12908e+06 0 0
8.35683e+06 0 0
8.59096e+06 0 0
8.83164e+06 0 0
9.07907e+06 0 0
9.33343e+06 0 0
9.59492e+06 0 0
9.86374e+06 0 0
