1.01401e-05 2026.56 111.784
1.04242e-05 1981.63 106.185
1.07162e-05 2178.93 117.098
1.10164e-05 2174.05 120.285
1.13251e-05 2375.18 119.169
1.16424e-05 2373.07 124.531
1.19685e-05 2527 130.219
1.23039e-05 2755.78 131.461
1.26486e-05 2276.49 113.943
1.30029e-05 2730.06 129.795
1.33672e-05 2628.24 125.664
1.37417e-05 2872.46 134.752
1.41267e-05 2981.87 139.022
1.45225e-05 2981.74 141.301
1.49294e-05 2995.91 134.213
1.53476e-05 3114.25 139.661
1.57776e-05 3386.39 146.353
1.62196e-05 3342.84 144.862
1.66741e-05 3480.38 150.167
1.71412e-05 3403.92 148.78
1.76214e-05 3671.43 151.859
1.81151e-05 3652.82 150.016
1.86226e-05 3800.45 160.579
1.91444e-05 3896.28 160.046
1.96807e-05 3953.84 160.006
2.02321e-05 4169.93 163.72
2.0799e-05 4727.14 184.947
2.13817e-05 4599.82 169.909
2.19807e-05 4853.61 182.595
2.25965e-05 4855.54 175.651
2.32296e-05 5096.55 182.58
2.38804e-05 5181.52 183.504
2.45494e-05 5244.21 188.071
2.52372e-05 5201.66 187.505
2.59443e-05 5539.63 192.516
2.66711e-05 5680.11 188.815
2.74184e-05 5794.48 194.988
2.81865e-05 6354.51 203.009
2.89762e-05 6219.77 202.814
2.9788e-05 6767.11 218.593
3.06226e-05 6454.37 207.836
3.14805e-05 7299.3 224.042
3.23625e-05 7112.11 214.308
3.32691e-05 7322.32 218.987
3.42012e-05 7151.96 219.125
3.51594e-05 7967.47 231.656
3.61444e-05 7999.9 229.826
3.71571e-05 8015.6 229.892
3.81981e-05 8379.22 235.214
3.92682e-05 8558.28 237.777
4.03684e-05 9061.47 249.837
4.14994e-05 9484.58 256.221
4.2662e-05 9187.85 247.87
4.38573e-05 9791.77 259.086
4.5086e-05 10182.5 263.806
4.63491e-05 10582.5 266.379
4.76476e-05 10410.5 269.02
4.89826e-05 11009.4 277.641
5.03549e-05 11709.6 287.65
5.17656e-05 11784.2 288.836
5.32159e-05 11775.4 286.783
5.47068e-05 12633.6 292.502
5.62395e-05 13087.1 302.061
5.78151e-05 12912.6 295.695
5.94349e-05 13425.8 308.147
6.11e-05 14205.7 314.358
6.28118e-05 14354.9 316.821
6.45716e-05 14008.9 306.612
6.63806e-05 14921.2 321.517
6.82404e-05 15271.8 320.349
7.01522e-05 16238.5 337.573
7.21176e-05 16831.2 346.236
7.41381e-05 16938 343.801
7.62152e-05 17620.2 351.502
7.83504e-05 17753.9 351.419
8.05455e-05 17802.9 342.791
8.28021e-05 18959.4 367.361
8.51219e-05 19450.9 365.953
8.75067e-05 20112.4 375.368
8.99583e-05 20911.5 381.336
9.24786e-05 21004.9 378.249
9.50696e-05 22462.3 398.361
9.7733e-05 22634.1 399.048
0.000100471 23430.5 403.732
0.000103286 23866 411.755
0.00010618 24479.3 412.421
0.000109154 26103.8 431.866
0.000112213 25886.4 427.731
0.000115356 27447.5 444.44
0.000118588 27849.9 447.159
0.000121911 29193.4 460.893
0.000125326 29103 452.933
0.000128837 29745 457.508
0.000132447 31260.2 474.457
0.000136157 32598.5 487.534
0.000139972 32528.2 482.444
0.000143894 33863.9 490.058
0.000147925 35605.8 506.482
0.000152069 36710.9 516.226
0.00015633 36752.2 505.026
0.000160709 38262.8 523.888
0.000165212 39561.4 531.977
0.000169841 39780.5 530.991
0.000174599 41424.5 540.725
0.00017949 42767 554.521
0.000184519 44167.4 568.627
0.000189689 44216.3 562.966
0.000195003 47091.5 583.581
0.000200466 46892.7 584.298
0.000206083 48480.1 589.692
0.000211856 49772 598.706
0.000217792 51112.1 605.31
0.000223893 53495.4 624.906
0.000230166 54456 624.645
0.000236615 56610 643.336
0.000243244 59220.4 654.53
0.000250058 60330.6 664.685
0.000257064 61111.2 669.072
0.000264266 63472.8 676.189
0.00027167 65209.5 688.601
0.000279281 66880.6 697.47
0.000287105 68661.9 710.161
0.000295149 70934.8 720.35
0.000303418 72494.6 726.818
0.000311919 74204.8 735.713
0.000320658 75951 742.548
0.000329641 79149.5 760.751
0.000338876 81275.8 772.312
0.000348371 83999.7 784.147
0.000358131 86231.4 797.871
0.000368164 90311.8 820.796
0.000378479 92162.1 823.958
0.000389082 93795.8 827.777
0.000399983 95378.3 836.27
0.000411189 97834.1 845.719
0.000422709 101214 860.584
0.000434552 105406 879.25
0.000446726 106741 882.045
0.000459242 111312 905.003
0.000472108 113785 915.813
0.000485335 114843 912.217
0.000498932 120821 939.93
0.00051291 124255 954.697
0.00052728 128187 969.244
0.000542053 130024 977.697
0.000557239 132857 989.986
0.000572851 137818 1005.17
0.0005889 143507 1029.97
0.000605399 146358 1040.15
0.00062236 150123 1055.96
0.000639796 154408 1069.78
0.000657721 157398 1076.78
0.000676147 161750 1092.71
0.000695091 165339 1098.8
0.000714565 171219 1121.87
0.000734584 177522 1145.3
0.000755164 181124 1158.76
0.000776321 187253 1180.31
0.000798071 191472 1193.01
0.00082043 196243 1206.91
0.000843415 204276 1234.06
0.000867045 206783 1232.66
0.000891336 213849 1255.15
0.000916308 221386 1282.76
0.000941979 222431 1280.5
0.00096837 229650 1306.1
0.0009955 236776 1330.44
0.00102339 244474 1350.33
0.00105206 251763 1368.61
0.00108154 256589 1378.18
0.00111184 266893 1407.93
0.00114299 273977 1429.59
0.00117501 281213 1452.87
0.00120793 284423 1452.34
0.00124177 293724 1478.96
0.00127656 301483 1491.94
0.00131233 308606 1513.3
0.00134909 318486 1535.13
0.00138689 326350 1558.93
0.00142574 334650 1575.81
0.00146569 344506 1600.9
0.00150675 351269 1618.99
0.00154896 362714 1645.66
0.00159236 373798 1671.05
0.00163697 381556 1686.31
0.00168283 394678 1718.13
0.00172998 401803 1733.82
0.00177845 412485 1755.21
0.00182827 426339 1782.77
0.0018795 438903 1814.43
0.00193215 446307 1829.34
0.00198628 457163 1850.89
0.00204193 470433 1873.35
0.00209914 482288 1898.46
0.00215795 499058 1933.31
0.00221841 507926 1948.14
0.00228056 522516 1972.88
0.00234445 538502 2011.71
0.00241014 549684 2023.94
0.00247766 564280 2056.69
0.00254707 576729 2073.95
0.00261843 592915 2104.86
0.00269179 605000 2129.14
0.00276721 624336 2167.33
0.00284473 637931 2183.54
0.00292443 659020 2229.81
0.00300636 668972 2240.51
0.00309059 682384 2251.38
0.00317718 703386 2294.06
0.00326619 720281 2322.66
0.0033577 736449 2341.6
0.00345177 758881 2386.92
0.00354847 775178 2410.44
0.00364789 785044 2423.69
0.00375009 808888 2461.95
0.00385515 833224 2502.31
0.00396316 855882 2532.67
0.00407419 872424 2561.09
0.00418834 892111 2588.82
0.00430568 909894 2610.54
0.00442631 937351 2653.99
0.00455031 958944 2686.06
0.0046778 982698 2719.05
0.00480885 1.00173e+06 2745.24
0.00494358 1.02113e+06 2772.47
0.00508208 1.04956e+06 2806.12
0.00522446 1.07607e+06 2840.79
0.00537083 1.09147e+06 2865.79
0.0055213 1.12197e+06 2910.02
0.00567599 1.14392e+06 2935.25
0.00583501 1.17206e+06 2971.73
0.00599848 1.1998e+06 3007.26
0.00616654 1.22039e+06 3034.65
0.0063393 1.24439e+06 3062.29
0.00651691 1.27226e+06 3095.42
0.00669949 1.29121e+06 3114.26
0.00688718 1.32726e+06 3166.51
0.00708013 1.349e+06 3187.67
0.00727849 1.38132e+06 3233.31
0.00748241 1.40825e+06 3259.19
0.00769204 1.428e+06 3273.61
0.00790754 1.46402e+06 3322.71
0.00812908 1.49054e+06 3353.28
0.00835683 1.51357e+06 3376.7
0.00859096 1.54559e+06 3404.89
0.00883164 1.57194e+06 3437.58
0.00907907 1.60015e+06 3475.39
0.00933343 1.63175e+06 3514.31
0.00959492 1.66461e+06 3546.17
0.00986374 1.68888e+06 3569.53
0.0101401 1.71368e+06 3589.87
0.0104242 1.74386e+06 3623.53
0.0107162 1.7798e+06 3664.97
0.0110164 1.80386e+06 3687.75
0.0113251 1.83333e+06 3725.76
0.0116424 1.86167e+06 3754.1
0.0119685 1.88289e+06 3769.21
0.0123039 1.91374e+06 3799.24
0.0126486 1.93757e+06 3825.34
0.0130029 1.96281e+06 3844.6
0.0133672 1.99515e+06 3883.8
0.0137417 2.01692e+06 3903.73
0.0141267 2.04337e+06 3926.57
0.0145225 2.07706e+06 3966.57
0.0149294 2.09408e+06 3979.36
0.0153476 2.11825e+06 4003.92
0.0157776 2.1373e+06 4019.55
0.0162196 2.16427e+06 4046.47
0.0166741 2.18487e+06 4063.02
0.0171412 2.20188e+06 4079.12
0.0176214 2.22068e+06 4095.01
0.0181151 2.24057e+06 4111.8
0.0186226 2.25983e+06 4127.97
0.0191444 2.27347e+06 4146.73
0.0196807 2.28265e+06 4155.92
0.0202321 2.29336e+06 4160.18
0.020799 2.31233e+06 4180.21
0.0213817 2.32851e+06 4198.31
0.0219807 2.33446e+06 4203.33
0.0225965 2.33364e+06 4196.01
0.0232296 2.34599e+06 4209.95
0.0238804 2.35222e+06 4214.6
0.0245494 2.35184e+06 4215.36
0.0252372 2.35088e+06 4218.54
0.0259443 2.35969e+06 4227.33
0.0266711 2.34231e+06 4204.77
0.0274184 2.34174e+06 4205.9
0.0281865 2.33829e+06 4202.26
0.0289762 2.32503e+06 4188.96
0.029788 2.32116e+06 4192.85
0.0306226 2.31076e+06 4179.8
0.0314805 2.29568e+06 4172.36
0.0323625 2.27989e+06 4159.73
0.0332691 2.25563e+06 4134.47
0.0342012 2.22919e+06 4110.49
0.0351594 2.21364e+06 4096.48
0.0361444 2.18591e+06 4071.47
0.0371571 2.15971e+06 4047.51
0.0381981 2.12929e+06 4016.74
0.0392682 2.09691e+06 3983.64
0.0403684 2.06462e+06 3954.11
0.0414994 2.02995e+06 3920.95
0.042662 1.99147e+06 3882.92
0.0438573 1.96154e+06 3860.71
0.045086 1.90758e+06 3797.36
0.0463491 1.86841e+06 3761.85
0.0476476 1.82905e+06 3725.47
0.0489826 1.77482e+06 3668.64
0.0503549 1.73417e+06 3631
0.0517656 1.68639e+06 3578.42
0.0532159 1.6322e+06 3514.45
0.0547068 1.58218e+06 3462.21
0.0562395 1.53165e+06 3410.38
0.0578151 1.47535e+06 3342.78
0.0594349 1.42346e+06 3287.31
0.0611 1.37132e+06 3218.75
0.0628118 1.32285e+06 3172.33
0.0645716 1.264e+06 3098.73
0.0663806 1.20951e+06 3030.25
0.0682404 1.15074e+06 2952.83
0.0701522 1.09933e+06 2889.48
0.0721176 1.04429e+06 2814.01
0.0741381 990961 2743.42
0.0762152 937812 2664.57
0.0783504 884363 2591.91
0.0805455 831945 2510.11
0.0828021 777674 2424.94
0.0851219 736457 2362.99
0.0875067 686544 2285.15
0.0899583 639756 2202.93
0.0924786 593312 2118.17
0.0950696 553132 2049.56
0.097733 509913 1967.71
0.100471 467827 1884.95
0.103286 433741 1815.92
0.10618 393994 1726.18
0.109154 361093 1653.66
0.112213 328413 1578.57
0.115356 299038 1507.08
0.118588 271562 1434.98
0.121911 243036 1358.92
0.125326 217935 1285.4
0.128837 194248 1212.74
0.132447 173656 1146.95
0.136157 153828 1081.41
0.139972 134587 1011.71
0.143894 116279 933.454
0.147925 104319 894.14
0.152069 92549.6 843.095
0.15633 77336.8 758.725
0.160709 67796.8 713.43
0.165212 58927.1 665.755
0.169841 50327.4 618.755
0.174599 42318.4 565.526
0.17949 36307.8 525.115
0.184519 29865.4 469.209
0.189689 26100.8 447.545
0.195003 21158.2 403.159
0.200466 17880.5 364.388
0.206083 14282.9 327.063
0.211856 11398.5 291.84
0.217792 9348.22 262.727
0.223893 7517.66 237.856
0.230166 5963.02 208.712
0.236615 5011.86 197.319
0.243244 3620.53 163.897
0.250058 3085.17 147.821
0.257064 2410.81 137.922
0.264266 1663.43 112.914
0.27167 1435.37 101.216
0.279281 1026.14 89.5353
0.287105 728.007 74.4714
0.295149 711 76.5401
0.303418 413.123 52.2798
0.311919 342.126 52.0308
0.320658 277.276 48.4748
0.329641 114.48 28.9256
0.338876 109.736 33.2867
0.348371 72.8713 27.0497
0.358131 44.47 24.0298
0.368164 53.5298 18.5255
0.378479 6.89364 6.89364
0.389082 9.33979 6.67639
0.399983 16.8156 12.5818
0.411189 5.80804 4.19361
0.422709 0 0
0.434552 2.41278 2.41278
0.446726 6.56035 4.82585
0.459242 0 0
0.472108 7.00797 7.00797
0.485335 0 0
0.498932 0 0
0.51291 0 0
0.52728 0 0
0.542053 0 0
0.557239 0 0
0.572851 0 0
0.5889 0 0
0.605399 0 0
0.62236 0 0
0.639796 0 0
0.657721 0 0
0.676147 0 0
0.695091 0 0
0.714565 0 0
0.734584 0 0
0.755164 0 0
0.776321 0 0
0.798071 0 0
0.82043 0 0
0.843415 0 0
0.867045 0 0
0.891336 0 0
0.916308 0 0
0.941979 0 0
0.96837 0 0
0.9955 0 0
1.02339 0 0
1.05206 0 0
1.08154 0 0
1.11184 0 0
1.14299 0 0
1.17501 0 0
1.20793 0 0
1.24177 0 0
1.27656 0 0
1.31233 0 0
1.34909 0 0
1.38689 0 0
1.42574 0 0
1.46569 0 0
1.50675 0 0
1.54896 0 0
1.59236 0 0
1.63697 0 0
1.68283 0 0
1.72998 0 0
1.77845 0 0
1.82827 0 0
1.8795 0 0
1.93215 0 0
1.98628 0 0
2.04193 0 0
2.09914 0 0
2.15795 0 0
2.21841 0 0
2.28056 0 0
2.34445 0 0
2.41014 0 0
2.47766 0 0
2.54707 0 0
2.61843 0 0
2.69179 0 0
2.76721 0 0
2.84473 0 0
2.92443 0 0
3.00636 0 0
3.09059 0 0
3.17718 0 0
3.26619 0 0
3.3577 0 0
3.45177 0 0
3.54847 0 0
3.64789 0 0
3.75009 0 0
3.85515 0 0
3.96316 0 0
4.07419 0 0
4.18834 0 0
4.30568 0 0
4.42631 0 0
4.55031 0 0
4.6778 0 0
4.80885 0 0
4.94358 0 0
5.08208 0 0
5.22446 0 0
5.37083 0 0
5.5213 0 0
5.67599 0 0
5.83501 0 0
5.99848 0 0
6.16654 0 0
6.3393 0 0
6.51691 0 0
6.69949 0 0
6.88718 0 0
7.08013 0 0
7.27849 0 0
7.48241 0 0
7.69204 0 0
7.90754 0 0
8.12908 0 0
8.35683 0 0
8.59096 0 0
8.83164 0 0
9.07907 0 0
9.33343 0 0
9.59492 0 0
9.86374 0 0
10.1401 0 0
10.4242 0 0
10.7162 0 0
11.0164 0 0
11.3251 0 0
11.6424 0 0
11.9685 0 0
12.3039 0 0
12.6486 0 0
13.0029 0 0
13.3672 0 0
13.7417 0 0
14.1267 0 0
14.5225 0 0
14.9294 0 0
15.3476 0 0
15.7776 0 0
16.2196 0 0
16.6741 0 0
17.1412 0 0
17.6214 0 0
18.1151 0 0
18.6226 0 0
19.1444 0 0
19.6807 0 0
20.2321 0 0
20.799 0 0
21.3817 0 0
21.9807 0 0
22.5965 0 0
23.2296 0 0
23.8804 0 0
24.5494 0 0
25.2372 0 0
25.9443 0 0
26.6711 0 0
27.4184 0 0
28.1865 0 0
28.9762 0 0
29.788 0 0
30.6226 0 0
31.4805 0 0
32.3625 0 0
33.2691 0 0
34.2012 0 0
35.1594 0 0
36.1444 0 0
37.1571 0 0
38.1981 0 0
39.2682 0 0
40.3684 0 0
41.4994 0 0
42.662 0 0
43.8573 0 0
45.086 0 0
46.3491 0 0
47.6476 0 0
48.9826 0 0
50.3549 0 0
51.7656 0 0
53.2159 0 0
54.7068 0 0
56.2395 0 0
57.8151 0 0
59.4349 0 0
61.1 0 0
62.8118 0 0
64.5716 0 0
66.3806 0 0
68.2404 0 0
70.1522 0 0
72.1176 0 0
74.1381 0 0
76.2152 0 0
78.3504 0 0
80.5455 0 0
82.8021 0 0
85.1219 0 0
87.5067 0 0
89.9583 0 0
92.4786 0 0
95.0696 0 0
97.733 0 0
100.471 0 0
103.286 0 0
106.18 0 0
109.154 0 0
112.213 0 0
115.356 0 0
118.588 0 0
121.911 0 0
125.326 0 0
128.837 0 0
132.447 0 0
136.157 0 0
139.972 0 0
143.894 0 0
147.925 0 0
152.069 0 0
156.33 0 0
160.709 0 0
165.212 0 0
169.841 0 0
174.599 0 0
179.49 0 0
184.519 0 0
189.689 0 0
195.003 0 0
200.466 0 0
206.083 0 0
211.856 0 0
217.792 0 0
223.893 0 0
230.166 0 0
236.615 0 0
243.244 0 0
250.058 0 0
257.064 0 0
264.266 0 0
271.67 0 0
279.281 0 0
287.105 0 0
295.149 0 0
303.418 0 0
311.919 0 0
320.658 0 0
329.641 0 0
338.876 0 0
348.371 0 0
358.131 0 0
368.164 0 0
378.479 0 0
389.082 0 0
399.983 0 0
411.189 0 0
422.709 0 0
434.552 0 0
446.726 0 0
459.242 0 0
472.108 0 0
485.335 0 0
498.932 0 0
512.91 0 0
527.28 0 0
542.053 0 0
557.239 0 0
572.851 0 0
588.9 0 0
605.399 0 0
622.36 0 0
639.796 0 0
657.721 0 0
676.147 0 0
695.091 0 0
714.565 0 0
734.584 0 0
755.164 0 0
776.321 0 0
798.071 0 0
820.43 0 0
843.415 0 0
867.045 0 0
891.336 0 0
916.308 0 0
941.979 0 0
968.37 0 0
995.5 0 0
1023.39 0 0
1052.06 0 0
1081.54 0 0
1111.84 0 0
1142.99 0 0
1175.01 0 0
1207.93 0 0
1241.77 0 0
1276.56 0 0
1312.33 0 0
1349.09 0 0
1386.89 0 0
1425.74 0 0
1465.69 0 0
1506.75 0 0
1548.96 0 0
1592.36 0 0
1636.97 0 0
1682.83 0 0
1729.98 0 0
1778.45 0 0
1828.27 0 0
1879.5 0 0
1932.15 0 0
1986.28 0 0
2041.93 0 0
2099.14 0 0
2157.95 0 0
2218.41 0 0
2280.56 0 0
2344.45 0 0
2410.14 0 0
2477.66 0 0
2547.07 0 0
2618.43 0 0
2691.79 0 0
2767.21 0 0
2844.73 0 0
2924.43 0 0
3006.36 0 0
3090.59 0 0
3177.18 0 0
3266.19 0 0
3357.7 0 0
3451.77 0 0
3548.47 0 0
3647.89 0 0
3750.09 0 0
3855.15 0 0
3963.16 0 0
4074.19 0 0
4188.34 0 0
4305.68 0 0
4426.31 0 0
4550.31 0 0
4677.8 0 0
4808.85 0 0
4943.58 0 0
5082.08 0 0
5224.46 0 0
5370.83 0 0
5521.3 0 0
5675.99 0 0
5835.01 0 0
5998.48 0 0
6166.54 0 0
6339.3 0 0
6516.91 0 0
6699.49 0 0
6887.18 0 0
7080.13 0 0
7278.49 0 0
7482.41 0 0
7692.04 0 0
7907.54 0 0
8129.08 0 0
8356.83 0 0
8590.96 0 0
8831.64 0 0
9079.07 0 0
9333.43 0 0
9594.92 0 0
9863.74 0 0
10140.1 0 0
10424.2 0 0
10716.2 0 0
11016.4 0 0
11325.1 0 0
11642.4 0 0
11968.5 0 0
12303.9 0 0
12648.6 0 0
13002.9 0 0
13367.2 0 0
13741.7 0 0
14126.7 0 0
14522.5 0 0
14929.4 0 0
15347.6 0 0
15777.6 0 0
16219.6 0 0
16674.1 0 0
17141.2 0 0
17621.4 0 0
18115.1 0 0
18622.6 0 0
19144.4 0 0
19680.7 0 0
20232.1 0 0
20799 0 0
21381.7 0 0
21980.7 0 0
22596.5 0 0
23229.6 0 0
23880.4 0 0
24549.4 0 0
25237.2 0 0
25944.3 0 0
26671.1 0 0
27418.4 0 0
28186.5 0 0
28976.2 0 0
29788 0 0
30622.6 0 0
31480.5 0 0
32362.5 0 0
33269.1 0 0
34201.2 0 0
35159.4 0 0
36144.4 0 0
37157.1 0 0
38198.1 0 0
39268.2 0 0
40368.4 0 0
41499.4 0 0
42662 0 0
43857.3 0 0
45086 0 0
46349.1 0 0
47647.6 0 0
48982.6 0 0
50354.9 0 0
51765.6 0 0
53215.9 0 0
54706.8 0 0
56239.5 0 0
57815.1 0 0
59434.9 0 0
61100 0 0
62811.8 0 0
64571.6 0 0
66380.6 0 0
68240.4 0 0
70152.2 0 0
72117.6 0 0
74138.1 0 0
76215.2 0 0
78350.4 0 0
80545.5 0 0
82802.1 0 0
85121.9 0 0
87506.7 0 0
89958.3 0 0
92478.6 0 0
95069.6 0 0
97733 0 0
100471 0 0
103286 0 0
106180 0 0
109154 0 0
112213 0 0
115356 0 0
118588 0 0
121911 0 0
125326 0 0
128837 0 0
132447 0 0
136157 0 0
139972 0 0
143894 0 0
147925 0 0
152069 0 0
156330 0 0
160709 0 0
165212 0 0
169841 0 0
174599 0 0
179490 0 0
184519 0 0
189689 0 0
195003 0 0
200466 0 0
206083 0 0
211856 0 0
217792 0 0
223893 0 0
230166 0 0
236615 0 0
243244 0 0
250058 0 0
257064 0 0
264266 0 0
271670 0 0
279281 0 0
287105 0 0
295149 0 0
303418 0 0
311919 0 0
320658 0 0
329641 0 0
338876 0 0
348371 0 0
358131 0 0
368164 0 0
378479 0 0
389082 0 0
399983 0 0
411189 0 0
422709 0 0
434552 0 0
446726 0 0
459242 0 0
472108 0 0
485335 0 0
498932 0 0
512910 0 0
527280 0 0
542053 0 0
557239 0 0
572851 0 0
588900 0 0
605399 0 0
622360 0 0
639796 0 0
657721 0 0
676147 0 0
695091 0 0
714565 0 0
734584 0 0
755164 0 0
776321 0 0
798071 0 0
820430 0 0
843415 0 0
867045 0 0
891336 0 0
916308 0 0
941979 0 0
968370 0 0
995500 0 0
1.02339e+06 0 0
1.05206e+06 0 0
1.08154e+06 0 0
1.11184e+06 0 0
1.14299e+06 0 0
1.17501e+06 0 0
1.20793e+06 0 0
1.24177e+06 0 0
1.27656e+06 0 0
1.31233e+06 0 0
1.34909e+06 0 0
1.38689e+06 0 0
1.42574e+06 0 0
1.46569e+06 0 0
1.50675e+06 0 0
1.54896e+06 0 0
1.59236e+06 0 0
1.63697e+06 0 0
1.68283e+06 0 0
1.72998e+06 0 0
1.77845e+06 0 0
1.82827e+06 0 0
1.8795e+06 0 0
1.93215e+06 0 0
1.98628e+06 0 0
2.04193e+06 0 0
2.09914e+06 0 0
2.15795e+06 0 0
2.21841e+06 0 0
2.28056e+06 0 0
2.34445e+06 0 0
2.41014e+06 0 0
2.47766e+06 0 0
2.54707e+06 0 0
2.61843e+06 0 0
2.69179e+06 0 0
2.76721e+06 0 0
2.84473e+06 0 0
2.92443e+06 0 0
3.00636e+06 0 0
3.09059e+06 0 0
3.17718e+06 0 0
3.26619e+06 0 0
3.3577e+06 0 0
3.45177e+06 0 0
3.54847e+06 0 0
3.64789e+06 0 0
3.75009e+06 0 0
3.85515e+06 0 0
3.96316e+06 0 0
4.07419e+06 0 0
4.18834e+06 0 0
4.30568e+06 0 0
4.42631e+06 0 0
4.55031e+06 0 0
4.6778e+06 0 0
4.80885e+06 0 0
4.94358e+06 0 0
5.08208e+06 0 0
5.22446e+06 0 0
5.37083e+06 0 0
5.5213e+06 0 0
5.67599e+06 0 0
5.83501e+06 0 0
5.99848e+06 0 0
6.16654e+06 0 0
6.3393e+06 0 0
6.51691e+06 0 0
6.69949e+06 0 0
6.88718e+06 0 0
7.08013e+06 0 0
7.27849e+06 0 0
7.48241e+06 0 0
7.69204e+06 0 0
7.90754e+06 0 0
8.12908e+06 0 0
8.35683e+06 0 0
8.59096e+06 0 0
8.83164e+06 0 0
9.07907e+06 0 0
9.33343e+06 0 0
9.59492e+06 0 0
9.86374e+06 0 0
