1.01401e-05 0 0
1.04242e-05 0 0
1.07162e-05 0 0
1.10164e-05 0 0
1.13251e-05 0 0
1.16424e-05 0 0
1.19685e-05 0 0
1.23039e-05 0 0
1.26486e-05 0 0
1.30029e-05 0 0
1.33672e-05 0 0
1.37417e-05 0 0
1.41267e-05 0 0
1.45225e-05 0 0
1.49294e-05 0 0
1.53476e-05 0 0
1.57776e-05 0 0
1.62196e-05 0 0
1.66741e-05 0 0
1.71412e-05 0 0
1.76214e-05 0 0
1.81151e-05 0 0
1.86226e-05 0 0
1.91444e-05 0 0
1.96807e-05 0 0
2.02321e-05 0 0
2.0799e-05 0 0
2.13817e-05 0 0
2.19807e-05 0 0
2.25965e-05 0 0
2.32296e-05 0 0
2.38804e-05 0 0
2.45494e-05 0 0
2.52372e-05 0 0
2.59443e-05 0 0
2.66711e-05 0 0
2.74184e-05 0 0
2.81865e-05 0 0
2.89762e-05 0 0
2.9788e-05 0 0
3.06226e-05 0 0
3.14805e-05 0 0
3.23625e-05 0 0
3.32691e-05 0 0
3.42012e-05 0 0
3.51594e-05 0 0
3.61444e-05 0 0
3.71571e-05 0 0
3.81981e-05 0 0
3.92682e-05 0 0
4.03684e-05 0 0
4.14994e-05 0 0
4.2662e-05 0 0
4.38573e-05 0 0
4.5086e-05 0 0
4.63491e-05 0 0
4.76476e-05 0 0
4.89826e-05 0 0
5.03549e-05 0 0
5.17656e-05 0 0
5.32159e-05 0 0
5.47068e-05 0 0
5.62395e-05 0 0
5.78151e-05 0 0
5.94349e-05 0 0
6.11e-05 0 0
6.28118e-05 0 0
6.45716e-05 0 0
6.63806e-05 0 0
6.82404e-05 0 0
7.01522e-05 0 0
7.21176e-05 0 0
7.41381e-05 0 0
7.62152e-05 0 0
7.83504e-05 0 0
8.05455e-05 0 0
8.28021e-05 0 0
8.51219e-05 0 0
8.75067e-05 0 0
8.99583e-05 0 0
9.24786e-05 0 0
9.50696e-05 0 0
9.7733e-05 0 0
0.000100471 0 0
0.000103286 0 0
0.00010618 0 0
0.000109154 0 0
0.000112213 0 0
0.000115356 0 0
0.000118588 0 0
0.000121911 0 0
0.000125326 0 0
0.000128837 0 0
0.000132447 0 0
0.000136157 0 0
0.000139972 0 0
0.000143894 0 0
0.000147925 0 0
0.000152069 0 0
0.00015633 0 0
0.000160709 0 0
0.000165212 0 0
0.000169841 0 0
0.000174599 0 0
0.00017949 0 0
0.000184519 0 0
0.000189689 0 0
0.000195003 0 0
0.000200466 0 0
0.000206083 0 0
0.000211856 0 0
0.000217792 0 0
0.000223893 0 0
0.000230166 0 0
0.000236615 0 0
0.000243244 0 0
0.000250058 0 0
0.000257064 0 0
0.000264266 0 0
0.00027167 0 0
0.000279281 0 0
0.000287105 0 0
0.000295149 0 0
0.000303418 0 0
0.000311919 0 0
0.000320658 0 0
0.000329641 0 0
0.000338876 0 0
0.000348371 0 0
0.000358131 0 0
0.000368164 0 0
0.000378479 0 0
0.000389082 0 0
0.000399983 0 0
0.000411189 0 0
0.000422709 0 0
0.000434552 0 0
0.000446726 0 0
0.000459242 0 0
0.000472108 0 0
0.000485335 0 0
0.000498932 0 0
0.00051291 0 0
0.00052728 0 0
0.000542053 0 0
0.000557239 0 0
0.000572851 0 0
0.0005889 0 0
0.000605399 0 0
0.00062236 0 0
0.000639796 0 0
0.000657721 0 0
0.000676147 0 0
0.000695091 0 0
0.000714565 0 0
0.000734584 0 0
0.000755164 0 0
0.000776321 0 0
0.000798071 0 0
0.00082043 0 0
0.000843415 0 0
0.000867045 0 0
0.000891336 0 0
0.000916308 0 0
0.000941979 0 0
0.00096837 0 0
0.0009955 0 0
0.00102339 0 0
0.00105206 0 0
0.00108154 0 0
0.00111184 0 0
0.00114299 0 0
0.00117501 0 0
0.00120793 0 0
0.00124177 0 0
0.00127656 0 0
0.00131233 0 0
0.00134909 0 0
0.00138689 0 0
0.00142574 0 0
0.00146569 0 0
0.00150675 0 0
0.00154896 0 0
0.00159236 0 0
0.00163697 0 0
0.00168283 0 0
0.00172998 0 0
0.00177845 0 0
0.00182827 0 0
0.0018795 0 0
0.00193215 0 0
0.00198628 0 0
0.00204193 0 0
0.00209914 0 0
0.00215795 0 0
0.00221841 0 0
0.00228056 0 0
0.00234445 0 0
0.00241014 0 0
0.00247766 0 0
0.00254707 0 0
0.00261843 0 0
0.00269179 0 0
0.00276721 0 0
0.00284473 0 0
0.00292443 0 0
0.00300636 0 0
0.00309059 0 0
0.00317718 0 0
0.00326619 0 0
0.0033577 0 0
0.00345177 0 0
0.00354847 0 0
0.00364789 0 0
0.00375009 0 0
0.00385515 0 0
0.00396316 0 0
0.00407419 0 0
0.00418834 0 0
0.00430568 0 0
0.00442631 0 0
0.00455031 0 0
0.0046778 0 0
0.00480885 0 0
0.00494358 0 0
0.00508208 0 0
0.00522446 0 0
0.00537083 0 0
0.0055213 0 0
0.00567599 0 0
0.00583501 0 0
0.00599848 0 0
0.00616654 0 0
0.0063393 0 0
0.00651691 0 0
0.00669949 0 0
0.00688718 0 0
0.00708013 0 0
0.00727849 0 0
0.00748241 0 0
0.00769204 0 0
0.00790754 0 0
0.00812908 0 0
0.00835683 0 0
0.00859096 0 0
0.00883164 0 0
0.00907907 0 0
0.00933343 0 0
0.00959492 0 0
0.00986374 0 0
0.0101401 0 0
0.0104242 0 0
0.0107162 0 0
0.0110164 0 0
0.0113251 0 0
0.0116424 0 0
0.0119685 0 0
0.0123039 0 0
0.0126486 0 0
0.0130029 0 0
0.0133672 0 0
0.0137417 0 0
0.0141267 0 0
0.0145225 0 0
0.0149294 0 0
0.0153476 0 0
0.0157776 0 0
0.0162196 0 0
0.0166741 0 0
0.0171412 0 0
0.0176214 0 0
0.0181151 0 0
0.0186226 0 0
0.0191444 0 0
0.0196807 0 0
0.0202321 0 0
0.020799 0 0
0.0213817 0 0
0.0219807 0 0
0.0225965 0 0
0.0232296 0 0
0.0238804 0 0
0.0245494 0 0
0.0252372 0 0
0.0259443 0 0
0.0266711 0 0
0.0274184 0 0
0.0281865 0 0
0.0289762 0 0
0.029788 0 0
0.0306226 0 0
0.0314805 0 0
0.0323625 0 0
0.0332691 0 0
0.0342012 0 0
0.0351594 0 0
0.0361444 0 0
0.0371571 0 0
0.0381981 0 0
0.0392682 0 0
0.0403684 0 0
0.0414994 0 0
0.042662 0 0
0.0438573 0 0
0.045086 0 0
0.0463491 0 0
0.0476476 0 0
0.0489826 0 0
0.0503549 0 0
0.0517656 0 0
0.0532159 0 0
0.0547068 0 0
0.0562395 0 0
0.0578151 0 0
0.0594349 0 0
0.0611 0 0
0.0628118 0 0
0.0645716 0 0
0.0663806 0 0
0.0682404 0 0
0.0701522 0 0
0.0721176 0 0
0.0741381 0 0
0.0762152 0 0
0.0783504 0 0
0.0805455 0 0
0.0828021 0 0
0.0851219 0 0
0.0875067 0 0
0.0899583 0 0
0.0924786 0 0
0.0950696 0 0
0.097733 0 0
0.100471 5.72276e+06 6262.57
0.103286 5.57056e+06 6183.89
0.10618 5.40629e+06 6088.23
0.109154 5.26994e+06 6019.31
0.112213 5.13134e+06 5935.06
0.115356 4.97906e+06 5842.19
0.118588 4.85048e+06 5774.36
0.121911 4.71885e+06 5691.38
0.125326 4.60017e+06 5624.18
0.128837 4.47493e+06 5545.61
0.132447 4.33527e+06 5455.49
0.136157 4.23338e+06 5400.49
0.139972 4.10644e+06 5306.64
0.143894 3.9888e+06 5229.2
0.147925 3.88347e+06 5166
0.152069 3.77795e+06 5093.99
0.15633 3.67881e+06 5023.1
0.160709 3.57497e+06 4951.9
0.165212 3.48143e+06 4885.73
0.169841 3.38747e+06 4821.94
0.174599 3.29135e+06 4754.46
0.17949 3.20924e+06 4690.59
0.184519 3.11539e+06 4632.02
0.189689 3.03047e+06 4559.66
0.195003 2.94645e+06 4495.29
0.200466 2.86714e+06 4436.76
0.206083 2.79221e+06 4382.56
0.211856 2.72147e+06 4323.85
0.217792 2.64498e+06 4266.87
0.223893 2.57058e+06 4206.36
0.230166 2.50999e+06 4154.54
0.236615 2.43223e+06 4086.99
0.243244 2.36231e+06 4026.95
0.250058 2.30572e+06 3979.84
0.257064 2.2374e+06 3919.9
0.264266 2.17804e+06 3871.21
0.27167 2.11395e+06 3812.21
0.279281 2.05662e+06 3758.4
0.287105 2.00655e+06 3714.64
0.295149 1.94504e+06 3652.41
0.303418 1.89282e+06 3604.54
0.311919 1.84003e+06 3555.15
0.320658 1.79656e+06 3513.46
0.329641 1.7442e+06 3463.99
0.338876 1.69788e+06 3413.09
0.348371 1.65019e+06 3369.05
0.358131 1.61216e+06 3334.64
0.368164 1.55995e+06 3266.5
0.378479 1.52169e+06 3227.87
0.389082 1.4803e+06 3192.62
0.399983 1.43734e+06 3145.78
0.411189 1.39502e+06 3093.81
0.422709 1.3589e+06 3056.41
0.434552 1.32267e+06 3014.79
0.446726 1.28949e+06 2978.63
0.459242 1.25342e+06 2941.18
0.472108 1.21983e+06 2894.56
0.485335 1.18683e+06 2856.75
0.498932 1.15173e+06 2811.89
0.51291 1.12168e+06 2778.44
0.52728 1.09373e+06 2744.07
0.542053 1.05923e+06 2693.2
0.557239 1.03465e+06 2665.79
0.572851 1.00528e+06 2627.48
0.5889 974587 2591.77
0.605399 947060 2554.83
0.62236 922040 2512.89
0.639796 896270 2483.14
0.657721 871682 2451.07
0.676147 851505 2416.85
0.695091 823606 2379.46
0.714565 803027 2346.93
0.734584 783929 2321.96
0.755164 760142 2285.84
0.776321 740096 2249.24
0.798071 723492 2235.7
0.82043 701571 2197.92
0.843415 679110 2161.09
0.867045 661701 2131.24
0.891336 643496 2097.59
0.916308 629246 2083.09
0.941979 612815 2053.07
0.96837 595605 2028.58
0.9955 580318 1997.09
1.02339 562375 1967.15
1.05206 548302 1946.99
1.08154 527656 1901.78
1.11184 517196 1888.79
1.14299 504973 1861.13
1.17501 491138 1839.48
1.20793 475864 1810.1
1.24177 465361 1792.93
1.27656 450684 1763.72
1.31233 438148 1738.02
1.34909 428685 1716.79
1.38689 413043 1684.2
1.42574 402685 1663.69
1.46569 394529 1652.07
1.50675 381029 1622.57
1.54896 368725 1594.91
1.59236 358932 1572.09
1.63697 351544 1552.43
1.68283 340944 1534.34
1.72998 334212 1515.41
1.77845 324768 1496.85
1.82827 312011 1462.59
1.8795 305786 1453.73
1.93215 298845 1435.7
1.98628 287031 1402.55
2.04193 281322 1389.97
2.09914 273675 1373.55
2.15795 267278 1358.11
2.21841 257921 1332.39
2.28056 250863 1313.42
2.34445 246322 1301.02
2.41014 238435 1279.93
2.47766 230820 1262.03
2.54707 225449 1244.41
2.61843 219804 1232.08
2.69179 213136 1210.81
2.76721 210535 1210.64
2.84473 202648 1183.75
2.92443 197434 1169.4
3.00636 188489 1137.58
3.09059 186132 1132.56
3.17718 181407 1119.1
3.26619 176195 1099.67
3.3577 169911 1078.94
3.45177 168834 1078.14
3.54847 161941 1056.98
3.64789 156868 1036.9
3.75009 153799 1031.54
3.85515 147392 1004.9
3.96316 145367 998.708
4.07419 141442 985.212
4.18834 137167 970.328
4.30568 133456 961.601
4.42631 127571 933.993
4.55031 126636 934.448
4.6778 123041 920.346
4.80885 120966 914.581
4.94358 116158 893.44
5.08208 113719 883.13
5.22446 108942 862.79
5.37083 107283 860.184
5.5213 103232 836.534
5.67599 100056 825.202
5.83501 98341 821.683
5.99848 96704.7 816.482
6.16654 94638 809.498
6.3393 90550.4 790.437
6.51691 87582.8 773.687
6.69949 86101 772.882
6.88718 84180.9 757.98
7.08013 81421.5 747.957
7.27849 80465.1 747.193
7.48241 76902 732.315
7.69204 74794 717.592
7.90754 72067.5 701.306
8.12908 71159.4 705.706
8.35683 69648.3 696.08
8.59096 66848.6 678.862
8.83164 65075.8 669.873
9.07907 64213.9 666.447
9.33343 60980.7 649.547
9.59492 61396.2 653.368
9.86374 57573.2 629.099
10.1401 57030.6 633.207
10.4242 55208.9 613.24
10.7162 52882.2 604.348
11.0164 51942 596.606
11.3251 51560.7 596.903
11.6424 48370.6 576.057
11.9685 46391.9 557.988
12.3039 46362.2 563.883
12.6486 45272.2 558.371
13.0029 44052.2 549.354
13.3672 42744.8 545.873
13.7417 40861.9 527.12
14.1267 41189 533.334
14.5225 38854.8 511.305
14.9294 37888.3 510.525
15.3476 37925.8 511.347
15.7776 36393.7 502.244
16.2196 34874.2 487.893
16.6741 33849.6 479.352
17.1412 33602.8 482.376
17.6214 32096.4 471.576
18.1151 30916.5 460.237
18.6226 31290.7 465.996
19.1444 30111.7 455.353
19.6807 28836 442.95
20.2321 28705.9 443.235
20.799 27425.7 436.779
21.3817 27179.7 434.216
21.9807 26362.5 424.131
22.5965 24639.8 407.971
23.2296 24562.5 414.899
23.8804 24060.9 409.645
24.5494 23413.3 400.719
25.2372 22351.8 392.827
25.9443 22467.4 395.865
26.6711 20861.4 379.58
27.4184 20648.4 376.614
28.1865 20207.1 371.253
28.9762 20393.4 376.403
29.788 19174.8 360.144
30.6226 18389.8 353.678
31.4805 18459.7 360.142
32.3625 16956.7 336.975
33.2691 17075.2 340.914
34.2012 17471.3 349.923
35.1594 16347.6 337.687
36.1444 16087.4 333.901
37.1571 15348.8 321.964
38.1981 14735.1 317.607
39.2682 14586.7 318.612
40.3684 14577.9 319.974
41.4994 13513.1 304.446
42.662 13154.2 299.358
43.8573 13111.6 299.222
45.086 12239.4 288.632
46.3491 11855.8 282.514
47.6476 11886.3 282.665
48.9826 11835.8 286.743
50.3549 11023.4 277.199
51.7656 11160.4 275.868
53.2159 10859.4 267.948
54.7068 10811.9 276.048
56.2395 10478.6 269.071
57.8151 9794.25 257.945
59.4349 9717.76 252.106
61.1 9465.61 256.742
62.8118 8893.85 245.082
64.5716 8889.43 244.11
66.3806 8439.63 241.703
68.2404 8503.89 240.07
70.1522 8085.34 233.034
72.1176 7648.63 226.595
74.1381 8006.49 235.885
76.2152 7316.19 223.63
78.3504 7281.4 221.989
80.5455 6904.96 214.614
82.8021 6812.45 215.03
85.1219 6801.85 217.643
87.5067 6798.83 222.859
89.9583 6348.5 206.762
92.4786 6565.33 213.468
95.0696 6213.97 209.941
97.733 5886.84 199.173
100.471 5925.03 206.674
103.286 5384.9 190.818
106.18 5604.77 200.479
109.154 5312.49 194.106
112.213 4980.34 183.695
115.356 5211.72 188.114
118.588 4606.51 178.246
121.911 4852.24 184.656
125.326 4628.52 177.084
128.837 4599.33 173.276
132.447 4357.07 170.562
136.157 3912.67 161.846
139.972 4210.25 170.069
143.894 4129.59 167.217
147.925 3665.61 156.468
152.069 4018.88 169.893
156.33 3513.25 151.683
160.709 3720.02 160.245
165.212 3525.92 158.076
169.841 3468.55 156.252
174.599 2862.09 137.426
179.49 3266.59 147.27
184.519 2953.86 136.428
189.689 3115.58 146.159
195.003 2716.91 135.175
200.466 2771.76 137.294
206.083 3177.9 150.308
211.856 2567.19 128.166
217.792 2744.55 140.858
223.893 2518.19 130.316
230.166 2442.62 127.66
236.615 2638.37 137.643
243.244 2350.7 126.667
250.058 2323.98 125.638
257.064 2368.03 129.418
264.266 2077.76 117.981
271.67 2187.7 122.303
279.281 2089.28 119.726
287.105 1857.44 110.904
295.149 1797.86 108.202
303.418 1955.43 114.732
311.919 1930.17 120.568
320.658 1669.61 104.344
329.641 1730.98 113.136
338.876 1775.39 111.242
348.371 1674.48 108.632
358.131 1601.35 109.381
368.164 1563.38 98.1566
378.479 1505.41 97.5448
389.082 1368.18 95.3473
399.983 1254.18 90.1954
411.189 1486.48 102.724
422.709 1398.7 97.9249
434.552 1211.34 91.8776
446.726 1117.86 77.64
459.242 1231.9 91.1961
472.108 1361.66 101.396
485.335 1139.71 85.3878
498.932 1135.4 89.3539
512.91 1129.97 89.4212
527.28 1099.83 86.2101
542.053 952.895 75.3589
557.239 1096.57 90.9884
572.851 1030.21 84.9537
588.9 1019.74 84.6724
605.399 954.176 80.0574
622.36 836.048 77.6752
639.796 924.542 82.2701
657.721 832.532 74.6441
676.147 865.697 75.6916
695.091 768.705 70.9632
714.565 720.198 68.5793
734.584 799.233 71.4397
755.164 822.474 73.9214
776.321 822.4 75.2285
798.071 787.528 75.0415
820.43 681.387 66.1622
843.415 742.415 70.6186
867.045 552.874 62.2079
891.336 602.316 64.6669
916.308 574.485 59.2105
941.979 636.471 64.3263
968.37 583.395 61.0023
995.5 529.109 63.2651
1023.39 467.235 58.5197
1052.06 469.806 54.9803
1081.54 460.502 53.9092
1111.84 556.449 61.3007
1142.99 362.021 47.5123
1175.01 529.915 59.5066
1207.93 564.92 64.1583
1241.77 528.516 59.1364
1276.56 447.052 56.2942
1312.33 451.897 59.7428
1349.09 360.401 47.0375
1386.89 378.111 48.5527
1425.74 402.141 52.3435
1465.69 383.302 48.8041
1506.75 287.851 42.1014
1548.96 302.856 41.5458
1592.36 392.839 51.718
1636.97 338.275 45.8257
1682.83 318.225 43.4689
1729.98 433.876 60.6959
1778.45 265.298 43.3937
1828.27 370.15 49.7005
1879.5 237.019 38.5293
1932.15 255.47 44.298
1986.28 243.774 39.961
2041.93 253.901 38.281
2099.14 252.333 43.8459
2157.95 324.504 49.6038
2218.41 274.902 45.1449
2280.56 186.638 31.9963
2344.45 185.922 33.1203
2410.14 183.715 30.2202
2477.66 286.451 43.5725
2547.07 251.375 41.5589
2618.43 220.137 36.7665
2691.79 143.218 29.8822
2767.21 233.425 37.672
2844.73 190.259 33.6092
2924.43 229.594 42.6211
3006.36 250.357 45.3496
3090.59 120.417 24.9529
3177.18 166.012 35.1439
3266.19 178.866 38.2819
3357.7 111.007 23.6893
3451.77 135.063 29.1834
3548.47 128.822 25.9831
3647.89 117.883 25.612
3750.09 146.176 32.9649
3855.15 125.022 27.9153
3963.16 130.841 29.8735
4074.19 156.81 35.7867
4188.34 116.745 26.1958
4305.68 155.943 32.8524
4426.31 191.512 37.2291
4550.31 153.399 34.2857
4677.8 129.099 27.2921
4808.85 105.563 25.5155
4943.58 109.523 27.3218
5082.08 114.505 26.4186
5224.46 79.5927 22.7408
5370.83 93.3413 24.5056
5521.3 99.5639 26.3935
5675.99 108.933 25.3001
5835.01 75.6962 18.6022
5998.48 115.356 28.2712
6166.54 75.5598 18.5412
6339.3 59.1076 18.749
6516.91 36.9003 14.3503
6699.49 124.716 30.1203
6887.18 131.804 35.1129
7080.13 66.4059 18.3188
7278.49 78.2491 23.0502
7482.41 53.4246 15.8007
7692.04 57.071 24.421
7907.54 84.8384 23.1059
8129.08 44.2337 14.4334
8356.83 97.9625 24.8052
8590.96 78.6279 25.5292
8831.64 66.9781 20.6558
9079.07 48.2421 15.0745
9333.43 64.994 22.5913
9594.92 79.3801 27.3104
9863.74 40.9515 15.3862
10140.1 93.5589 29.2616
10424.2 56.4277 20.3121
10716.2 78.4965 23.1504
11016.4 48.4954 18.3738
11325.1 50.8769 19.9801
11642.4 51.7806 18.0434
11968.5 40.4574 18.3618
12303.9 95.4392 30.9851
12648.6 61.5011 24.265
13002.9 24.3253 11.2396
13367.2 49.776 20.3104
13741.7 18.8837 9.0628
14126.7 54.7431 25.4251
14522.5 29.0906 10.9369
14929.4 27.9658 10.1899
15347.6 40.3144 14.998
15777.6 23.7624 9.55844
16219.6 32.298 16.5804
16674.1 25.862 11.1834
17141.2 39.7662 18.2186
17621.4 34.419 15.6299
18115.1 44.9602 19.5178
18622.6 16.5255 7.46268
19144.4 7.62752 4.85944
19680.7 7.63835 5.34676
20232.1 21.1151 11.2045
20799 33.3177 15.6076
21381.7 20.6298 8.99925
21980.7 45.2764 18.6651
22596.5 41.0032 15.4763
23229.6 42.1027 20.0697
23880.4 24.2526 11.2674
24549.4 33.2088 11.3884
25237.2 38.1558 14.6247
25944.3 10.4381 5.09872
26671.1 27.9811 12.465
27418.4 47.2992 18.5447
28186.5 28.0259 19.2515
28976.2 15.0941 8.34363
29788 33.1583 17.124
30622.6 21.1952 11.0451
31480.5 31.3934 15.5348
32362.5 4.71256 2.97696
33269.1 32.9495 19.7172
34201.2 7.14921 5.44502
35159.4 9.98532 6.84448
36144.4 27.6933 15.962
37157.1 4.32962 3.23456
38198.1 5.01477 3.57329
39268.2 0.661722 0.661722
40368.4 8.59542 5.04952
41499.4 14.7698 8.03624
42662 2.4756 2.4756
43857.3 0 0
45086 11.5408 8.56692
46349.1 3.11271 3.11271
47647.6 7.01989 7.01989
48982.6 8.83201 8.83201
50354.9 23.3963 16.1521
51765.6 2.0287 2.0287
53215.9 6.32834 4.55368
54706.8 0 0
56239.5 0 0
57815.1 23.616 13.2573
59434.9 0 0
61100 31.6067 19.0133
62811.8 9.22068 5.62867
64571.6 15.2331 10.8305
66380.6 0 0
68240.4 5.23246 3.915
70152.2 0 0
72117.6 11.4902 7.78748
74138.1 2.46296 2.46296
76215.2 9.03286 9.03286
78350.4 0 0
80545.5 14.2717 8.88779
82802.1 26.7904 19.6238
85121.9 0.507587 0.507587
87506.7 9.97319 9.97319
89958.3 21.2774 18.276
92478.6 8.06305 8.06305
95069.6 6.20859 4.56428
97733 0 0
100471 4.12162 4.12162
103286 16.056 10.7122
106180 0 0
109154 5.68137 4.07065
112213 0 0
115356 0 0
118588 10.7301 7.94151
121911 10.2211 10.2211
125326 24.4846 15.8103
128837 0 0
132447 1.56997 1.56997
136157 26.7312 17.1942
139972 9.52714 7.00983
143894 2.80114 2.80114
147925 11.1343 9.93838
152069 0 0
156330 0 0
160709 0 0
165212 0 0
169841 3.95023 3.95023
174599 0.113736 0.111237
179490 19.8894 11.3977
184519 0 0
189689 0.888162 0.669784
195003 3.31002 3.31002
200466 5.26343 5.26343
206083 0 0
211856 0 0
217792 0 0
223893 2.13337 2.13337
230166 0.241115 0.241115
236615 0 0
243244 0 0
250058 22.0672 19.1762
257064 0 0
264266 2.16283 2.16283
271670 0 0
279281 0 0
287105 0 0
295149 0 0
303418 0 0
311919 0 0
320658 9.01283 9.01283
329641 0 0
338876 0 0
348371 0 0
358131 0 0
368164 0 0
378479 0 0
389082 0.190111 0.190111
399983 0 0
411189 7.35962 7.35962
422709 3.06178 3.06178
434552 0 0
446726 0 0
459242 10.0906 10.0906
472108 0 0
485335 0 0
498932 0 0
512910 3.72751 3.72751
527280 0.804603 0.804603
542053 2.66946 2.66946
557239 0 0
572851 0 0
588900 0 0
605399 2.13954 2.13954
622360 2.13153 2.13153
639796 0 0
657721 0 0
676147 0 0
695091 0 0
714565 5.76145 4.18161
734584 0 0
755164 0 0
776321 5.84536 5.84536
798071 0 0
820430 0 0
843415 0 0
867045 0 0
891336 0 0
916308 0 0
941979 10.1375 10.1375
968370 0 0
995500 0 0
1.02339e+06 0 0
1.05206e+06 0 0
1.08154e+06 0 0
1.11184e+06 0 0
1.14299e+06 1.51925 1.51925
1.17501e+06 0 0
1.20793e+06 0 0
1.24177e+06 8.69707 8.69707
1.27656e+06 2.55811 2.55811
1.31233e+06 0 0
1.34909e+06 0 0
1.38689e+06 0 0
1.42574e+06 0 0
1.46569e+06 0 0
1.50675e+06 0.720643 0.720643
1.54896e+06 3.03013 3.03013
1.59236e+06 0 0
1.63697e+06 0 0
1.68283e+06 0 0
1.72998e+06 0 0
1.77845e+06 0 0
1.82827e+06 0 0
1.8795e+06 0 0
1.93215e+06 0 0
1.98628e+06 0 0
2.04193e+06 0 0
2.09914e+06 0 0
2.15795e+06 0 0
2.21841e+06 0 0
2.28056e+06 0 0
2.34445e+06 0 0
2.41014e+06 0 0
2.47766e+06 0 0
2.54707e+06 0 0
2.61843e+06 0 0
2.69179e+06 0 0
2.76721e+06 0 0
2.84473e+06 0 0
2.92443e+06 0 0
3.00636e+06 0 0
3.09059e+06 0 0
3.17718e+06 0 0
3.26619e+06 0 0
3.3577e+06 0 0
3.45177e+06 0 0
3.54847e+06 0 0
3.64789e+06 0 0
3.75009e+06 0 0
3.85515e+06 0 0
3.96316e+06 0 0
4.07419e+06 0 0
4.18834e+06 0 0
4.30568e+06 0 0
4.42631e+06 0 0
4.55031e+06 0 0
4.6778e+06 0 0
4.80885e+06 0 0
4.94358e+06 0 0
5.08208e+06 0 0
5.22446e+06 0 0
5.37083e+06 0 0
5.5213e+06 0 0
5.67599e+06 0 0
5.83501e+06 0 0
5.99848e+06 0 0
6.16654e+06 0 0
6.3393e+06 0 0
6.51691e+06 0 0
6.69949e+06 5.9748 5.9748
6.88718e+06 0 0
7.08013e+06 0 0
7.27849e+06 0 0
7.48241e+06 0 0
7.69204e+06 0 0
7.90754e+06 0 0
8.12908e+06 0 0
8.35683e+06 0 0
8.59096e+06 0 0
8.83164e+06 0 0
9.07907e+06 0 0
9.33343e+06 0 0
9.59492e+06 0 0
9.86374e+06 0 0
