1.01401e-05 2628.37 141.448
1.04242e-05 2614.51 139.053
1.07162e-05 2691.93 140.807
1.10164e-05 2803.34 143.158
1.13251e-05 2899.01 148.536
1.16424e-05 2823.82 144.538
1.19685e-05 2950.4 143.36
1.23039e-05 2812.39 143.456
1.26486e-05 3158.05 152.072
1.30029e-05 3190.12 153.818
1.33672e-05 3117.55 150.104
1.37417e-05 3318.54 157.091
1.41267e-05 3341.56 157.721
1.45225e-05 3641.4 166.465
1.49294e-05 3665.91 164.068
1.53476e-05 3591.18 161.119
1.57776e-05 3809.55 160.798
1.62196e-05 4092.7 173.51
1.66741e-05 3680.99 158.83
1.71412e-05 4177 172.333
1.76214e-05 4415.58 179.537
1.81151e-05 4136.29 175.961
1.86226e-05 4641.48 189.172
1.91444e-05 5011.6 194.129
1.96807e-05 4773.77 187.076
2.02321e-05 5055.44 191.545
2.0799e-05 4838.04 183.299
2.13817e-05 5292.43 198.583
2.19807e-05 5286.82 193.346
2.25965e-05 5548.79 198.36
2.32296e-05 5631.16 201.922
2.38804e-05 5856.4 204.931
2.45494e-05 5671.53 203.245
2.52372e-05 5988.72 208.579
2.59443e-05 6305.67 215.302
2.66711e-05 6384.61 217.433
2.74184e-05 6884.32 225.416
2.81865e-05 6838.56 226.559
2.89762e-05 7274.27 232.742
2.9788e-05 7046.94 224.95
3.06226e-05 7457.43 233.428
3.14805e-05 7447.54 231.124
3.23625e-05 8405.76 248.27
3.32691e-05 7809.41 235.735
3.42012e-05 7852.65 239.257
3.51594e-05 8363.89 247.875
3.61444e-05 8817.05 253.896
3.71571e-05 9060.66 257.13
3.81981e-05 9290.91 266.002
3.92682e-05 9114.16 257.481
4.03684e-05 9319.54 262.757
4.14994e-05 10197.1 277.837
4.2662e-05 11122.6 285.236
4.38573e-05 10709.1 277.954
4.5086e-05 11057 276.725
4.63491e-05 10723.3 276.238
4.76476e-05 11320.9 284.121
4.89826e-05 11839.4 290.937
5.03549e-05 11613.7 284.481
5.17656e-05 12709.2 304.258
5.32159e-05 12667.7 304.226
5.47068e-05 13194 306.284
5.62395e-05 13753.2 311.852
5.78151e-05 14224.7 321.2
5.94349e-05 14495.6 325.285
6.11e-05 14639.2 324.39
6.28118e-05 14810.2 325.197
6.45716e-05 15571.6 330.909
6.63806e-05 15865.7 337.225
6.82404e-05 16718.8 348.169
7.01522e-05 16978.4 349.266
7.21176e-05 16898.4 350.166
7.41381e-05 18269.3 368.457
7.62152e-05 17939.7 361.825
7.83504e-05 18872.9 366.854
8.05455e-05 18989.6 363.021
8.28021e-05 19508.9 372.213
8.51219e-05 20853.2 391.695
8.75067e-05 20739.2 387.517
8.99583e-05 21532.1 394.834
9.24786e-05 22120.1 397.78
9.50696e-05 22585 403.902
9.7733e-05 23945.2 415.713
0.000100471 24080.1 416.292
0.000103286 25240.5 427.402
0.00010618 25884 438.906
0.000109154 26643.6 440.724
0.000112213 27479.5 447.947
0.000115356 28768.3 464.915
0.000118588 29029.9 460.044
0.000121911 28788.5 456.881
0.000125326 30034.9 462.431
0.000128837 31071.7 475.739
0.000132447 31956.6 484.709
0.000136157 31817.1 480.573
0.000139972 32754.2 485.619
0.000143894 35159.3 507.378
0.000147925 35872.3 512.402
0.000152069 36182.4 510.306
0.00015633 38029.1 525.07
0.000160709 38692.4 533.216
0.000165212 40505.7 545.684
0.000169841 40043.1 530.579
0.000174599 42878.7 558.161
0.00017949 43873 568.123
0.000184519 44383.7 571.422
0.000189689 45015.5 569.644
0.000195003 46799.4 583.534
0.000200466 48472.3 594.011
0.000206083 50026.4 606.382
0.000211856 50861.3 603.694
0.000217792 52119 615.06
0.000223893 53896 622.694
0.000230166 56232.7 641.917
0.000236615 57380.5 646.164
0.000243244 59283 657.269
0.000250058 60466.9 655.788
0.000257064 61279 663.909
0.000264266 63126.4 678
0.00027167 65502.2 686.407
0.000279281 65375.9 685.353
0.000287105 70829.8 723.854
0.000295149 69785.9 710.529
0.000303418 72422.8 720.792
0.000311919 74844 734.798
0.000320658 76635.5 742
0.000329641 79685.8 760.122
0.000338876 80836.3 765.133
0.000348371 83578.5 777.686
0.000358131 85772.4 790.243
0.000368164 88644.9 805.364
0.000378479 90868.9 813.963
0.000389082 92318.6 812.355
0.000399983 94492 826.699
0.000411189 98737 846.674
0.000422709 101992 861.553
0.000434552 103509 860.438
0.000446726 107180 885.687
0.000459242 109170 887.438
0.000472108 112421 905.768
0.000485335 115460 916.33
0.000498932 119872 935.561
0.00051291 121373 938.412
0.00052728 124251 946.04
0.000542053 130384 974.149
0.000557239 130919 973.147
0.000572851 133155 978.609
0.0005889 140123 1008.39
0.000605399 142674 1015.73
0.00062236 147835 1038.92
0.000639796 151832 1051.2
0.000657721 155763 1064.76
0.000676147 157075 1067.34
0.000695091 163458 1086.49
0.000714565 166254 1094.44
0.000734584 171510 1114.63
0.000755164 178789 1136.92
0.000776321 183014 1154.04
0.000798071 187249 1163.9
0.00082043 191386 1171.59
0.000843415 198401 1199.36
0.000867045 202401 1212.77
0.000891336 207774 1226.53
0.000916308 216356 1256.88
0.000941979 220679 1264.35
0.00096837 225684 1279.89
0.0009955 229645 1287.81
0.00102339 239574 1315.15
0.00105206 245555 1333.93
0.00108154 249766 1340.89
0.00111184 256727 1364.43
0.00114299 264074 1382.19
0.00117501 273299 1405.5
0.00120793 280560 1427.37
0.00124177 287068 1442.16
0.00127656 295102 1461.64
0.00131233 303391 1485.19
0.00134909 310356 1502.88
0.00138689 319960 1523.49
0.00142574 328639 1542.07
0.00146569 337544 1562.29
0.00150675 345260 1585.9
0.00154896 353928 1599.01
0.00159236 362809 1619.57
0.00163697 374723 1654.71
0.00168283 381243 1658.11
0.00172998 395093 1696.24
0.00177845 404707 1713.25
0.00182827 410896 1722.6
0.0018795 424834 1754.43
0.00193215 435205 1775.65
0.00198628 442798 1785.83
0.00204193 461368 1828.68
0.00209914 469781 1851.35
0.00215795 482975 1866.58
0.00221841 494218 1891.33
0.00228056 503784 1912.68
0.00234445 519746 1939.37
0.00241014 529590 1960.84
0.00247766 546866 1985.38
0.00254707 557246 2005.7
0.00261843 572892 2036.49
0.00269179 590720 2070
0.00276721 602249 2089.97
0.00284473 618477 2119.59
0.00292443 635613 2146.44
0.00300636 649758 2173.12
0.00309059 663317 2192.32
0.00317718 682143 2224.01
0.00326619 699371 2249.3
0.0033577 710953 2266.01
0.00345177 737219 2312.13
0.00354847 750012 2330.37
0.00364789 764846 2351.68
0.00375009 785272 2386.88
0.00385515 803440 2411.76
0.00396316 822962 2441.01
0.00407419 845740 2481.72
0.00418834 863035 2502.48
0.00430568 884649 2535.28
0.00442631 906820 2564.37
0.00455031 927884 2592.83
0.0046778 948621 2619.36
0.00480885 966570 2644.17
0.00494358 990659 2678.37
0.00508208 1.01049e+06 2705.86
0.00522446 1.03194e+06 2733.93
0.00537083 1.05227e+06 2755.12
0.0055213 1.08006e+06 2798.65
0.00567599 1.10161e+06 2823.24
0.00583501 1.12819e+06 2857.03
0.00599848 1.14962e+06 2887.41
0.00616654 1.175e+06 2918.2
0.0063393 1.19799e+06 2943.66
0.00651691 1.22188e+06 2978.01
0.00669949 1.25281e+06 3018.34
0.00688718 1.27448e+06 3035.61
0.00708013 1.29856e+06 3066.8
0.00727849 1.32577e+06 3099.21
0.00748241 1.35781e+06 3139.28
0.00769204 1.37971e+06 3158.68
0.00790754 1.40861e+06 3190.39
0.00812908 1.4286e+06 3213.78
0.00835683 1.46776e+06 3266.38
0.00859096 1.48693e+06 3282.8
0.00883164 1.51119e+06 3307.77
0.00907907 1.53584e+06 3331.42
0.00933343 1.56434e+06 3361.29
0.00959492 1.59796e+06 3403.72
0.00986374 1.61762e+06 3422.87
0.0101401 1.64039e+06 3444.67
0.0104242 1.68073e+06 3492.51
0.0107162 1.69796e+06 3500.17
0.0110164 1.73166e+06 3539.87
0.0113251 1.7634e+06 3577.19
0.0116424 1.78434e+06 3594.06
0.0119685 1.81045e+06 3624.77
0.0123039 1.84064e+06 3646.55
0.0126486 1.86997e+06 3685.75
0.0130029 1.88573e+06 3692.95
0.0133672 1.91536e+06 3721.85
0.0137417 1.93736e+06 3749.68
0.0141267 1.96886e+06 3776.5
0.0145225 1.98586e+06 3789.17
0.0149294 2.00839e+06 3812.37
0.0153476 2.02415e+06 3823.44
0.0157776 2.05368e+06 3857.58
0.0162196 2.07541e+06 3876.7
0.0166741 2.09038e+06 3890.54
0.0171412 2.10991e+06 3913.3
0.0176214 2.12846e+06 3929.41
0.0181151 2.14161e+06 3933.47
0.0186226 2.16781e+06 3962.51
0.0191444 2.17278e+06 3963.78
0.0196807 2.18962e+06 3979.35
0.0202321 2.20475e+06 3995.71
0.020799 2.20876e+06 3998.35
0.0213817 2.22212e+06 4010.9
0.0219807 2.23033e+06 4019.34
0.0225965 2.24519e+06 4028.91
0.0232296 2.24794e+06 4039.66
0.0238804 2.24577e+06 4037.45
0.0245494 2.23995e+06 4019.99
0.0252372 2.25533e+06 4044.97
0.0259443 2.25748e+06 4040.96
0.0266711 2.2482e+06 4036.39
0.0274184 2.24994e+06 4041.86
0.0281865 2.23154e+06 4019.34
0.0289762 2.22584e+06 4016.16
0.029788 2.22085e+06 4011.12
0.0306226 2.20881e+06 4000.73
0.0314805 2.1937e+06 3985.76
0.0323625 2.18024e+06 3972.1
0.0332691 2.15735e+06 3951.14
0.0342012 2.14373e+06 3945.94
0.0351594 2.1231e+06 3922.08
0.0361444 2.08776e+06 3887.55
0.0371571 2.06539e+06 3864.17
0.0381981 2.04335e+06 3852.93
0.0392682 2.01091e+06 3816.48
0.0403684 1.97528e+06 3788.99
0.0414994 1.9419e+06 3749.13
0.042662 1.90596e+06 3715.05
0.0438573 1.87084e+06 3683.21
0.045086 1.83086e+06 3638.39
0.0463491 1.78859e+06 3594.36
0.0476476 1.74553e+06 3556.23
0.0489826 1.70445e+06 3514.07
0.0503549 1.64965e+06 3452.21
0.0517656 1.60758e+06 3408.43
0.0532159 1.55883e+06 3358.88
0.0547068 1.51209e+06 3309.59
0.0562395 1.45914e+06 3250.6
0.0578151 1.41244e+06 3199.07
0.0594349 1.36172e+06 3139.42
0.0611 1.31314e+06 3081.91
0.0628118 1.25556e+06 3014.58
0.0645716 1.20741e+06 2957.49
0.0663806 1.15666e+06 2898.51
0.0682404 1.09944e+06 2822.75
0.0701522 1.05299e+06 2760.69
0.0721176 993517 2678.11
0.0741381 947563 2618.49
0.0762152 895273 2545.19
0.0783504 846671 2479.19
0.0805455 795583 2398.52
0.0828021 745511 2326.96
0.0851219 700655 2253.85
0.0875067 658064 2184.22
0.0899583 612082 2104.58
0.0924786 569531 2028.03
0.0950696 525910 1954.53
0.097733 488847 1887.8
0.100471 448175 1803.96
0.103286 411441 1723.93
0.10618 379025 1659.16
0.109154 346048 1584.35
0.112213 315537 1510.3
0.115356 282547 1431.35
0.118588 258930 1370.31
0.121911 231657 1292.41
0.125326 206364 1220.68
0.128837 183662 1155.64
0.132447 166095 1100.75
0.136157 148125 1039.92
0.139972 130126 968.158
0.143894 113955 907.67
0.147925 99472.1 850.207
0.152069 87011.7 792.029
0.15633 74380.5 731.436
0.160709 65139.2 687.03
0.165212 55144.9 626.721
0.169841 47961 590.724
0.174599 40955.3 545.958
0.17949 33686.2 493.63
0.184519 29105.8 459.651
0.189689 24485.8 423.779
0.195003 19629.2 372.597
0.200466 16745.1 347.858
0.206083 14150.6 323.983
0.211856 11423.1 291.28
0.217792 9037.45 256.494
0.223893 7496.55 237.112
0.230166 5760.3 205.312
0.236615 4564.59 181.168
0.243244 3409.18 151.691
0.250058 2952.43 148.609
0.257064 2255.55 128.472
0.264266 1695.29 108.888
0.27167 1479.88 107.495
0.279281 1102.06 89.2532
0.287105 574.136 61.5267
0.295149 548.657 60.5364
0.303418 461.073 53.8756
0.311919 372.52 54.1357
0.320658 260.45 46.0362
0.329641 123.335 28.1612
0.338876 154.122 36.4427
0.348371 96.4463 26.9688
0.358131 14.6891 5.80886
0.368164 5.81313 3.81972
0.378479 19.1636 7.81048
0.389082 8.80407 5.27936
0.399983 3.17662 2.27177
0.411189 28.6204 20.8151
0.422709 0 0
0.434552 12.8881 8.98974
0.446726 8.34166 6.69438
0.459242 4.99999 4.36599
0.472108 0 0
0.485335 9.04011 9.04011
0.498932 0 0
0.51291 0 0
0.52728 0 0
0.542053 0 0
0.557239 0 0
0.572851 0 0
0.5889 0 0
0.605399 0 0
0.62236 0 0
0.639796 0 0
0.657721 0 0
0.676147 0 0
0.695091 0 0
0.714565 0 0
0.734584 0 0
0.755164 0 0
0.776321 0 0
0.798071 0 0
0.82043 0 0
0.843415 0 0
0.867045 0 0
0.891336 0 0
0.916308 0 0
0.941979 0 0
0.96837 0 0
0.9955 0 0
1.02339 0 0
1.05206 0 0
1.08154 0 0
1.11184 0 0
1.14299 0 0
1.17501 0 0
1.20793 0 0
1.24177 0 0
1.27656 0 0
1.31233 0 0
1.34909 0 0
1.38689 0 0
1.42574 0 0
1.46569 0 0
1.50675 0 0
1.54896 0 0
1.59236 0 0
1.63697 0 0
1.68283 0 0
1.72998 0 0
1.77845 0 0
1.82827 0 0
1.8795 0 0
1.93215 0 0
1.98628 0 0
2.04193 0 0
2.09914 0 0
2.15795 0 0
2.21841 0 0
2.28056 0 0
2.34445 0 0
2.41014 0 0
2.47766 0 0
2.54707 0 0
2.61843 0 0
2.69179 0 0
2.76721 0 0
2.84473 0 0
2.92443 0 0
3.00636 0 0
3.09059 0 0
3.17718 0 0
3.26619 0 0
3.3577 0 0
3.45177 0 0
3.54847 0 0
3.64789 0 0
3.75009 0 0
3.85515 0 0
3.96316 0 0
4.07419 0 0
4.18834 0 0
4.30568 0 0
4.42631 0 0
4.55031 0 0
4.6778 0 0
4.80885 0 0
4.94358 0 0
5.08208 0 0
5.22446 0 0
5.37083 0 0
5.5213 0 0
5.67599 0 0
5.83501 0 0
5.99848 0 0
6.16654 0 0
6.3393 0 0
6.51691 0 0
6.69949 0 0
6.88718 0 0
7.08013 0 0
7.27849 0 0
7.48241 0 0
7.69204 0 0
7.90754 0 0
8.12908 0 0
8.35683 0 0
8.59096 0 0
8.83164 0 0
9.07907 0 0
9.33343 0 0
9.59492 0 0
9.86374 0 0
10.1401 0 0
10.4242 0 0
10.7162 0 0
11.0164 0 0
11.3251 0 0
11.6424 0 0
11.9685 0 0
12.3039 0 0
12.6486 0 0
13.0029 0 0
13.3672 0 0
13.7417 0 0
14.1267 0 0
14.5225 0 0
14.9294 0 0
15.3476 0 0
15.7776 0 0
16.2196 0 0
16.6741 0 0
17.1412 0 0
17.6214 0 0
18.1151 0 0
18.6226 0 0
19.1444 0 0
19.6807 0 0
20.2321 0 0
20.799 0 0
21.3817 0 0
21.9807 0 0
22.5965 0 0
23.2296 0 0
23.8804 0 0
24.5494 0 0
25.2372 0 0
25.9443 0 0
26.6711 0 0
27.4184 0 0
28.1865 0 0
28.9762 0 0
29.788 0 0
30.6226 0 0
31.4805 0 0
32.3625 0 0
33.2691 0 0
34.2012 0 0
35.1594 0 0
36.1444 0 0
37.1571 0 0
38.1981 0 0
39.2682 0 0
40.3684 0 0
41.4994 0 0
42.662 0 0
43.8573 0 0
45.086 0 0
46.3491 0 0
47.6476 0 0
48.9826 0 0
50.3549 0 0
51.7656 0 0
53.2159 0 0
54.7068 0 0
56.2395 0 0
57.8151 0 0
59.4349 0 0
61.1 0 0
62.8118 0 0
64.5716 0 0
66.3806 0 0
68.2404 0 0
70.1522 0 0
72.1176 0 0
74.1381 0 0
76.2152 0 0
78.3504 0 0
80.5455 0 0
82.8021 0 0
85.1219 0 0
87.5067 0 0
89.9583 0 0
92.4786 0 0
95.0696 0 0
97.733 0 0
100.471 0 0
103.286 0 0
106.18 0 0
109.154 0 0
112.213 0 0
115.356 0 0
118.588 0 0
121.911 0 0
125.326 0 0
128.837 0 0
132.447 0 0
136.157 0 0
139.972 0 0
143.894 0 0
147.925 0 0
152.069 0 0
156.33 0 0
160.709 0 0
165.212 0 0
169.841 0 0
174.599 0 0
179.49 0 0
184.519 0 0
189.689 0 0
195.003 0 0
200.466 0 0
206.083 0 0
211.856 0 0
217.792 0 0
223.893 0 0
230.166 0 0
236.615 0 0
243.244 0 0
250.058 0 0
257.064 0 0
264.266 0 0
271.67 0 0
279.281 0 0
287.105 0 0
295.149 0 0
303.418 0 0
311.919 0 0
320.658 0 0
329.641 0 0
338.876 0 0
348.371 0 0
358.131 0 0
368.164 0 0
378.479 0 0
389.082 0 0
399.983 0 0
411.189 0 0
422.709 0 0
434.552 0 0
446.726 0 0
459.242 0 0
472.108 0 0
485.335 0 0
498.932 0 0
512.91 0 0
527.28 0 0
542.053 0 0
557.239 0 0
572.851 0 0
588.9 0 0
605.399 0 0
622.36 0 0
639.796 0 0
657.721 0 0
676.147 0 0
695.091 0 0
714.565 0 0
734.584 0 0
755.164 0 0
776.321 0 0
798.071 0 0
820.43 0 0
843.415 0 0
867.045 0 0
891.336 0 0
916.308 0 0
941.979 0 0
968.37 0 0
995.5 0 0
1023.39 0 0
1052.06 0 0
1081.54 0 0
1111.84 0 0
1142.99 0 0
1175.01 0 0
1207.93 0 0
1241.77 0 0
1276.56 0 0
1312.33 0 0
1349.09 0 0
1386.89 0 0
1425.74 0 0
1465.69 0 0
1506.75 0 0
1548.96 0 0
1592.36 0 0
1636.97 0 0
1682.83 0 0
1729.98 0 0
1778.45 0 0
1828.27 0 0
1879.5 0 0
1932.15 0 0
1986.28 0 0
2041.93 0 0
2099.14 0 0
2157.95 0 0
2218.41 0 0
2280.56 0 0
2344.45 0 0
2410.14 0 0
2477.66 0 0
2547.07 0 0
2618.43 0 0
2691.79 0 0
2767.21 0 0
2844.73 0 0
2924.43 0 0
3006.36 0 0
3090.59 0 0
3177.18 0 0
3266.19 0 0
3357.7 0 0
3451.77 0 0
3548.47 0 0
3647.89 0 0
3750.09 0 0
3855.15 0 0
3963.16 0 0
4074.19 0 0
4188.34 0 0
4305.68 0 0
4426.31 0 0
4550.31 0 0
4677.8 0 0
4808.85 0 0
4943.58 0 0
5082.08 0 0
5224.46 0 0
5370.83 0 0
5521.3 0 0
5675.99 0 0
5835.01 0 0
5998.48 0 0
6166.54 0 0
6339.3 0 0
6516.91 0 0
6699.49 0 0
6887.18 0 0
7080.13 0 0
7278.49 0 0
7482.41 0 0
7692.04 0 0
7907.54 0 0
8129.08 0 0
8356.83 0 0
8590.96 0 0
8831.64 0 0
9079.07 0 0
9333.43 0 0
9594.92 0 0
9863.74 0 0
10140.1 0 0
10424.2 0 0
10716.2 0 0
11016.4 0 0
11325.1 0 0
11642.4 0 0
11968.5 0 0
12303.9 0 0
12648.6 0 0
13002.9 0 0
13367.2 0 0
13741.7 0 0
14126.7 0 0
14522.5 0 0
14929.4 0 0
15347.6 0 0
15777.6 0 0
16219.6 0 0
16674.1 0 0
17141.2 0 0
17621.4 0 0
18115.1 0 0
18622.6 0 0
19144.4 0 0
19680.7 0 0
20232.1 0 0
20799 0 0
21381.7 0 0
21980.7 0 0
22596.5 0 0
23229.6 0 0
23880.4 0 0
24549.4 0 0
25237.2 0 0
25944.3 0 0
26671.1 0 0
27418.4 0 0
28186.5 0 0
28976.2 0 0
29788 0 0
30622.6 0 0
31480.5 0 0
32362.5 0 0
33269.1 0 0
34201.2 0 0
35159.4 0 0
36144.4 0 0
37157.1 0 0
38198.1 0 0
39268.2 0 0
40368.4 0 0
41499.4 0 0
42662 0 0
43857.3 0 0
45086 0 0
46349.1 0 0
47647.6 0 0
48982.6 0 0
50354.9 0 0
51765.6 0 0
53215.9 0 0
54706.8 0 0
56239.5 0 0
57815.1 0 0
59434.9 0 0
61100 0 0
62811.8 0 0
64571.6 0 0
66380.6 0 0
68240.4 0 0
70152.2 0 0
72117.6 0 0
74138.1 0 0
76215.2 0 0
78350.4 0 0
80545.5 0 0
82802.1 0 0
85121.9 0 0
87506.7 0 0
89958.3 0 0
92478.6 0 0
95069.6 0 0
97733 0 0
100471 0 0
103286 0 0
106180 0 0
109154 0 0
112213 0 0
115356 0 0
118588 0 0
121911 0 0
125326 0 0
128837 0 0
132447 0 0
136157 0 0
139972 0 0
143894 0 0
147925 0 0
152069 0 0
156330 0 0
160709 0 0
165212 0 0
169841 0 0
174599 0 0
179490 0 0
184519 0 0
189689 0 0
195003 0 0
200466 0 0
206083 0 0
211856 0 0
217792 0 0
223893 0 0
230166 0 0
236615 0 0
243244 0 0
250058 0 0
257064 0 0
264266 0 0
271670 0 0
279281 0 0
287105 0 0
295149 0 0
303418 0 0
311919 0 0
320658 0 0
329641 0 0
338876 0 0
348371 0 0
358131 0 0
368164 0 0
378479 0 0
389082 0 0
399983 0 0
411189 0 0
422709 0 0
434552 0 0
446726 0 0
459242 0 0
472108 0 0
485335 0 0
498932 0 0
512910 0 0
527280 0 0
542053 0 0
557239 0 0
572851 0 0
588900 0 0
605399 0 0
622360 0 0
639796 0 0
657721 0 0
676147 0 0
695091 0 0
714565 0 0
734584 0 0
755164 0 0
776321 0 0
798071 0 0
820430 0 0
843415 0 0
867045 0 0
891336 0 0
916308 0 0
941979 0 0
968370 0 0
995500 0 0
1.02339e+06 0 0
1.05206e+06 0 0
1.08154e+06 0 0
1.11184e+06 0 0
1.14299e+06 0 0
1.17501e+06 0 0
1.20793e+06 0 0
1.24177e+06 0 0
1.27656e+06 0 0
1.31233e+06 0 0
1.34909e+06 0 0
1.38689e+06 0 0
1.42574e+06 0 0
1.46569e+06 0 0
1.50675e+06 0 0
1.54896e+06 0 0
1.59236e+06 0 0
1.63697e+06 0 0
1.68283e+06 0 0
1.72998e+06 0 0
1.77845e+06 0 0
1.82827e+06 0 0
1.8795e+06 0 0
1.93215e+06 0 0
1.98628e+06 0 0
2.04193e+06 0 0
2.09914e+06 0 0
2.15795e+06 0 0
2.21841e+06 0 0
2.28056e+06 0 0
2.34445e+06 0 0
2.41014e+06 0 0
2.47766e+06 0 0
2.54707e+06 0 0
2.61843e+06 0 0
2.69179e+06 0 0
2.76721e+06 0 0
2.84473e+06 0 0
2.92443e+06 0 0
3.00636e+06 0 0
3.09059e+06 0 0
3.17718e+06 0 0
3.26619e+06 0 0
3.3577e+06 0 0
3.45177e+06 0 0
3.54847e+06 0 0
3.64789e+06 0 0
3.75009e+06 0 0
3.85515e+06 0 0
3.96316e+06 0 0
4.07419e+06 0 0
4.18834e+06 0 0
4.30568e+06 0 0
4.42631e+06 0 0
4.55031e+06 0 0
4.6778e+06 0 0
4.80885e+06 0 0
4.94358e+06 0 0
5.08208e+06 0 0
5.22446e+06 0 0
5.37083e+06 0 0
5.5213e+06 0 0
5.67599e+06 0 0
5.83501e+06 0 0
5.99848e+06 0 0
6.16654e+06 0 0
6.3393e+06 0 0
6.51691e+06 0 0
6.69949e+06 0 0
6.88718e+06 0 0
7.08013e+06 0 0
7.27849e+06 0 0
7.48241e+06 0 0
7.69204e+06 0 0
7.90754e+06 0 0
8.12908e+06 0 0
8.35683e+06 0 0
8.59096e+06 0 0
8.83164e+06 0 0
9.07907e+06 0 0
9.33343e+06 0 0
9.59492e+06 0 0
9.86374e+06 0 0
