1.01401e-05 0 0
1.04242e-05 0 0
1.07162e-05 0 0
1.10164e-05 0 0
1.13251e-05 0 0
1.16424e-05 0 0
1.19685e-05 0 0
1.23039e-05 0 0
1.26486e-05 0 0
1.30029e-05 0 0
1.33672e-05 0 0
1.37417e-05 0 0
1.41267e-05 0 0
1.45225e-05 0 0
1.49294e-05 0 0
1.53476e-05 0 0
1.57776e-05 0 0
1.62196e-05 0 0
1.66741e-05 0 0
1.71412e-05 0 0
1.76214e-05 0 0
1.81151e-05 0 0
1.86226e-05 0 0
1.91444e-05 0 0
1.96807e-05 0 0
2.02321e-05 0 0
2.0799e-05 0 0
2.13817e-05 0 0
2.19807e-05 0 0
2.25965e-05 0 0
2.32296e-05 0 0
2.38804e-05 0 0
2.45494e-05 0 0
2.52372e-05 0 0
2.59443e-05 0 0
2.66711e-05 0 0
2.74184e-05 0 0
2.81865e-05 0 0
2.89762e-05 0 0
2.9788e-05 0 0
3.06226e-05 0 0
3.14805e-05 0 0
3.23625e-05 0 0
3.32691e-05 0 0
3.42012e-05 0 0
3.51594e-05 0 0
3.61444e-05 0 0
3.71571e-05 0 0
3.81981e-05 0 0
3.92682e-05 0 0
4.03684e-05 0 0
4.14994e-05 0 0
4.2662e-05 0 0
4.38573e-05 0 0
4.5086e-05 0 0
4.63491e-05 0 0
4.76476e-05 0 0
4.89826e-05 0 0
5.03549e-05 0 0
5.17656e-05 0 0
5.32159e-05 0 0
5.47068e-05 0 0
5.62395e-05 0 0
5.78151e-05 0 0
5.94349e-05 0 0
6.11e-05 0 0
6.28118e-05 0 0
6.45716e-05 0 0
6.63806e-05 0 0
6.82404e-05 0 0
7.01522e-05 0 0
7.21176e-05 0 0
7.41381e-05 0 0
7.62152e-05 0 0
7.83504e-05 0 0
8.05455e-05 0 0
8.28021e-05 0 0
8.51219e-05 0 0
8.75067e-05 0 0
8.99583e-05 0 0
9.24786e-05 0 0
9.50696e-05 0 0
9.7733e-05 0 0
0.000100471 0 0
0.000103286 0 0
0.00010618 0 0
0.000109154 0 0
0.000112213 0 0
0.000115356 0 0
0.000118588 0 0
0.000121911 0 0
0.000125326 0 0
0.000128837 0 0
0.000132447 0 0
0.000136157 0 0
0.000139972 0 0
0.000143894 0 0
0.000147925 0 0
0.000152069 0 0
0.00015633 0 0
0.000160709 0 0
0.000165212 0 0
0.000169841 0 0
0.000174599 0 0
0.00017949 0 0
0.000184519 0 0
0.000189689 0 0
0.000195003 0 0
0.000200466 0 0
0.000206083 0 0
0.000211856 0 0
0.000217792 0 0
0.000223893 0 0
0.000230166 0 0
0.000236615 0 0
0.000243244 0 0
0.000250058 0 0
0.000257064 0 0
0.000264266 0 0
0.00027167 0 0
0.000279281 0 0
0.000287105 0 0
0.000295149 0 0
0.000303418 0 0
0.000311919 0 0
0.000320658 0 0
0.000329641 0 0
0.000338876 0 0
0.000348371 0 0
0.000358131 0 0
0.000368164 0 0
0.000378479 0 0
0.000389082 0 0
0.000399983 0 0
0.000411189 0 0
0.000422709 0 0
0.000434552 0 0
0.000446726 0 0
0.000459242 0 0
0.000472108 0 0
0.000485335 0 0
0.000498932 0 0
0.00051291 0 0
0.00052728 0 0
0.000542053 0 0
0.000557239 0 0
0.000572851 0 0
0.0005889 0 0
0.000605399 0 0
0.00062236 0 0
0.000639796 0 0
0.000657721 0 0
0.000676147 0 0
0.000695091 0 0
0.000714565 0 0
0.000734584 0 0
0.000755164 0 0
0.000776321 0 0
0.000798071 0 0
0.00082043 0 0
0.000843415 0 0
0.000867045 0 0
0.000891336 0 0
0.000916308 0 0
0.000941979 0 0
0.00096837 0 0
0.0009955 0 0
0.00102339 0 0
0.00105206 0 0
0.00108154 0 0
0.00111184 0 0
0.00114299 0 0
0.00117501 0 0
0.00120793 0 0
0.00124177 0 0
0.00127656 0 0
0.00131233 0 0
0.00134909 0 0
0.00138689 0 0
0.00142574 0 0
0.00146569 0 0
0.00150675 0 0
0.00154896 0 0
0.00159236 0 0
0.00163697 0 0
0.00168283 0 0
0.00172998 0 0
0.00177845 0 0
0.00182827 0 0
0.0018795 0 0
0.00193215 0 0
0.00198628 0 0
0.00204193 0 0
0.00209914 0 0
0.00215795 0 0
0.00221841 0 0
0.00228056 0 0
0.00234445 0 0
0.00241014 0 0
0.00247766 0 0
0.00254707 0 0
0.00261843 0 0
0.00269179 0 0
0.00276721 0 0
0.00284473 0 0
0.00292443 0 0
0.00300636 0 0
0.00309059 0 0
0.00317718 0 0
0.00326619 0 0
0.0033577 0 0
0.00345177 0 0
0.00354847 0 0
0.00364789 0 0
0.00375009 0 0
0.00385515 0 0
0.00396316 0 0
0.00407419 0 0
0.00418834 0 0
0.00430568 0 0
0.00442631 0 0
0.00455031 0 0
0.0046778 0 0
0.00480885 0 0
0.00494358 0 0
0.00508208 0 0
0.00522446 0 0
0.00537083 0 0
0.0055213 0 0
0.00567599 0 0
0.00583501 0 0
0.00599848 0 0
0.00616654 0 0
0.0063393 0 0
0.00651691 0 0
0.00669949 0 0
0.00688718 0 0
0.00708013 0 0
0.00727849 0 0
0.00748241 0 0
0.00769204 0 0
0.00790754 0 0
0.00812908 0 0
0.00835683 0 0
0.00859096 0 0
0.00883164 0 0
0.00907907 0 0
0.00933343 0 0
0.00959492 0 0
0.00986374 0 0
0.0101401 0 0
0.0104242 0 0
0.0107162 0 0
0.0110164 0 0
0.0113251 0 0
0.0116424 0 0
0.0119685 0 0
0.0123039 0 0
0.0126486 0 0
0.0130029 0 0
0.0133672 0 0
0.0137417 0 0
0.0141267 0 0
0.0145225 0 0
0.0149294 0 0
0.0153476 0 0
0.0157776 0 0
0.0162196 0 0
0.0166741 0 0
0.0171412 0 0
0.0176214 0 0
0.0181151 0 0
0.0186226 0 0
0.0191444 0 0
0.0196807 0 0
0.0202321 0 0
0.020799 0 0
0.0213817 0 0
0.0219807 0 0
0.0225965 0 0
0.0232296 0 0
0.0238804 0 0
0.0245494 0 0
0.0252372 0 0
0.0259443 0 0
0.0266711 0 0
0.0274184 0 0
0.0281865 0 0
0.0289762 0 0
0.029788 0 0
0.0306226 0 0
0.0314805 0 0
0.0323625 0 0
0.0332691 0 0
0.0342012 0 0
0.0351594 0 0
0.0361444 0 0
0.0371571 0 0
0.0381981 0 0
0.0392682 0 0
0.0403684 0 0
0.0414994 0 0
0.042662 0 0
0.0438573 0 0
0.045086 0 0
0.0463491 0 0
0.0476476 0 0
0.0489826 0 0
0.0503549 0 0
0.0517656 0 0
0.0532159 0 0
0.0547068 0 0
0.0562395 0 0
0.0578151 0 0
0.0594349 0 0
0.0611 0 0
0.0628118 0 0
0.0645716 0 0
0.0663806 0 0
0.0682404 0 0
0.0701522 0 0
0.0721176 0 0
0.0741381 0 0
0.0762152 0 0
0.0783504 0 0
0.0805455 0 0
0.0828021 0 0
0.0851219 0 0
0.0875067 0 0
0.0899583 0 0
0.0924786 0 0
0.0950696 0 0
0.097733 0 0
0.100471 6.04078e+06 6607.37
0.103286 5.87361e+06 6518.78
0.10618 5.71337e+06 6435.4
0.109154 5.55618e+06 6346.99
0.112213 5.398e+06 6250.2
0.115356 5.26672e+06 6182.07
0.118588 5.10796e+06 6081.49
0.121911 4.98437e+06 6010.31
0.125326 4.83252e+06 5913.46
0.128837 4.71128e+06 5837.79
0.132447 4.5887e+06 5765.41
0.136157 4.45885e+06 5678.02
0.139972 4.33265e+06 5603.1
0.143894 4.21281e+06 5527.95
0.147925 4.09637e+06 5445.15
0.152069 3.99334e+06 5381.02
0.15633 3.87796e+06 5298.03
0.160709 3.77001e+06 5225.42
0.165212 3.6663e+06 5146.74
0.169841 3.56429e+06 5078.89
0.174599 3.47542e+06 5016.72
0.17949 3.38553e+06 4952.57
0.184519 3.27788e+06 4866.36
0.189689 3.19796e+06 4811.93
0.195003 3.10228e+06 4735.44
0.200466 3.02002e+06 4676.87
0.206083 2.94237e+06 4616.04
0.211856 2.86818e+06 4557.76
0.217792 2.78867e+06 4497.13
0.223893 2.70586e+06 4424.53
0.230166 2.64114e+06 4371.7
0.236615 2.56159e+06 4303.96
0.243244 2.49745e+06 4256.16
0.250058 2.42521e+06 4190.77
0.257064 2.35953e+06 4132.73
0.264266 2.29683e+06 4073.39
0.27167 2.22018e+06 4008.63
0.279281 2.16852e+06 3965.66
0.287105 2.11783e+06 3916.36
0.295149 2.05071e+06 3849.68
0.303418 2.00338e+06 3807.23
0.311919 1.94231e+06 3749.04
0.320658 1.89432e+06 3706.37
0.329641 1.84094e+06 3650.35
0.338876 1.78762e+06 3595.43
0.348371 1.7377e+06 3543.74
0.358131 1.69656e+06 3507.32
0.368164 1.64553e+06 3447.52
0.378479 1.6017e+06 3410.3
0.389082 1.55381e+06 3354.97
0.399983 1.51244e+06 3307.52
0.411189 1.47006e+06 3261.26
0.422709 1.43636e+06 3225.46
0.434552 1.39919e+06 3188.62
0.446726 1.3511e+06 3125.63
0.459242 1.32242e+06 3095.95
0.472108 1.28722e+06 3057.58
0.485335 1.24708e+06 3007.81
0.498932 1.2192e+06 2975.08
0.51291 1.17641e+06 2914.41
0.52728 1.1415e+06 2870.93
0.542053 1.11635e+06 2840.61
0.557239 1.0909e+06 2809.59
0.572851 1.05436e+06 2755.79
0.5889 1.03099e+06 2730.11
0.605399 999542 2686.39
0.62236 970703 2646.99
0.639796 946209 2618.81
0.657721 918412 2577.36
0.676147 896114 2544.74
0.695091 871191 2508.97
0.714565 847850 2478.38
0.734584 822005 2440.22
0.755164 807389 2419.39
0.776321 782024 2379.57
0.798071 759793 2347.88
0.82043 734563 2300.41
0.843415 715813 2275.9
0.867045 692627 2232.63
0.891336 676001 2210.79
0.916308 661717 2189.25
0.941979 641752 2156.58
0.96837 624581 2124.77
0.9955 609307 2097.75
1.02339 590076 2061.79
1.05206 576524 2040.01
1.08154 558923 2014.11
1.11184 543852 1989.8
1.14299 527221 1949.58
1.17501 519291 1946.19
1.20793 497396 1895.74
1.24177 490456 1887.64
1.27656 473361 1850.06
1.31233 462183 1833.89
1.34909 445157 1790.27
1.38689 434284 1774.36
1.42574 424208 1752.82
1.46569 412764 1730.23
1.50675 401041 1701.68
1.54896 394536 1689.68
1.59236 379179 1652.31
1.63697 367326 1629.8
1.68283 360469 1615.87
1.72998 351090 1592.86
1.77845 342134 1574.76
1.82827 331097 1550.37
1.8795 323149 1532.58
1.93215 313372 1503.37
1.98628 303661 1481.67
2.04193 295336 1460.78
2.09914 292000 1461.86
2.15795 280958 1426.37
2.21841 273449 1410.97
2.28056 265446 1390.12
2.34445 257187 1365.42
2.41014 252053 1353.32
2.47766 245374 1333.62
2.54707 237654 1308.47
2.61843 230892 1294.84
2.69179 223163 1265.76
2.76721 219794 1267.07
2.84473 212955 1238.03
2.92443 205897 1217.98
3.00636 203003 1216.5
3.09059 195057 1192.98
3.17718 191271 1178.7
3.26619 186841 1160.11
3.3577 182392 1154.02
3.45177 173988 1118.3
3.54847 170669 1111.35
3.64789 165194 1093.1
3.75009 161534 1080.96
3.85515 158508 1074.7
3.96316 151142 1047.73
4.07419 147962 1030.78
4.18834 143373 1014.96
4.30568 140427 1008.19
4.42631 136275 994.052
4.55031 132982 986.672
4.6778 129522 968.533
4.80885 127684 966.201
4.94358 123563 947.698
5.08208 119377 932.088
5.22446 117716 926.026
5.37083 112389 899.574
5.5213 109766 889.703
5.67599 107143 880.696
5.83501 103034 864.7
5.99848 99731 843.376
6.16654 98113.8 842.624
6.3393 96246.3 836.508
6.51691 92506.7 819.172
6.69949 88972.4 802.572
6.88718 88242.1 800.795
7.08013 86695.8 797.576
7.27849 83026.7 770.997
7.48241 81615 771.759
7.69204 78608 755.604
7.90754 76803.6 749.496
8.12908 74916 737.846
8.35683 72995.8 728.064
8.59096 70609.3 721.172
8.83164 68644.8 706.123
9.07907 66062.2 685.831
9.33343 64571.9 680.33
9.59492 63023.8 674.442
9.86374 60492.3 666.274
10.1401 60000 658.887
10.4242 57762.1 648.093
10.7162 57162 644.277
11.0164 55179.4 630.669
11.3251 53489.5 625.835
11.6424 50918.3 607.319
11.9685 50090.7 601.237
12.3039 49744.9 601.359
12.6486 48160.9 588.44
13.0029 46561.5 580.813
13.3672 45986.4 581.107
13.7417 45050.8 575.458
14.1267 43302.4 558.555
14.5225 41088.5 544.365
14.9294 40877.4 541.5
15.3476 39480.8 535.092
15.7776 38097.2 525.464
16.2196 37012.4 517.035
16.6741 36425.6 510.025
17.1412 35101.5 503.088
17.6214 33520.8 495.458
18.1151 32961.9 492.297
18.6226 32991.7 485.377
19.1444 32041.4 483.201
19.6807 29953.3 464.899
20.2321 29564 464.223
20.799 28749.9 455.139
21.3817 28503.3 460.74
21.9807 27241.6 444.515
22.5965 26186.7 430.864
23.2296 25190.1 425.096
23.8804 25181.4 423.043
24.5494 25175 426.513
25.2372 24737 430.096
25.9443 23313.2 408.498
26.6711 22837.6 408.441
27.4184 21243.5 384.551
28.1865 20443.7 382.008
28.9762 21107.7 390.427
29.788 20317 383.087
30.6226 20517.6 388.486
31.4805 19319.2 372.099
32.3625 18802.4 371.063
33.2691 17557.7 350.638
34.2012 17347.7 354.476
35.1594 16745 340.964
36.1444 16494.8 346.274
37.1571 16539.4 349.678
38.1981 15753.6 340.022
39.2682 15750.1 336.702
40.3684 14911.7 327.411
41.4994 14930.9 331.198
42.662 14791.5 331.213
43.8573 13560.3 310.902
45.086 12917.9 300.743
46.3491 13179 308.118
47.6476 12459.6 295.7
48.9826 12299.5 294.375
50.3549 12185.3 295.161
51.7656 11732.3 290.274
53.2159 11331 284.902
54.7068 10910.4 279.607
56.2395 11017.7 287.001
57.8151 10721.1 276.968
59.4349 9927.37 267.063
61.1 9851.02 269.227
62.8118 9765.02 267.522
64.5716 9372.03 261.455
66.3806 9028.67 256.761
68.2404 8972.98 255.367
70.1522 7894.3 233.988
72.1176 8214.94 242.18
74.1381 8107.92 243.367
76.2152 7713.03 235.735
78.3504 7929.86 244.922
80.5455 6987.86 219.062
82.8021 7212.92 226.379
85.1219 6952.72 226.192
87.5067 7037.41 231.665
89.9583 6825.92 220.099
92.4786 6492.43 213.742
95.0696 6509.9 217.68
97.733 6232.46 213.614
100.471 6050.92 207.424
103.286 5720.79 201.978
106.18 5609.2 204.854
109.154 5542.03 202.512
112.213 5027.76 186.708
115.356 5302.97 196.229
118.588 4598.32 176.933
121.911 4691.38 182.866
125.326 4550.46 177.634
128.837 5253.75 200.124
132.447 4789.89 187.773
136.157 4735.23 190.362
139.972 4304.16 176.941
143.894 4257.95 173.295
147.925 3975.72 169.19
152.069 3749.67 163.39
156.33 3764.66 164.179
160.709 3876.4 170.009
165.212 3646.54 164.856
169.841 3486.52 164.272
174.599 3162.55 150.936
179.49 3358.27 159.837
184.519 3444.2 155.457
189.689 3178.05 153.342
195.003 3100.17 149.034
200.466 3369.75 160.87
206.083 3079.89 149.065
211.856 2841.79 140.126
217.792 2650.77 141.801
223.893 2483.36 129.062
230.166 2694.4 141.31
236.615 2638.23 135.033
243.244 2563.21 135.225
250.058 2646.33 137.238
257.064 2323.17 133.265
264.266 2372.99 132.044
271.67 2365.43 133.498
279.281 2145.72 126.275
287.105 2074.98 124.217
295.149 2322.07 133.815
303.418 1907.21 112.636
311.919 1742.91 112.266
320.658 1953.14 122.14
329.641 1826.87 112.745
338.876 1793.35 110.523
348.371 1763.56 113.58
358.131 1570.79 103.931
368.164 1697.02 109.793
378.479 1620.27 110.702
389.082 1275.62 90.7665
399.983 1378.34 99.7802
411.189 1476.87 99.2805
422.709 1400.56 102.007
434.552 1426 99.8898
446.726 1577.06 110.293
459.242 1417.25 103.687
472.108 1349.47 99.9634
485.335 1140.4 93.3456
498.932 1103.12 90.9347
512.91 1085.96 91.3236
527.28 1032.11 88.5391
542.053 924.277 80.5954
557.239 1178.9 94.2365
572.851 991.023 84.5174
588.9 1086 91.6726
605.399 798.218 76.179
622.36 1086.52 92.148
639.796 1007.05 86.1649
657.721 850.529 74.7355
676.147 911.517 80.846
695.091 846.24 84.1557
714.565 992.603 85.5428
734.584 773.284 74.1847
755.164 798.625 75.1004
776.321 817.474 80.9104
798.071 762.169 70.3189
820.43 686.971 69.1724
843.415 723.21 68.9923
867.045 705.305 72.9706
891.336 593.647 59.5912
916.308 594.007 65.5019
941.979 564.915 60.2281
968.37 478.256 53.2389
995.5 625.697 66.266
1023.39 570.318 64.8537
1052.06 574.348 64.7013
1081.54 509.436 58.8685
1111.84 630.728 69.2587
1142.99 555.973 67.336
1175.01 516.318 61.0236
1207.93 575.448 62.3734
1241.77 488.875 58.3176
1276.56 338.005 45.8406
1312.33 496.214 58.6559
1349.09 461.117 56.7108
1386.89 406.269 55.2312
1425.74 297.562 41.1319
1465.69 386.581 53.4453
1506.75 384.122 54.3458
1548.96 375.071 48.4408
1592.36 295.048 42.3661
1636.97 371.887 53.1462
1682.83 435.297 53.3257
1729.98 409.9 56.8858
1778.45 265.352 40.2094
1828.27 392.473 55.9064
1879.5 361.375 54.6332
1932.15 247.824 40.0867
1986.28 305.821 52.008
2041.93 250.791 43.6031
2099.14 370.723 50.715
2157.95 368.067 55.7102
2218.41 292.877 45.151
2280.56 264.901 45.1571
2344.45 237.197 36.0264
2410.14 293.999 46.3421
2477.66 238.687 41.4499
2547.07 177.12 30.3122
2618.43 244.784 41.4279
2691.79 273.712 45.6824
2767.21 217.037 39.7715
2844.73 186.364 34.9201
2924.43 187.691 36.3336
3006.36 125.814 29.225
3090.59 192.772 35.1316
3177.18 182.992 38.2785
3266.19 144.625 25.3979
3357.7 251.945 43.9418
3451.77 127.836 29.105
3548.47 188.174 37.5999
3647.89 114.829 31.8599
3750.09 201.957 37.2841
3855.15 234.535 45.0861
3963.16 171.146 33.4613
4074.19 125.949 31.7962
4188.34 124.904 26.2929
4305.68 150.488 34.7229
4426.31 197.454 36.9705
4550.31 105.91 27.9011
4677.8 137.04 28.2712
4808.85 103.23 27.4274
4943.58 80.5629 23.5822
5082.08 89.8955 26.4174
5224.46 97.8618 20.2004
5370.83 160.775 40.0575
5521.3 132.561 32.2975
5675.99 100.759 28.1983
5835.01 110.544 22.7779
5998.48 76.5844 19.5275
6166.54 75.101 22.9984
6339.3 93.4968 25.3736
6516.91 116.943 27.2369
6699.49 142.155 30.5726
6887.18 104.934 28.6415
7080.13 91.798 22.6951
7278.49 77.4789 26.0567
7482.41 90.724 27.604
7692.04 127.424 33.9463
7907.54 60.1143 15.994
8129.08 88.9428 25.8799
8356.83 67.451 21.7442
8590.96 65.572 21.678
8831.64 60.7713 20.7976
9079.07 49.2337 14.4214
9333.43 54.693 21.4729
9594.92 63.5288 17.1035
9863.74 27.8933 13.4221
10140.1 83.1206 22.8674
10424.2 20.088 8.30724
10716.2 50.3088 15.7693
11016.4 40.8156 17.5743
11325.1 53.2583 17.8465
11642.4 33.075 15.1276
11968.5 42.9967 17.5686
12303.9 34.7693 12.8688
12648.6 47.2664 15.7666
13002.9 36.8007 12.7097
13367.2 31.8864 17.288
13741.7 60.6837 22.8104
14126.7 24.0062 12.6714
14522.5 35.49 13.1949
14929.4 30.3235 16.3103
15347.6 47.8185 16.0915
15777.6 41.2375 20.5069
16219.6 20.5462 8.97781
16674.1 28.3329 10.4799
17141.2 38.8185 16.3444
17621.4 54.0249 24.6702
18115.1 17.2958 7.30928
18622.6 43.8845 21.625
19144.4 20.7433 10.4974
19680.7 7.94286 4.72966
20232.1 28.4911 16.8985
20799 21.628 9.58866
21381.7 11.2705 6.78048
21980.7 50.2576 21.4826
22596.5 23.4136 16.0267
23229.6 81.1217 30.7572
23880.4 42.1407 20.5151
24549.4 18.1696 7.42137
25237.2 42.5622 20.4918
25944.3 23.3169 9.19326
26671.1 46.4789 18.911
27418.4 35.4154 15.6416
28186.5 17.0289 10.8854
28976.2 13.0744 9.69837
29788 24.7274 12.3926
30622.6 17.1419 8.99295
31480.5 11.3891 5.76315
32362.5 16.4984 9.79472
33269.1 1.75219 1.24569
34201.2 6.46964 4.18463
35159.4 21.8503 19.5803
36144.4 13.1858 8.59518
37157.1 8.83696 5.92176
38198.1 11.6331 7.24557
39268.2 0.113931 0.113931
40368.4 0 0
41499.4 22.9793 14.4936
42662 13.7779 8.29438
43857.3 19.0234 10.5478
45086 32.2975 14.3069
46349.1 9.16513 5.3724
47647.6 21.6523 8.69957
48982.6 2.19556 2.19556
50354.9 18.6134 10.1423
51765.6 1.2698 1.2698
53215.9 16.8481 7.89734
54706.8 4.57166 3.45639
56239.5 25.5197 16.507
57815.1 13.2997 7.15174
59434.9 0 0
61100 15.1237 9.56207
62811.8 7.02813 5.30861
64571.6 9.34561 7.18638
66380.6 1.83143 1.31644
68240.4 13.2227 9.39122
70152.2 3.0432 3.0432
72117.6 12.4778 6.29636
74138.1 0 0
76215.2 0.496288 0.496288
78350.4 7.09458 5.10232
80545.5 3.79409 3.79409
82802.1 0.0720864 0.0720864
85121.9 14.3277 8.9207
87506.7 0 0
89958.3 2.45984 2.45984
92478.6 6.98631 5.64647
95069.6 6.00964 3.53012
97733 7.53172 7.53172
100471 5.0103 5.0103
103286 0 0
106180 0 0
109154 21.9497 16.0137
112213 23.0518 17.2798
115356 6.75599 6.75599
118588 6.15688 6.15688
121911 4.4476 4.4476
125326 0 0
128837 6.09666 5.48753
132447 0 0
136157 0 0
139972 2.24491 2.24491
143894 0 0
147925 5.43107 5.43107
152069 7.17265 7.17265
156330 3.22713 3.22713
160709 9.04804 6.93034
165212 0 0
169841 0 0
174599 0 0
179490 0 0
184519 0 0
189689 15.9839 15.9839
195003 0 0
200466 0 0
206083 10.2212 10.2212
211856 16.5946 15.8971
217792 2.62618 2.62618
223893 2.29907 2.29907
230166 1.02096 1.02096
236615 4.51163 3.26562
243244 0 0
250058 0 0
257064 2.51809 2.51809
264266 0 0
271670 0 0
279281 2.35488 2.35488
287105 3.97143 2.91135
295149 2.41378 2.41378
303418 0 0
311919 7.16842 7.16842
320658 0 0
329641 0.617091 0.617091
338876 5.91057 5.91057
348371 0 0
358131 0 0
368164 0 0
378479 0 0
389082 0 0
399983 0 0
411189 10.3816 10.3816
422709 0 0
434552 0 0
446726 0 0
459242 11.6384 11.6384
472108 0 0
485335 4.24293 4.24293
498932 4.35979 4.35979
512910 0 0
527280 0 0
542053 0 0
557239 0 0
572851 1.60657 1.60657
588900 0 0
605399 0 0
622360 0 0
639796 1.24134 1.24134
657721 0 0
676147 0 0
695091 0 0
714565 0 0
734584 2.22464 2.22464
755164 0 0
776321 0 0
798071 0 0
820430 2.88853 2.88853
843415 0 0
867045 0 0
891336 0 0
916308 0 0
941979 0 0
968370 0 0
995500 0 0
1.02339e+06 0 0
1.05206e+06 0 0
1.08154e+06 0 0
1.11184e+06 0 0
1.14299e+06 0 0
1.17501e+06 0 0
1.20793e+06 0 0
1.24177e+06 0 0
1.27656e+06 0.256392 0.256392
1.31233e+06 0 0
1.34909e+06 0 0
1.38689e+06 0 0
1.42574e+06 0 0
1.46569e+06 0 0
1.50675e+06 0 0
1.54896e+06 0 0
1.59236e+06 0 0
1.63697e+06 0 0
1.68283e+06 0 0
1.72998e+06 0 0
1.77845e+06 0 0
1.82827e+06 0 0
1.8795e+06 0 0
1.93215e+06 0 0
1.98628e+06 0 0
2.04193e+06 0 0
2.09914e+06 0 0
2.15795e+06 0 0
2.21841e+06 0 0
2.28056e+06 0 0
2.34445e+06 0 0
2.41014e+06 0 0
2.47766e+06 0 0
2.54707e+06 0 0
2.61843e+06 0 0
2.69179e+06 0 0
2.76721e+06 0 0
2.84473e+06 0 0
2.92443e+06 0 0
3.00636e+06 0 0
3.09059e+06 0 0
3.17718e+06 0 0
3.26619e+06 0 0
3.3577e+06 0 0
3.45177e+06 0 0
3.54847e+06 0 0
3.64789e+06 0 0
3.75009e+06 0 0
3.85515e+06 0 0
3.96316e+06 0 0
4.07419e+06 0 0
4.18834e+06 0 0
4.30568e+06 0 0
4.42631e+06 0 0
4.55031e+06 0 0
4.6778e+06 0 0
4.80885e+06 0 0
4.94358e+06 0 0
5.08208e+06 1.8542 1.8542
5.22446e+06 0 0
5.37083e+06 0 0
5.5213e+06 0 0
5.67599e+06 0 0
5.83501e+06 0 0
5.99848e+06 0 0
6.16654e+06 0 0
6.3393e+06 0 0
6.51691e+06 0 0
6.69949e+06 0 0
6.88718e+06 0 0
7.08013e+06 0 0
7.27849e+06 0 0
7.48241e+06 0 0
7.69204e+06 0 0
7.90754e+06 0 0
8.12908e+06 0 0
8.35683e+06 0 0
8.59096e+06 0 0
8.83164e+06 0 0
9.07907e+06 0 0
9.33343e+06 0 0
9.59492e+06 0 0
9.86374e+06 0 0
