1.01401e-05 1269.7 62.0289
1.04242e-05 1198.56 59.0758
1.07162e-05 1232.83 60.5846
1.10164e-05 1221.08 60.286
1.13251e-05 1376.29 63.4084
1.16424e-05 1217.73 59.5502
1.19685e-05 1440.49 66.0452
1.23039e-05 1343.57 62.4464
1.26486e-05 1534 67.551
1.30029e-05 1592.65 68.059
1.33672e-05 1548.99 67.0345
1.37417e-05 1609.51 69.3229
1.41267e-05 1469.35 66.1375
1.45225e-05 1683.12 70.6473
1.49294e-05 1808.78 74.3298
1.53476e-05 1824.1 74.7037
1.57776e-05 1823.7 74.1007
1.62196e-05 1908.55 74.8162
1.66741e-05 1856.66 73.8454
1.71412e-05 2011.86 76.484
1.76214e-05 2128.47 80.3599
1.81151e-05 2045.16 78.6818
1.86226e-05 2257.86 82.9385
1.91444e-05 2056.69 78.9689
1.96807e-05 2374.64 84.8817
2.02321e-05 2429.07 85.8489
2.0799e-05 2364.33 83.9775
2.13817e-05 2396.12 84.2822
2.19807e-05 2677.95 90.04
2.25965e-05 2689.86 89.6384
2.32296e-05 2736.26 91.0853
2.38804e-05 2718.46 90.1229
2.45494e-05 2847.93 92.4236
2.52372e-05 2881.85 92.2145
2.59443e-05 2949.82 94.0935
2.66711e-05 2890.04 92.7967
2.74184e-05 3168.56 97.8529
2.81865e-05 3298.28 99.383
2.89762e-05 3350.14 99.9789
2.9788e-05 3351.68 99.7097
3.06226e-05 3498.92 101.453
3.14805e-05 3604.58 104.146
3.23625e-05 3768.48 106.191
3.32691e-05 3589.42 102.627
3.42012e-05 4081.94 111.382
3.51594e-05 4324.66 114.332
3.61444e-05 3992.55 109.429
3.71571e-05 4276.34 114.437
3.81981e-05 4428.44 116.043
3.92682e-05 4578.22 116.388
4.03684e-05 4626.38 117.758
4.14994e-05 4864.51 121.511
4.2662e-05 5038.23 122.763
4.38573e-05 4905.2 122.201
4.5086e-05 5021.5 122.071
4.63491e-05 5206.37 124.049
4.76476e-05 5515.15 128.624
4.89826e-05 5671.2 129.595
5.03549e-05 5821.3 131.048
5.17656e-05 6012.31 133.345
5.32159e-05 6226.71 136.96
5.47068e-05 6319.4 137.253
5.62395e-05 6736.53 143.095
5.78151e-05 6679.35 141.37
5.94349e-05 7024.55 145.948
6.11e-05 6886.11 143.885
6.28118e-05 7239.5 146.412
6.45716e-05 7148.03 146.026
6.63806e-05 7362.47 148.182
6.82404e-05 8031.43 154.223
7.01522e-05 8320.74 158.608
7.21176e-05 8353.19 158.097
7.41381e-05 8557.63 160.04
7.62152e-05 8893.37 162.081
7.83504e-05 9001.18 164.798
8.05455e-05 9397.75 167.943
8.28021e-05 9347.57 166.783
8.51219e-05 9870.57 172.92
8.75067e-05 10121.5 174.677
8.99583e-05 10193.4 174.109
9.24786e-05 10776.1 179.627
9.50696e-05 10929.7 181.213
9.7733e-05 10939.9 180.07
0.000100471 11516.1 184.973
0.000103286 12056 189.782
0.00010618 12465.5 193.382
0.000109154 12824.6 194.526
0.000112213 13085.7 197.391
0.000115356 13316.9 199.85
0.000118588 13846.3 203.774
0.000121911 13821 203.43
0.000125326 14392.4 207.712
0.000128837 14809.2 210.26
0.000132447 15467.9 215.088
0.000136157 15650.1 216.096
0.000139972 16069.1 219.549
0.000143894 16671 223.91
0.000147925 16970.3 225.676
0.000152069 17159.1 226.281
0.00015633 17747.6 230.884
0.000160709 18584.2 235.058
0.000165212 19212.2 240.097
0.000169841 19546.5 242.323
0.000174599 20149 245.263
0.00017949 20742.2 248.601
0.000184519 21222.3 252.21
0.000189689 22019.2 257.195
0.000195003 22016.3 255.24
0.000200466 22868.4 261.166
0.000206083 23757.5 266.82
0.000211856 23824.7 266.608
0.000217792 24902.3 273.272
0.000223893 25638.9 277.578
0.000230166 26534.3 281.719
0.000236615 26906.7 282.822
0.000243244 27669.4 287.972
0.000250058 28351.3 291.831
0.000257064 29303.8 296.73
0.000264266 30100.7 299.857
0.00027167 30709.8 302.681
0.000279281 31881.7 308.839
0.000287105 33159.9 314.729
0.000295149 34329.2 320.738
0.000303418 34851.4 323.856
0.000311919 35403.6 325.389
0.000320658 36936.2 333.239
0.000329641 37466 333.912
0.000338876 38675.7 339.947
0.000348371 39430.4 343.366
0.000358131 40779.8 349.285
0.000368164 41646.4 352.572
0.000378479 42919.4 358.355
0.000389082 44731.7 364.842
0.000399983 45097.9 366.005
0.000411189 46422.8 371.912
0.000422709 48221.8 380.272
0.000434552 49237.6 383.298
0.000446726 51029.6 391.029
0.000459242 52123.6 395.351
0.000472108 54229 403.129
0.000485335 54944.8 404.235
0.000498932 56943.2 412.173
0.00051291 58601.8 419.549
0.00052728 60379.8 424.289
0.000542053 61324.9 428.452
0.000557239 63066.8 433.348
0.000572851 64702.1 440.504
0.0005889 65996.5 443.856
0.000605399 67392.2 448.749
0.00062236 70111.1 457.511
0.000639796 72807.9 467.317
0.000657721 74069.4 470.46
0.000676147 75247.8 474.025
0.000695091 79166.1 487.737
0.000714565 79944.7 488.858
0.000734584 82270.4 495.263
0.000755164 85151.4 504.078
0.000776321 86080.9 506.925
0.000798071 89732.2 517.408
0.00082043 92066.7 524.696
0.000843415 94323.3 531.357
0.000867045 96889.4 539.307
0.000891336 100168 548.696
0.000916308 102664 554.272
0.000941979 104457 559.392
0.00096837 107619 566.586
0.0009955 111169 576.189
0.00102339 114110 585.23
0.00105206 117284 591.778
0.00108154 119714 597.477
0.00111184 123764 608.586
0.00114299 126660 615.167
0.00117501 129311 621.687
0.00120793 133066 630.424
0.00124177 137682 643.218
0.00127656 140411 647.585
0.00131233 143515 654.781
0.00134909 147294 663.055
0.00138689 152485 675.38
0.00142574 154545 680.498
0.00146569 160666 693.52
0.00150675 165609 703.417
0.00154896 168407 709.282
0.00159236 173339 720.09
0.00163697 176806 726.426
0.00168283 181821 736.913
0.00172998 187081 748.254
0.00177845 192658 759.177
0.00182827 197723 769.139
0.0018795 201217 775.712
0.00193215 205834 783.844
0.00198628 212863 797.322
0.00204193 217007 805.777
0.00209914 223673 817.693
0.00215795 229587 828.728
0.00221841 235414 839.182
0.00228056 240175 847.15
0.00234445 248096 861.261
0.00241014 254596 873.172
0.00247766 260246 882.668
0.00254707 268341 896.66
0.00261843 273322 904.185
0.00269179 281530 918.264
0.00276721 289859 932.167
0.00284473 295772 939.514
0.00292443 301475 949.333
0.00300636 309923 962.137
0.00309059 316660 972.813
0.00317718 327138 989.421
0.00326619 332548 996.424
0.0033577 338894 1006.24
0.00345177 349511 1023
0.00354847 358800 1036.72
0.00364789 366703 1046.39
0.00375009 374585 1058.63
0.00385515 384153 1072.27
0.00396316 395351 1087.83
0.00407419 400574 1095.58
0.00418834 412338 1110.39
0.00430568 419848 1120.07
0.00442631 431022 1135.66
0.00455031 441989 1149.56
0.0046778 450353 1160.51
0.00480885 459235 1171.79
0.00494358 470802 1186.76
0.00508208 480057 1197.56
0.00522446 495319 1217.84
0.00537083 506183 1230.94
0.0055213 513218 1238.72
0.00567599 527890 1257.21
0.00583501 539128 1270.02
0.00599848 546430 1278.17
0.00616654 559881 1293.3
0.0063393 570340 1305.23
0.00651691 584213 1321.57
0.00669949 596447 1335.15
0.00688718 608453 1349.84
0.00708013 620930 1363.01
0.00727849 633095 1376.57
0.00748241 645371 1389.58
0.00769204 659651 1404.66
0.00790754 670327 1415.6
0.00812908 681836 1426.73
0.00835683 696079 1443.75
0.00859096 709190 1456.46
0.00883164 721390 1469.57
0.00907907 733973 1481.62
0.00933343 746976 1494.89
0.00959492 760814 1507.65
0.00986374 775403 1522.91
0.0101401 788636 1535.89
0.0104242 798587 1545.85
0.0107162 814352 1560.67
0.0110164 825833 1571.14
0.0113251 838091 1583.25
0.0116424 853247 1597.3
0.0119685 865242 1609.81
0.0123039 879186 1621.08
0.0126486 888461 1629.97
0.0130029 899388 1640.49
0.0133672 911816 1650.91
0.0137417 926295 1664.61
0.0141267 932895 1670.13
0.0145225 945915 1681.99
0.0149294 954054 1688.62
0.0153476 966515 1699.56
0.0157776 978991 1710.86
0.0162196 989735 1720.34
0.0166741 999366 1728.93
0.0171412 1.0095e+06 1738.88
0.0176214 1.01591e+06 1744.37
0.0181151 1.02562e+06 1752.49
0.0186226 1.03084e+06 1756.2
0.0191444 1.03663e+06 1759.39
0.0196807 1.04617e+06 1769.53
0.0202321 1.05429e+06 1776.58
0.020799 1.05639e+06 1777.6
0.0213817 1.06464e+06 1785.3
0.0219807 1.06584e+06 1785.69
0.0225965 1.06834e+06 1787.72
0.0232296 1.07367e+06 1792.65
0.0238804 1.07262e+06 1790.99
0.0245494 1.07553e+06 1792.89
0.0252372 1.07434e+06 1792.59
0.0259443 1.07574e+06 1793.89
0.0266711 1.07423e+06 1793.09
0.0274184 1.07208e+06 1791.35
0.0281865 1.06561e+06 1785.37
0.0289762 1.06764e+06 1788.09
0.029788 1.06093e+06 1782.27
0.0306226 1.05523e+06 1777.3
0.0314805 1.04485e+06 1768.21
0.0323625 1.03939e+06 1763.5
0.0332691 1.02988e+06 1755.49
0.0342012 1.01737e+06 1744.91
0.0351594 1.00622e+06 1735.02
0.0361444 997002 1727.39
0.0371571 985635 1717.47
0.0381981 972793 1705.81
0.0392682 957894 1692.82
0.0403684 939870 1675.94
0.0414994 926614 1665.47
0.042662 908157 1647.23
0.0438573 891331 1633.01
0.045086 873033 1616.61
0.0463491 852736 1596.67
0.0476476 832094 1577.64
0.0489826 812201 1558.71
0.0503549 789737 1537.02
0.0517656 769532 1517.19
0.0532159 744525 1492.4
0.0547068 720184 1468.33
0.0562395 696722 1443.37
0.0578151 673399 1418.6
0.0594349 648698 1392.34
0.0611 624197 1366.46
0.0628118 599385 1339.14
0.0645716 576231 1312.28
0.0663806 551221 1284.18
0.0682404 524245 1251.52
0.0701522 501146 1225.05
0.0721176 475588 1192.25
0.0741381 450024 1160.2
0.0762152 425740 1128.9
0.0783504 401819 1095.82
0.0805455 380013 1067.15
0.0828021 356564 1033.13
0.0851219 333295 998.557
0.0875067 314358 970.844
0.0899583 292258 934.914
0.0924786 270988 900.601
0.0950696 251035 866.187
0.097733 232999 835.658
0.100471 214033 800.081
0.103286 197442 767.48
0.10618 180621 734.162
0.109154 165419 703.805
0.112213 148914 667.565
0.115356 135820 637.421
0.118588 122410 605.145
0.121911 111384 577.586
0.125326 100118 547.436
0.128837 89133.4 517.923
0.132447 78711 485.017
0.136157 69877.6 457.398
0.139972 61602.8 429.872
0.143894 54616.3 403.876
0.147925 47411.6 376.162
0.152069 41463.7 350.732
0.15633 35988.3 328.044
0.160709 30459.3 301.118
0.165212 26472.7 280.814
0.169841 22633.6 259.831
0.174599 19360.9 240.559
0.17949 16178.2 219.606
0.184519 13796.9 203.603
0.189689 11715.7 187.631
0.195003 9637.5 171.105
0.200466 7851.3 153.15
0.206083 6476.12 139.012
0.211856 5237.15 124.534
0.217792 4421.08 115.467
0.223893 3595.79 103.832
0.230166 2887.48 93.0053
0.236615 2218.45 81.1135
0.243244 1774.15 72.546
0.250058 1395.27 65.3483
0.257064 992.744 53.2983
0.264266 756.627 47.4178
0.27167 629.716 43.9696
0.279281 399.579 33.3921
0.287105 337.084 32.3517
0.295149 253.19 27.2119
0.303418 209.452 24.8092
0.311919 143.102 20.4707
0.320658 109.921 17.938
0.329641 88.9599 16.7143
0.338876 63.6982 12.8948
0.348371 22.548 8.23799
0.358131 25.2285 7.99655
0.368164 10.0753 4.94059
0.378479 14.2856 6.92926
0.389082 20.8191 7.55522
0.399983 2.76705 1.88654
0.411189 2.62605 2.62605
0.422709 11.3743 6.19206
0.434552 2.00613 2.00613
0.446726 3.10627 3.10627
0.459242 2.3091 2.3091
0.472108 0 0
0.485335 2.60377 2.60377
0.498932 3.00961 3.00961
0.51291 0 0
0.52728 0 0
0.542053 0 0
0.557239 0 0
0.572851 0 0
0.5889 0 0
0.605399 0 0
0.62236 0 0
0.639796 0 0
0.657721 0 0
0.676147 0 0
0.695091 0 0
0.714565 0 0
0.734584 0 0
0.755164 0 0
0.776321 0 0
0.798071 0 0
0.82043 0 0
0.843415 0 0
0.867045 0 0
0.891336 0 0
0.916308 0 0
0.941979 0 0
0.96837 0 0
0.9955 0 0
1.02339 0 0
1.05206 0 0
1.08154 0 0
1.11184 0 0
1.14299 0 0
1.17501 0 0
1.20793 0 0
1.24177 0 0
1.27656 0 0
1.31233 0 0
1.34909 0 0
1.38689 0 0
1.42574 0 0
1.46569 0 0
1.50675 0 0
1.54896 0 0
1.59236 0 0
1.63697 0 0
1.68283 0 0
1.72998 0 0
1.77845 0 0
1.82827 0 0
1.8795 0 0
1.93215 0 0
1.98628 0 0
2.04193 0 0
2.09914 0 0
2.15795 0 0
2.21841 0 0
2.28056 0 0
2.34445 0 0
2.41014 0 0
2.47766 0 0
2.54707 0 0
2.61843 0 0
2.69179 0 0
2.76721 0 0
2.84473 0 0
2.92443 0 0
3.00636 0 0
3.09059 0 0
3.17718 0 0
3.26619 0 0
3.3577 0 0
3.45177 0 0
3.54847 0 0
3.64789 0 0
3.75009 0 0
3.85515 0 0
3.96316 0 0
4.07419 0 0
4.18834 0 0
4.30568 0 0
4.42631 0 0
4.55031 0 0
4.6778 0 0
4.80885 0 0
4.94358 0 0
5.08208 0 0
5.22446 0 0
5.37083 0 0
5.5213 0 0
5.67599 0 0
5.83501 0 0
5.99848 0 0
6.16654 0 0
6.3393 0 0
6.51691 0 0
6.69949 0 0
6.88718 0 0
7.08013 0 0
7.27849 0 0
7.48241 0 0
7.69204 0 0
7.90754 0 0
8.12908 0 0
8.35683 0 0
8.59096 0 0
8.83164 0 0
9.07907 0 0
9.33343 0 0
9.59492 0 0
9.86374 0 0
10.1401 0 0
10.4242 0 0
10.7162 0 0
11.0164 0 0
11.3251 0 0
11.6424 0 0
11.9685 0 0
12.3039 0 0
12.6486 0 0
13.0029 0 0
13.3672 0 0
13.7417 0 0
14.1267 0 0
14.5225 0 0
14.9294 0 0
15.3476 0 0
15.7776 0 0
16.2196 0 0
16.6741 0 0
17.1412 0 0
17.6214 0 0
18.1151 0 0
18.6226 0 0
19.1444 0 0
19.6807 0 0
20.2321 0 0
20.799 0 0
21.3817 0 0
21.9807 0 0
22.5965 0 0
23.2296 0 0
23.8804 0 0
24.5494 0 0
25.2372 0 0
25.9443 0 0
26.6711 0 0
27.4184 0 0
28.1865 0 0
28.9762 0 0
29.788 0 0
30.6226 0 0
31.4805 0 0
32.3625 0 0
33.2691 0 0
34.2012 0 0
35.1594 0 0
36.1444 0 0
37.1571 0 0
38.1981 0 0
39.2682 0 0
40.3684 0 0
41.4994 0 0
42.662 0 0
43.8573 0 0
45.086 0 0
46.3491 0 0
47.6476 0 0
48.9826 0 0
50.3549 0 0
51.7656 0 0
53.2159 0 0
54.7068 0 0
56.2395 0 0
57.8151 0 0
59.4349 0 0
61.1 0 0
62.8118 0 0
64.5716 0 0
66.3806 0 0
68.2404 0 0
70.1522 0 0
72.1176 0 0
74.1381 0 0
76.2152 0 0
78.3504 0 0
80.5455 0 0
82.8021 0 0
85.1219 0 0
87.5067 0 0
89.9583 0 0
92.4786 0 0
95.0696 0 0
97.733 0 0
100.471 0 0
103.286 0 0
106.18 0 0
109.154 0 0
112.213 0 0
115.356 0 0
118.588 0 0
121.911 0 0
125.326 0 0
128.837 0 0
132.447 0 0
136.157 0 0
139.972 0 0
143.894 0 0
147.925 0 0
152.069 0 0
156.33 0 0
160.709 0 0
165.212 0 0
169.841 0 0
174.599 0 0
179.49 0 0
184.519 0 0
189.689 0 0
195.003 0 0
200.466 0 0
206.083 0 0
211.856 0 0
217.792 0 0
223.893 0 0
230.166 0 0
236.615 0 0
243.244 0 0
250.058 0 0
257.064 0 0
264.266 0 0
271.67 0 0
279.281 0 0
287.105 0 0
295.149 0 0
303.418 0 0
311.919 0 0
320.658 0 0
329.641 0 0
338.876 0 0
348.371 0 0
358.131 0 0
368.164 0 0
378.479 0 0
389.082 0 0
399.983 0 0
411.189 0 0
422.709 0 0
434.552 0 0
446.726 0 0
459.242 0 0
472.108 0 0
485.335 0 0
498.932 0 0
512.91 0 0
527.28 0 0
542.053 0 0
557.239 0 0
572.851 0 0
588.9 0 0
605.399 0 0
622.36 0 0
639.796 0 0
657.721 0 0
676.147 0 0
695.091 0 0
714.565 0 0
734.584 0 0
755.164 0 0
776.321 0 0
798.071 0 0
820.43 0 0
843.415 0 0
867.045 0 0
891.336 0 0
916.308 0 0
941.979 0 0
968.37 0 0
995.5 0 0
1023.39 0 0
1052.06 0 0
1081.54 0 0
1111.84 0 0
1142.99 0 0
1175.01 0 0
1207.93 0 0
1241.77 0 0
1276.56 0 0
1312.33 0 0
1349.09 0 0
1386.89 0 0
1425.74 0 0
1465.69 0 0
1506.75 0 0
1548.96 0 0
1592.36 0 0
1636.97 0 0
1682.83 0 0
1729.98 0 0
1778.45 0 0
1828.27 0 0
1879.5 0 0
1932.15 0 0
1986.28 0 0
2041.93 0 0
2099.14 0 0
2157.95 0 0
2218.41 0 0
2280.56 0 0
2344.45 0 0
2410.14 0 0
2477.66 0 0
2547.07 0 0
2618.43 0 0
2691.79 0 0
2767.21 0 0
2844.73 0 0
2924.43 0 0
3006.36 0 0
3090.59 0 0
3177.18 0 0
3266.19 0 0
3357.7 0 0
3451.77 0 0
3548.47 0 0
3647.89 0 0
3750.09 0 0
3855.15 0 0
3963.16 0 0
4074.19 0 0
4188.34 0 0
4305.68 0 0
4426.31 0 0
4550.31 0 0
4677.8 0 0
4808.85 0 0
4943.58 0 0
5082.08 0 0
5224.46 0 0
5370.83 0 0
5521.3 0 0
5675.99 0 0
5835.01 0 0
5998.48 0 0
6166.54 0 0
6339.3 0 0
6516.91 0 0
6699.49 0 0
6887.18 0 0
7080.13 0 0
7278.49 0 0
7482.41 0 0
7692.04 0 0
7907.54 0 0
8129.08 0 0
8356.83 0 0
8590.96 0 0
8831.64 0 0
9079.07 0 0
9333.43 0 0
9594.92 0 0
9863.74 0 0
10140.1 0 0
10424.2 0 0
10716.2 0 0
11016.4 0 0
11325.1 0 0
11642.4 0 0
11968.5 0 0
12303.9 0 0
12648.6 0 0
13002.9 0 0
13367.2 0 0
13741.7 0 0
14126.7 0 0
14522.5 0 0
14929.4 0 0
15347.6 0 0
15777.6 0 0
16219.6 0 0
16674.1 0 0
17141.2 0 0
17621.4 0 0
18115.1 0 0
18622.6 0 0
19144.4 0 0
19680.7 0 0
20232.1 0 0
20799 0 0
21381.7 0 0
21980.7 0 0
22596.5 0 0
23229.6 0 0
23880.4 0 0
24549.4 0 0
25237.2 0 0
25944.3 0 0
26671.1 0 0
27418.4 0 0
28186.5 0 0
28976.2 0 0
29788 0 0
30622.6 0 0
31480.5 0 0
32362.5 0 0
33269.1 0 0
34201.2 0 0
35159.4 0 0
36144.4 0 0
37157.1 0 0
38198.1 0 0
39268.2 0 0
40368.4 0 0
41499.4 0 0
42662 0 0
43857.3 0 0
45086 0 0
46349.1 0 0
47647.6 0 0
48982.6 0 0
50354.9 0 0
51765.6 0 0
53215.9 0 0
54706.8 0 0
56239.5 0 0
57815.1 0 0
59434.9 0 0
61100 0 0
62811.8 0 0
64571.6 0 0
66380.6 0 0
68240.4 0 0
70152.2 0 0
72117.6 0 0
74138.1 0 0
76215.2 0 0
78350.4 0 0
80545.5 0 0
82802.1 0 0
85121.9 0 0
87506.7 0 0
89958.3 0 0
92478.6 0 0
95069.6 0 0
97733 0 0
100471 0 0
103286 0 0
106180 0 0
109154 0 0
112213 0 0
115356 0 0
118588 0 0
121911 0 0
125326 0 0
128837 0 0
132447 0 0
136157 0 0
139972 0 0
143894 0 0
147925 0 0
152069 0 0
156330 0 0
160709 0 0
165212 0 0
169841 0 0
174599 0 0
179490 0 0
184519 0 0
189689 0 0
195003 0 0
200466 0 0
206083 0 0
211856 0 0
217792 0 0
223893 0 0
230166 0 0
236615 0 0
243244 0 0
250058 0 0
257064 0 0
264266 0 0
271670 0 0
279281 0 0
287105 0 0
295149 0 0
303418 0 0
311919 0 0
320658 0 0
329641 0 0
338876 0 0
348371 0 0
358131 0 0
368164 0 0
378479 0 0
389082 0 0
399983 0 0
411189 0 0
422709 0 0
434552 0 0
446726 0 0
459242 0 0
472108 0 0
485335 0 0
498932 0 0
512910 0 0
527280 0 0
542053 0 0
557239 0 0
572851 0 0
588900 0 0
605399 0 0
622360 0 0
639796 0 0
657721 0 0
676147 0 0
695091 0 0
714565 0 0
734584 0 0
755164 0 0
776321 0 0
798071 0 0
820430 0 0
843415 0 0
867045 0 0
891336 0 0
916308 0 0
941979 0 0
968370 0 0
995500 0 0
1.02339e+06 0 0
1.05206e+06 0 0
1.08154e+06 0 0
1.11184e+06 0 0
1.14299e+06 0 0
1.17501e+06 0 0
1.20793e+06 0 0
1.24177e+06 0 0
1.27656e+06 0 0
1.31233e+06 0 0
1.34909e+06 0 0
1.38689e+06 0 0
1.42574e+06 0 0
1.46569e+06 0 0
1.50675e+06 0 0
1.54896e+06 0 0
1.59236e+06 0 0
1.63697e+06 0 0
1.68283e+06 0 0
1.72998e+06 0 0
1.77845e+06 0 0
1.82827e+06 0 0
1.8795e+06 0 0
1.93215e+06 0 0
1.98628e+06 0 0
2.04193e+06 0 0
2.09914e+06 0 0
2.15795e+06 0 0
2.21841e+06 0 0
2.28056e+06 0 0
2.34445e+06 0 0
2.41014e+06 0 0
2.47766e+06 0 0
2.54707e+06 0 0
2.61843e+06 0 0
2.69179e+06 0 0
2.76721e+06 0 0
2.84473e+06 0 0
2.92443e+06 0 0
3.00636e+06 0 0
3.09059e+06 0 0
3.17718e+06 0 0
3.26619e+06 0 0
3.3577e+06 0 0
3.45177e+06 0 0
3.54847e+06 0 0
3.64789e+06 0 0
3.75009e+06 0 0
3.85515e+06 0 0
3.96316e+06 0 0
4.07419e+06 0 0
4.18834e+06 0 0
4.30568e+06 0 0
4.42631e+06 0 0
4.55031e+06 0 0
4.6778e+06 0 0
4.80885e+06 0 0
4.94358e+06 0 0
5.08208e+06 0 0
5.22446e+06 0 0
5.37083e+06 0 0
5.5213e+06 0 0
5.67599e+06 0 0
5.83501e+06 0 0
5.99848e+06 0 0
6.16654e+06 0 0
6.3393e+06 0 0
6.51691e+06 0 0
6.69949e+06 0 0
6.88718e+06 0 0
7.08013e+06 0 0
7.27849e+06 0 0
7.48241e+06 0 0
7.69204e+06 0 0
7.90754e+06 0 0
8.12908e+06 0 0
8.35683e+06 0 0
8.59096e+06 0 0
8.83164e+06 0 0
9.07907e+06 0 0
9.33343e+06 0 0
9.59492e+06 0 0
9.86374e+06 0 0
