1.01401e-05 0 0
1.04242e-05 0 0
1.07162e-05 0 0
1.10164e-05 0 0
1.13251e-05 0 0
1.16424e-05 0 0
1.19685e-05 0 0
1.23039e-05 0 0
1.26486e-05 0 0
1.30029e-05 0 0
1.33672e-05 0 0
1.37417e-05 0 0
1.41267e-05 0 0
1.45225e-05 0 0
1.49294e-05 0 0
1.53476e-05 0 0
1.57776e-05 0 0
1.62196e-05 0 0
1.66741e-05 0 0
1.71412e-05 0 0
1.76214e-05 0 0
1.81151e-05 0 0
1.86226e-05 0 0
1.91444e-05 0 0
1.96807e-05 0 0
2.02321e-05 0 0
2.0799e-05 0 0
2.13817e-05 0 0
2.19807e-05 0 0
2.25965e-05 0 0
2.32296e-05 0 0
2.38804e-05 0 0
2.45494e-05 0 0
2.52372e-05 0 0
2.59443e-05 0 0
2.66711e-05 0 0
2.74184e-05 0 0
2.81865e-05 0 0
2.89762e-05 0 0
2.9788e-05 0 0
3.06226e-05 0 0
3.14805e-05 0 0
3.23625e-05 0 0
3.32691e-05 0 0
3.42012e-05 0 0
3.51594e-05 0 0
3.61444e-05 0 0
3.71571e-05 0 0
3.81981e-05 0 0
3.92682e-05 0 0
4.03684e-05 0 0
4.14994e-05 0 0
4.2662e-05 0 0
4.38573e-05 0 0
4.5086e-05 0 0
4.63491e-05 0 0
4.76476e-05 0 0
4.89826e-05 0 0
5.03549e-05 0 0
5.17656e-05 0 0
5.32159e-05 0 0
5.47068e-05 0 0
5.62395e-05 0 0
5.78151e-05 0 0
5.94349e-05 0 0
6.11e-05 0 0
6.28118e-05 0 0
6.45716e-05 0 0
6.63806e-05 0 0
6.82404e-05 0 0
7.01522e-05 0 0
7.21176e-05 0 0
7.41381e-05 0 0
7.62152e-05 0 0
7.83504e-05 0 0
8.05455e-05 0 0
8.28021e-05 0 0
8.51219e-05 0 0
8.75067e-05 0 0
8.99583e-05 0 0
9.24786e-05 0 0
9.50696e-05 0 0
9.7733e-05 0 0
0.000100471 0 0
0.000103286 0 0
0.00010618 0 0
0.000109154 0 0
0.000112213 0 0
0.000115356 0 0
0.000118588 0 0
0.000121911 0 0
0.000125326 0 0
0.000128837 0 0
0.000132447 0 0
0.000136157 0 0
0.000139972 0 0
0.000143894 0 0
0.000147925 0 0
0.000152069 0 0
0.00015633 0 0
0.000160709 0 0
0.000165212 0 0
0.000169841 0 0
0.000174599 0 0
0.00017949 0 0
0.000184519 0 0
0.000189689 0 0
0.000195003 0 0
0.000200466 0 0
0.000206083 0 0
0.000211856 0 0
0.000217792 0 0
0.000223893 0 0
0.000230166 0 0
0.000236615 0 0
0.000243244 0 0
0.000250058 0 0
0.000257064 0 0
0.000264266 0 0
0.00027167 0 0
0.000279281 0 0
0.000287105 0 0
0.000295149 0 0
0.000303418 0 0
0.000311919 0 0
0.000320658 0 0
0.000329641 0 0
0.000338876 0 0
0.000348371 0 0
0.000358131 0 0
0.000368164 0 0
0.000378479 0 0
0.000389082 0 0
0.000399983 0 0
0.000411189 0 0
0.000422709 0 0
0.000434552 0 0
0.000446726 0 0
0.000459242 0 0
0.000472108 0 0
0.000485335 0 0
0.000498932 0 0
0.00051291 0 0
0.00052728 0 0
0.000542053 0 0
0.000557239 0 0
0.000572851 0 0
0.0005889 0 0
0.000605399 0 0
0.00062236 0 0
0.000639796 0 0
0.000657721 0 0
0.000676147 0 0
0.000695091 0 0
0.000714565 0 0
0.000734584 0 0
0.000755164 0 0
0.000776321 0 0
0.000798071 0 0
0.00082043 0 0
0.000843415 0 0
0.000867045 0 0
0.000891336 0 0
0.000916308 0 0
0.000941979 0 0
0.00096837 0 0
0.0009955 0 0
0.00102339 0 0
0.00105206 0 0
0.00108154 0 0
0.00111184 0 0
0.00114299 0 0
0.00117501 0 0
0.00120793 0 0
0.00124177 0 0
0.00127656 0 0
0.00131233 0 0
0.00134909 0 0
0.00138689 0 0
0.00142574 0 0
0.00146569 0 0
0.00150675 0 0
0.00154896 0 0
0.00159236 0 0
0.00163697 0 0
0.00168283 0 0
0.00172998 0 0
0.00177845 0 0
0.00182827 0 0
0.0018795 0 0
0.00193215 0 0
0.00198628 0 0
0.00204193 0 0
0.00209914 0 0
0.00215795 0 0
0.00221841 0 0
0.00228056 0 0
0.00234445 0 0
0.00241014 0 0
0.00247766 0 0
0.00254707 0 0
0.00261843 0 0
0.00269179 0 0
0.00276721 0 0
0.00284473 0 0
0.00292443 0 0
0.00300636 0 0
0.00309059 0 0
0.00317718 0 0
0.00326619 0 0
0.0033577 0 0
0.00345177 0 0
0.00354847 0 0
0.00364789 0 0
0.00375009 0 0
0.00385515 0 0
0.00396316 0 0
0.00407419 0 0
0.00418834 0 0
0.00430568 0 0
0.00442631 0 0
0.00455031 0 0
0.0046778 0 0
0.00480885 0 0
0.00494358 0 0
0.00508208 0 0
0.00522446 0 0
0.00537083 0 0
0.0055213 0 0
0.00567599 0 0
0.00583501 0 0
0.00599848 0 0
0.00616654 0 0
0.0063393 0 0
0.00651691 0 0
0.00669949 0 0
0.00688718 0 0
0.00708013 0 0
0.00727849 0 0
0.00748241 0 0
0.00769204 0 0
0.00790754 0 0
0.00812908 0 0
0.00835683 0 0
0.00859096 0 0
0.00883164 0 0
0.00907907 0 0
0.00933343 0 0
0.00959492 0 0
0.00986374 0 0
0.0101401 0 0
0.0104242 0 0
0.0107162 0 0
0.0110164 0 0
0.0113251 0 0
0.0116424 0 0
0.0119685 0 0
0.0123039 0 0
0.0126486 0 0
0.0130029 0 0
0.0133672 0 0
0.0137417 0 0
0.0141267 0 0
0.0145225 0 0
0.0149294 0 0
0.0153476 0 0
0.0157776 0 0
0.0162196 0 0
0.0166741 0 0
0.0171412 0 0
0.0176214 0 0
0.0181151 0 0
0.0186226 0 0
0.0191444 0 0
0.0196807 0 0
0.0202321 0 0
0.020799 0 0
0.0213817 0 0
0.0219807 0 0
0.0225965 0 0
0.0232296 0 0
0.0238804 0 0
0.0245494 0 0
0.0252372 0 0
0.0259443 0 0
0.0266711 0 0
0.0274184 0 0
0.0281865 0 0
0.0289762 0 0
0.029788 0 0
0.0306226 0 0
0.0314805 0 0
0.0323625 0 0
0.0332691 0 0
0.0342012 0 0
0.0351594 0 0
0.0361444 0 0
0.0371571 0 0
0.0381981 0 0
0.0392682 0 0
0.0403684 0 0
0.0414994 0 0
0.042662 0 0
0.0438573 0 0
0.045086 0 0
0.0463491 0 0
0.0476476 0 0
0.0489826 0 0
0.0503549 0 0
0.0517656 0 0
0.0532159 0 0
0.0547068 0 0
0.0562395 0 0
0.0578151 0 0
0.0594349 0 0
0.0611 0 0
0.0628118 0 0
0.0645716 0 0
0.0663806 0 0
0.0682404 0 0
0.0701522 0 0
0.0721176 0 0
0.0741381 0 0
0.0762152 0 0
0.0783504 0 0
0.0805455 0 0
0.0828021 0 0
0.0851219 0 0
0.0875067 0 0
0.0899583 0 0
0.0924786 0 0
0.0950696 0 0
0.097733 0 0
0.100471 2.87949e+06 2934.55
0.103286 2.80029e+06 2893.28
0.10618 2.72521e+06 2855.65
0.109154 2.6558e+06 2819.17
0.112213 2.57983e+06 2778.38
0.115356 2.50669e+06 2738.16
0.118588 2.4417e+06 2701.91
0.121911 2.37476e+06 2664.76
0.125326 2.30983e+06 2629.65
0.128837 2.25173e+06 2595.42
0.132447 2.18056e+06 2553.39
0.136157 2.12343e+06 2520.63
0.139972 2.06606e+06 2485.77
0.143894 2.01152e+06 2452.78
0.147925 1.95764e+06 2420.56
0.152069 1.90403e+06 2386.34
0.15633 1.85254e+06 2354.18
0.160709 1.80218e+06 2322.31
0.165212 1.75136e+06 2289.56
0.169841 1.70486e+06 2259.01
0.174599 1.65667e+06 2225.83
0.17949 1.61292e+06 2196.8
0.184519 1.56911e+06 2166.79
0.189689 1.52469e+06 2136.03
0.195003 1.48592e+06 2108.11
0.200466 1.44462e+06 2078.12
0.206083 1.39942e+06 2044.72
0.211856 1.36547e+06 2020.85
0.217792 1.32796e+06 1993.12
0.223893 1.29095e+06 1965.86
0.230166 1.25951e+06 1941.35
0.236615 1.22418e+06 1912.5
0.243244 1.18942e+06 1886.91
0.250058 1.15988e+06 1862.91
0.257064 1.12186e+06 1831.82
0.264266 1.09049e+06 1804.93
0.27167 1.06277e+06 1782.8
0.279281 1.03495e+06 1758.94
0.287105 1.0056e+06 1734.52
0.295149 981768 1713.82
0.303418 951825 1686.61
0.311919 923702 1660.85
0.320658 900873 1641.2
0.329641 875053 1617.99
0.338876 856106 1600.19
0.348371 830151 1575.29
0.358131 806397 1552.36
0.368164 783473 1530.48
0.378479 765332 1513.49
0.389082 745822 1495.77
0.399983 721773 1470.56
0.411189 704287 1451.94
0.422709 684278 1430.19
0.434552 666433 1412.86
0.446726 645474 1388.67
0.459242 628034 1370.29
0.472108 612732 1352.54
0.485335 596876 1336.88
0.498932 578561 1315.24
0.51291 562033 1296.97
0.52728 549709 1283.19
0.542053 530672 1259.42
0.557239 520659 1248.13
0.572851 504597 1228.58
0.5889 491761 1213
0.605399 476465 1193.86
0.62236 464240 1178.45
0.639796 451566 1162.9
0.657721 438156 1144.1
0.676147 428524 1133.26
0.695091 416338 1116.7
0.714565 405096 1101.26
0.734584 392374 1085.06
0.755164 382143 1069.46
0.776321 373737 1058.38
0.798071 361032 1038.99
0.82043 354395 1029.4
0.843415 342714 1011.81
0.867045 332167 996.822
0.891336 323546 983.667
0.916308 314982 970.4
0.941979 306517 957.433
0.96837 298501 944.882
0.9955 292752 936.3
1.02339 283182 920.686
1.05206 275149 908.113
1.08154 267127 893.904
1.11184 259258 881.214
1.14299 253321 869.88
1.17501 246239 858.459
1.20793 239674 847.047
1.24177 234039 837.114
1.27656 227739 825.628
1.31233 220270 811.951
1.34909 212646 796.857
1.38689 207724 788.751
1.42574 203010 778.507
1.46569 197640 769.606
1.50675 192132 758.951
1.54896 186478 747.58
1.59236 180202 734.269
1.63697 175872 724.953
1.68283 172256 718.69
1.72998 166256 704.871
1.77845 161870 696.642
1.82827 158237 687.672
1.8795 153917 677.333
1.93215 149434 668.409
1.98628 145635 660.745
2.04193 140650 648.47
2.09914 138325 643.953
2.15795 134445 634.659
2.21841 129725 623.545
2.28056 127112 618.142
2.34445 123537 607.962
2.41014 120099 599.157
2.47766 116402 590.557
2.54707 113457 581.607
2.61843 109944 573.915
2.69179 106932 564.89
2.76721 104241 558.165
2.84473 101143 550.812
2.92443 99480.2 545.003
3.00636 96302.1 536.854
3.09059 93337 528.291
3.17718 91534 523.841
3.26619 87570.6 512.073
3.3577 85976.7 507.261
3.45177 83677.9 500.03
3.54847 82289.8 496.506
3.64789 79197.5 486.317
3.75009 77204.6 479.797
3.85515 74888.9 473.151
3.96316 73408.1 468.517
4.07419 71470.5 464.665
4.18834 69259.7 455.837
4.30568 67974.6 451.601
4.42631 64732.9 440.787
4.55031 62719.3 434.052
4.6778 62666.6 433.207
4.80885 58960.6 419.029
4.94358 58531.3 419.217
5.08208 56387.2 410.226
5.22446 55034.3 405.267
5.37083 53786 401.054
5.5213 51941 393.75
5.67599 50378.5 387.827
5.83501 49299.4 383.667
5.99848 47834.1 377.646
6.16654 47060.2 374.704
6.3393 45774.5 371.584
6.51691 44020.4 361.755
6.69949 43133.1 360.354
6.88718 42078.3 355.252
7.08013 41007.1 350.039
7.27849 39256.3 342.529
7.48241 38814.2 340.174
7.69204 37694 335.548
7.90754 36491.3 330.79
8.12908 36050.7 328.797
8.35683 35045.5 323.662
8.59096 33472.1 316
8.83164 33057.1 314.533
9.07907 31512.1 306.658
9.33343 30473.2 301.361
9.59492 30415.6 302.44
9.86374 29015.8 294.198
10.1401 28733.4 293.085
10.4242 28088.8 290.121
10.7162 26636.4 282.424
11.0164 26280.3 280.561
11.3251 25285.2 274.362
11.6424 24632 272.024
11.9685 23965.4 268.383
12.3039 23251.6 262.06
12.6486 22901.8 262.15
13.0029 22586.7 260.559
13.3672 21465.5 253.976
13.7417 21231.6 251.715
14.1267 20466.7 246.778
14.5225 19649.9 242.371
14.9294 19257.8 239.632
15.3476 18711.5 237.047
15.7776 19113.9 240.066
16.2196 17990.1 231.702
16.6741 17524.9 228.382
17.1412 16741.9 224.018
17.6214 16235.1 220.339
18.1151 15562.4 215.255
18.6226 15682 216.632
19.1444 15185.3 213.093
19.6807 15122.1 213.783
20.2321 14196.7 206.063
20.799 13680.1 201.81
21.3817 13512.4 201.688
21.9807 12941.5 196.615
22.5965 13032.9 197.004
23.2296 12336.4 191.946
23.8804 12498.5 194.44
24.5494 11786.3 187.243
25.2372 11373.9 184.568
25.9443 11034.3 182.124
26.6711 11232.3 184.265
27.4184 10329.8 176.228
28.1865 10082.5 173.396
28.9762 9713.25 169.646
29.788 9490.09 168.152
30.6226 9222.87 166.315
31.4805 9359.25 167.672
32.3625 9049.02 165.031
33.2691 8676.44 161.41
34.2012 8312.7 155.866
35.1594 8150.62 156.177
36.1444 8118.05 156.501
37.1571 7679.39 151.239
38.1981 7268.68 147.907
39.2682 7465.82 150.128
40.3684 7189.33 147.96
41.4994 6940.87 143.444
42.662 6826.55 143.969
43.8573 6725.18 141.329
45.086 6512.42 140.016
46.3491 6249.13 137.391
47.6476 5998.16 133.835
48.9826 5775.58 130.326
50.3549 5569.26 129.074
51.7656 5758.67 131.988
53.2159 5562.03 129.839
54.7068 5202.22 124.398
56.2395 5214.34 124.742
57.8151 5017.41 122.504
59.4349 4923.59 122.121
61.1 4811.57 120.309
62.8118 4572.77 116.244
64.5716 4614.39 117.205
66.3806 4363.27 114.55
68.2404 4276.82 113.43
70.1522 4160.69 110.942
72.1176 3941.38 108.083
74.1381 3819.44 107.289
76.2152 3681.04 105.756
78.3504 3630.31 104.307
80.5455 3681.61 106.034
82.8021 3534.65 103.607
85.1219 3439.13 100.788
87.5067 3019.82 93.7077
89.9583 3265.44 98.0585
92.4786 3132.19 97.7633
95.0696 2939.62 93.9685
97.733 3042.25 95.0616
100.471 2861.65 92.2286
103.286 2754.47 90.4743
106.18 2607.46 88.1833
109.154 2583.74 87.282
112.213 2522.67 86.1456
115.356 2396.65 84.8659
118.588 2371.36 83.7852
121.911 2450.81 86.6205
125.326 2341.4 82.7159
128.837 2287.73 82.8718
132.447 2134.17 78.8592
136.157 2127.13 80.2689
139.972 2021.07 77.9246
143.894 2121.48 79.6551
147.925 1971.7 76.4966
152.069 1793.91 71.7526
156.33 1879.1 74.5859
160.709 1881.38 74.2964
165.212 1771.52 72.0753
169.841 1661.01 69.428
174.599 1755.52 72.8076
179.49 1529.66 66.9252
184.519 1566.27 68.956
189.689 1550.27 67.9967
195.003 1521.66 68.0334
200.466 1409.74 65.1083
206.083 1315 62.3233
211.856 1379.4 64.4729
217.792 1351.53 64.637
223.893 1389.23 65.4792
230.166 1212.52 59.5442
236.615 1209.98 59.6146
243.244 1167.01 59.4421
250.058 1201.4 59.4581
257.064 964.238 53.1896
264.266 1107.08 57.1751
271.67 1014.1 54.6566
279.281 1019.67 55.3753
287.105 1036.09 55.7072
295.149 1065.9 56.7254
303.418 854.571 50.3763
311.919 936.274 51.9254
320.658 824.896 48.8915
329.641 768.66 47.5361
338.876 906.164 52.2314
348.371 889.975 51.5706
358.131 727.571 45.6456
368.164 793.505 50.0066
378.479 693.608 45.3978
389.082 762.584 47.5119
399.983 751.546 47.3123
411.189 743.281 47.1787
422.709 690.52 44.6594
434.552 650.564 44.0172
446.726 717.191 46.4643
459.242 596.245 41.6128
472.108 665.048 45.3702
485.335 602.496 42.0858
498.932 603.351 42.1515
512.91 564.941 41.3665
527.28 531.932 40.434
542.053 494.863 38.6978
557.239 572.152 41.5649
572.851 401.196 34.1652
588.9 492.454 38.6687
605.399 477.747 38.1829
622.36 472.694 38.733
639.796 436.948 36.0052
657.721 391.725 33.8523
676.147 431.698 36.3242
695.091 388.292 33.4661
714.565 363.211 32.2867
734.584 358.094 33.318
755.164 356.536 31.4311
776.321 436.534 37.0159
798.071 381.405 33.2488
820.43 339.288 32.2351
843.415 293.974 29.425
867.045 379.035 33.1601
891.336 303.552 30.4485
916.308 295.631 29.7565
941.979 325.725 30.8637
968.37 275.788 28.8336
995.5 268.873 28.9833
1023.39 315.756 31.2728
1052.06 241.616 27.3513
1081.54 223.087 25.274
1111.84 195.635 23.4673
1142.99 233.736 26.0566
1175.01 224.279 25.8265
1207.93 217.11 25.1904
1241.77 227.3 26.5824
1276.56 255.354 27.6829
1312.33 243.892 26.1249
1349.09 225.525 25.8464
1386.89 189.231 23.1348
1425.74 171.458 21.8812
1465.69 177.47 22.9818
1506.75 185.994 23.3486
1548.96 170.783 22.7887
1592.36 175.554 23.5647
1636.97 232.821 26.4105
1682.83 140.862 20.5637
1729.98 191.018 24.2577
1778.45 161.337 20.9187
1828.27 120.666 19.0195
1879.5 123.807 19.2785
1932.15 146.615 20.4347
1986.28 149.041 20.0479
2041.93 151.84 21.1168
2099.14 133.493 20.2926
2157.95 96.0894 16.3145
2218.41 122.432 18.9576
2280.56 121.787 18.8038
2344.45 159.837 22.4262
2410.14 124.195 19.4495
2477.66 109.544 17.7281
2547.07 141.809 21.7408
2618.43 112.549 18.1568
2691.79 64.9856 12.8999
2767.21 96.6324 16.2363
2844.73 102.611 16.2029
2924.43 72.3052 13.6885
3006.36 103.29 17.0728
3090.59 112.735 18.7412
3177.18 111.213 18.3748
3266.19 82.2588 16.0619
3357.7 90.7011 17.7408
3451.77 97.107 17.0387
3548.47 110.035 17.4564
3647.89 121.406 20.1276
3750.09 76.0222 14.4934
3855.15 72.9011 14.5527
3963.16 64.451 14.5766
4074.19 59.8102 12.9149
4188.34 89.7655 17.9143
4305.68 71.0086 14.7475
4426.31 71.0333 14.9753
4550.31 51.7474 12.7596
4677.8 54.8415 13.0083
4808.85 54.2369 13.908
4943.58 33.6085 8.43431
5082.08 49.0291 11.4196
5224.46 38.9369 9.98697
5370.83 44.9325 11.9687
5521.3 53.8735 12.705
5675.99 33.6456 8.90193
5835.01 35.3428 8.70919
5998.48 33.5756 9.05476
6166.54 46.8281 12.737
6339.3 59.5022 13.1992
6516.91 46.115 11.5452
6699.49 52.2891 13.3287
6887.18 31.235 9.91619
7080.13 61.5675 13.4969
7278.49 45.1223 11.314
7482.41 37.1259 10.9643
7692.04 47.8875 12.7821
7907.54 58.9048 14.008
8129.08 25.3092 9.26125
8356.83 36.231 10.1373
8590.96 38.5134 12.3522
8831.64 27.1511 8.58767
9079.07 22.0347 7.98299
9333.43 32.6664 9.2981
9594.92 44.1198 11.3725
9863.74 28.4795 8.56381
10140.1 28.5354 8.65062
10424.2 32.2411 9.29238
10716.2 13.6269 6.35846
11016.4 22.0728 8.05039
11325.1 24.0741 8.22175
11642.4 16.8913 7.08277
11968.5 29.1403 9.60658
12303.9 18.9333 8.4637
12648.6 13.3151 6.07056
13002.9 24.6344 8.29804
13367.2 27.9097 9.03384
13741.7 18.0707 6.8082
14126.7 34.3379 9.22453
14522.5 19.0506 8.0022
14929.4 11.7559 6.20605
15347.6 19.0941 7.4539
15777.6 20.9506 7.98671
16219.6 26.4137 8.99959
16674.1 37.448 10.5324
17141.2 11.7865 5.09153
17621.4 15.2234 6.72899
18115.1 4.69 2.93742
18622.6 16.7854 6.11368
19144.4 2.38414 1.50361
19680.7 13.7123 7.52828
20232.1 12.2723 5.90054
20799 9.69392 5.52478
21381.7 20.4701 8.4716
21980.7 0.195355 0.195355
22596.5 8.62434 4.67536
23229.6 7.01678 5.04189
23880.4 1.53787 1.16657
24549.4 5.80517 4.32714
25237.2 7.46515 4.24067
25944.3 11.0818 5.35462
26671.1 14.1609 5.72736
27418.4 9.16037 5.4697
28186.5 6.21769 3.75271
28976.2 18.6556 7.80344
29788 22.0416 8.4924
30622.6 14.6998 6.7771
31480.5 18.1034 7.08399
32362.5 8.74037 4.22632
33269.1 2.72596 2.54123
34201.2 13.0869 6.14306
35159.4 8.18482 4.90448
36144.4 10.1427 4.94906
37157.1 3.71445 2.36752
38198.1 13.516 7.07415
39268.2 11.2676 5.77446
40368.4 6.30282 3.17145
41499.4 0 0
42662 0.734345 0.734345
43857.3 4.13865 3.18875
45086 6.18565 3.73077
46349.1 8.17617 5.08515
47647.6 3.21247 2.34329
48982.6 8.51546 5.69737
50354.9 1.23966 1.07881
51765.6 0.0944692 0.0944692
53215.9 6.87563 3.8114
54706.8 12.4598 6.24678
56239.5 2.33157 2.33157
57815.1 4.37515 2.73751
59434.9 2.90552 2.90552
61100 4.24565 3.40604
62811.8 7.9043 5.30593
64571.6 3.88024 2.89511
66380.6 4.50119 4.1639
68240.4 3.87948 3.43254
70152.2 9.89516 5.21217
72117.6 5.48412 3.91942
74138.1 6.04221 3.61621
76215.2 0 0
78350.4 0 0
80545.5 3.82603 3.82603
82802.1 0 0
85121.9 8.60268 5.48125
87506.7 1.23444 1.23444
89958.3 1.80557 1.80557
92478.6 4.74157 3.78947
95069.6 2.54437 1.8003
97733 1.27452 1.27452
100471 2.3958 2.3958
103286 0 0
106180 0 0
109154 0 0
112213 0.431482 0.431482
115356 0 0
118588 3.39503 3.39503
121911 0 0
125326 1.9224 1.9224
128837 3.44028 3.44028
132447 0 0
136157 0 0
139972 1.98091 1.98091
143894 1.90022 1.90022
147925 0 0
152069 0.290568 0.290568
156330 0 0
160709 2.29464 2.29464
165212 3.53176 3.53176
169841 0 0
174599 0 0
179490 0.321955 0.240272
184519 0 0
189689 0 0
195003 1.59737 1.59737
200466 0 0
206083 0 0
211856 1.25841 1.25841
217792 0.802273 0.802273
223893 0 0
230166 0 0
236615 0 0
243244 0 0
250058 0 0
257064 0 0
264266 0 0
271670 0 0
279281 0 0
287105 1.54663 1.54663
295149 0 0
303418 0 0
311919 0 0
320658 0 0
329641 2.94126 2.94126
338876 0 0
348371 0.826163 0.826163
358131 0 0
368164 0 0
378479 0 0
389082 0 0
399983 0 0
411189 0 0
422709 0 0
434552 0 0
446726 0 0
459242 0 0
472108 0 0
485335 0 0
498932 0 0
512910 0 0
527280 0 0
542053 0 0
557239 3.27097 3.27097
572851 0 0
588900 0 0
605399 3.11319 3.11319
622360 0 0
639796 0 0
657721 0 0
676147 0 0
695091 0 0
714565 0 0
734584 0 0
755164 0 0
776321 0 0
798071 0 0
820430 0 0
843415 0 0
867045 0 0
891336 0 0
916308 0 0
941979 0 0
968370 0 0
995500 0 0
1.02339e+06 0 0
1.05206e+06 0 0
1.08154e+06 0 0
1.11184e+06 0 0
1.14299e+06 0 0
1.17501e+06 0 0
1.20793e+06 0 0
1.24177e+06 0 0
1.27656e+06 1.09462 1.09462
1.31233e+06 0 0
1.34909e+06 0 0
1.38689e+06 0 0
1.42574e+06 0 0
1.46569e+06 0 0
1.50675e+06 0 0
1.54896e+06 0 0
1.59236e+06 0 0
1.63697e+06 0 0
1.68283e+06 0 0
1.72998e+06 0 0
1.77845e+06 0 0
1.82827e+06 0 0
1.8795e+06 0 0
1.93215e+06 0 0
1.98628e+06 0 0
2.04193e+06 0 0
2.09914e+06 0 0
2.15795e+06 0 0
2.21841e+06 0 0
2.28056e+06 0 0
2.34445e+06 0 0
2.41014e+06 0 0
2.47766e+06 0 0
2.54707e+06 2.40546 2.40546
2.61843e+06 0 0
2.69179e+06 0 0
2.76721e+06 1.16255 1.16255
2.84473e+06 0 0
2.92443e+06 0 0
3.00636e+06 0 0
3.09059e+06 0 0
3.17718e+06 0 0
3.26619e+06 0 0
3.3577e+06 0 0
3.45177e+06 0 0
3.54847e+06 0 0
3.64789e+06 0 0
3.75009e+06 0 0
3.85515e+06 0 0
3.96316e+06 0 0
4.07419e+06 0 0
4.18834e+06 0 0
4.30568e+06 0 0
4.42631e+06 0 0
4.55031e+06 0 0
4.6778e+06 0 0
4.80885e+06 0 0
4.94358e+06 0 0
5.08208e+06 0 0
5.22446e+06 0 0
5.37083e+06 0 0
5.5213e+06 0 0
5.67599e+06 2.70435 2.70435
5.83501e+06 0 0
5.99848e+06 0 0
6.16654e+06 0 0
6.3393e+06 0 0
6.51691e+06 0 0
6.69949e+06 0 0
6.88718e+06 0 0
7.08013e+06 0 0
7.27849e+06 0 0
7.48241e+06 0 0
7.69204e+06 0 0
7.90754e+06 0 0
8.12908e+06 0 0
8.35683e+06 1.77376 1.77376
8.59096e+06 0 0
8.83164e+06 0 0
9.07907e+06 0 0
9.33343e+06 0 0
9.59492e+06 0 0
9.86374e+06 0 0
