1.01401e-05 0 0
1.04242e-05 0 0
1.07162e-05 0 0
1.10164e-05 0 0
1.13251e-05 0 0
1.16424e-05 0 0
1.19685e-05 0 0
1.23039e-05 0 0
1.26486e-05 0 0
1.30029e-05 0 0
1.33672e-05 0 0
1.37417e-05 0 0
1.41267e-05 0 0
1.45225e-05 0 0
1.49294e-05 0 0
1.53476e-05 0 0
1.57776e-05 0 0
1.62196e-05 0 0
1.66741e-05 0 0
1.71412e-05 0 0
1.76214e-05 0 0
1.81151e-05 0 0
1.86226e-05 0 0
1.91444e-05 0 0
1.96807e-05 0 0
2.02321e-05 0 0
2.0799e-05 0 0
2.13817e-05 0 0
2.19807e-05 0 0
2.25965e-05 0 0
2.32296e-05 0 0
2.38804e-05 0 0
2.45494e-05 0 0
2.52372e-05 0 0
2.59443e-05 0 0
2.66711e-05 0 0
2.74184e-05 0 0
2.81865e-05 0 0
2.89762e-05 0 0
2.9788e-05 0 0
3.06226e-05 0 0
3.14805e-05 0 0
3.23625e-05 0 0
3.32691e-05 0 0
3.42012e-05 0 0
3.51594e-05 0 0
3.61444e-05 0 0
3.71571e-05 0 0
3.81981e-05 0 0
3.92682e-05 0 0
4.03684e-05 0 0
4.14994e-05 0 0
4.2662e-05 0 0
4.38573e-05 0 0
4.5086e-05 0 0
4.63491e-05 0 0
4.76476e-05 0 0
4.89826e-05 0 0
5.03549e-05 0 0
5.17656e-05 0 0
5.32159e-05 0 0
5.47068e-05 0 0
5.62395e-05 0 0
5.78151e-05 0 0
5.94349e-05 0 0
6.11e-05 0 0
6.28118e-05 0 0
6.45716e-05 0 0
6.63806e-05 0 0
6.82404e-05 0 0
7.01522e-05 0 0
7.21176e-05 0 0
7.41381e-05 0 0
7.62152e-05 0 0
7.83504e-05 0 0
8.05455e-05 0 0
8.28021e-05 0 0
8.51219e-05 0 0
8.75067e-05 0 0
8.99583e-05 0 0
9.24786e-05 0 0
9.50696e-05 0 0
9.7733e-05 0 0
0.000100471 0 0
0.000103286 0 0
0.00010618 0 0
0.000109154 0 0
0.000112213 0 0
0.000115356 0 0
0.000118588 0 0
0.000121911 0 0
0.000125326 0 0
0.000128837 0 0
0.000132447 0 0
0.000136157 0 0
0.000139972 0 0
0.000143894 0 0
0.000147925 0 0
0.000152069 0 0
0.00015633 0 0
0.000160709 0 0
0.000165212 0 0
0.000169841 0 0
0.000174599 0 0
0.00017949 0 0
0.000184519 0 0
0.000189689 0 0
0.000195003 0 0
0.000200466 0 0
0.000206083 0 0
0.000211856 0 0
0.000217792 0 0
0.000223893 0 0
0.000230166 0 0
0.000236615 0 0
0.000243244 0 0
0.000250058 0 0
0.000257064 0 0
0.000264266 0 0
0.00027167 0 0
0.000279281 0 0
0.000287105 0 0
0.000295149 0 0
0.000303418 0 0
0.000311919 0 0
0.000320658 0 0
0.000329641 0 0
0.000338876 0 0
0.000348371 0 0
0.000358131 0 0
0.000368164 0 0
0.000378479 0 0
0.000389082 0 0
0.000399983 0 0
0.000411189 0 0
0.000422709 0 0
0.000434552 0 0
0.000446726 0 0
0.000459242 0 0
0.000472108 0 0
0.000485335 0 0
0.000498932 0 0
0.00051291 0 0
0.00052728 0 0
0.000542053 0 0
0.000557239 0 0
0.000572851 0 0
0.0005889 0 0
0.000605399 0 0
0.00062236 0 0
0.000639796 0 0
0.000657721 0 0
0.000676147 0 0
0.000695091 0 0
0.000714565 0 0
0.000734584 0 0
0.000755164 0 0
0.000776321 0 0
0.000798071 0 0
0.00082043 0 0
0.000843415 0 0
0.000867045 0 0
0.000891336 0 0
0.000916308 0 0
0.000941979 0 0
0.00096837 0 0
0.0009955 0 0
0.00102339 0 0
0.00105206 0 0
0.00108154 0 0
0.00111184 0 0
0.00114299 0 0
0.00117501 0 0
0.00120793 0 0
0.00124177 0 0
0.00127656 0 0
0.00131233 0 0
0.00134909 0 0
0.00138689 0 0
0.00142574 0 0
0.00146569 0 0
0.00150675 0 0
0.00154896 0 0
0.00159236 0 0
0.00163697 0 0
0.00168283 0 0
0.00172998 0 0
0.00177845 0 0
0.00182827 0 0
0.0018795 0 0
0.00193215 0 0
0.00198628 0 0
0.00204193 0 0
0.00209914 0 0
0.00215795 0 0
0.00221841 0 0
0.00228056 0 0
0.00234445 0 0
0.00241014 0 0
0.00247766 0 0
0.00254707 0 0
0.00261843 0 0
0.00269179 0 0
0.00276721 0 0
0.00284473 0 0
0.00292443 0 0
0.00300636 0 0
0.00309059 0 0
0.00317718 0 0
0.00326619 0 0
0.0033577 0 0
0.00345177 0 0
0.00354847 0 0
0.00364789 0 0
0.00375009 0 0
0.00385515 0 0
0.00396316 0 0
0.00407419 0 0
0.00418834 0 0
0.00430568 0 0
0.00442631 0 0
0.00455031 0 0
0.0046778 0 0
0.00480885 0 0
0.00494358 0 0
0.00508208 0 0
0.00522446 0 0
0.00537083 0 0
0.0055213 0 0
0.00567599 0 0
0.00583501 0 0
0.00599848 0 0
0.00616654 0 0
0.0063393 0 0
0.00651691 0 0
0.00669949 0 0
0.00688718 0 0
0.00708013 0 0
0.00727849 0 0
0.00748241 0 0
0.00769204 0 0
0.00790754 0 0
0.00812908 0 0
0.00835683 0 0
0.00859096 0 0
0.00883164 0 0
0.00907907 0 0
0.00933343 0 0
0.00959492 0 0
0.00986374 0 0
0.0101401 0 0
0.0104242 0 0
0.0107162 0 0
0.0110164 0 0
0.0113251 0 0
0.0116424 0 0
0.0119685 0 0
0.0123039 0 0
0.0126486 0 0
0.0130029 0 0
0.0133672 0 0
0.0137417 0 0
0.0141267 0 0
0.0145225 0 0
0.0149294 0 0
0.0153476 0 0
0.0157776 0 0
0.0162196 0 0
0.0166741 0 0
0.0171412 0 0
0.0176214 0 0
0.0181151 0 0
0.0186226 0 0
0.0191444 0 0
0.0196807 0 0
0.0202321 0 0
0.020799 0 0
0.0213817 0 0
0.0219807 0 0
0.0225965 0 0
0.0232296 0 0
0.0238804 0 0
0.0245494 0 0
0.0252372 0 0
0.0259443 0 0
0.0266711 0 0
0.0274184 0 0
0.0281865 0 0
0.0289762 0 0
0.029788 0 0
0.0306226 0 0
0.0314805 0 0
0.0323625 0 0
0.0332691 0 0
0.0342012 0 0
0.0351594 0 0
0.0361444 0 0
0.0371571 0 0
0.0381981 0 0
0.0392682 0 0
0.0403684 0 0
0.0414994 0 0
0.042662 0 0
0.0438573 0 0
0.045086 0 0
0.0463491 0 0
0.0476476 0 0
0.0489826 0 0
0.0503549 0 0
0.0517656 0 0
0.0532159 0 0
0.0547068 0 0
0.0562395 0 0
0.0578151 0 0
0.0594349 0 0
0.0611 0 0
0.0628118 0 0
0.0645716 0 0
0.0663806 0 0
0.0682404 0 0
0.0701522 0 0
0.0721176 0 0
0.0741381 0 0
0.0762152 0 0
0.0783504 0 0
0.0805455 0 0
0.0828021 0 0
0.0851219 0 0
0.0875067 0 0
0.0899583 0 0
0.0924786 0 0
0.0950696 0 0
0.097733 0 0
0.100471 2.85841e+06 2947.75
0.103286 2.78321e+06 2908.54
0.10618 2.71044e+06 2871.67
0.109154 2.63759e+06 2833.56
0.112213 2.56509e+06 2795.08
0.115356 2.49937e+06 2758.98
0.118588 2.44096e+06 2727.62
0.121911 2.36295e+06 2683.43
0.125326 2.30561e+06 2650.97
0.128837 2.24131e+06 2614.76
0.132447 2.18133e+06 2581.12
0.136157 2.12383e+06 2546.24
0.139972 2.06794e+06 2513.7
0.143894 2.01081e+06 2478.19
0.147925 1.95418e+06 2443.62
0.152069 1.90698e+06 2413.56
0.15633 1.86265e+06 2387.79
0.160709 1.80647e+06 2351.23
0.165212 1.75895e+06 2321.87
0.169841 1.71202e+06 2289.77
0.174599 1.66304e+06 2257.32
0.17949 1.61842e+06 2225.58
0.184519 1.57925e+06 2200.97
0.189689 1.53693e+06 2169.75
0.195003 1.49467e+06 2140.44
0.200466 1.44983e+06 2108.45
0.206083 1.41587e+06 2084.46
0.211856 1.37875e+06 2057.32
0.217792 1.34013e+06 2028.44
0.223893 1.30355e+06 2001.47
0.230166 1.27036e+06 1975.53
0.236615 1.23743e+06 1949.75
0.243244 1.20242e+06 1922.9
0.250058 1.17287e+06 1899.37
0.257064 1.14127e+06 1873.4
0.264266 1.11007e+06 1848.19
0.27167 1.07711e+06 1819.68
0.279281 1.04959e+06 1797.28
0.287105 1.02317e+06 1775.53
0.295149 997707 1754.26
0.303418 966252 1723.12
0.311919 940622 1702.29
0.320658 915192 1679.52
0.329641 893908 1660.76
0.338876 868493 1637.54
0.348371 843791 1613.08
0.358131 822867 1593.79
0.368164 800767 1571.96
0.378479 776899 1549.23
0.389082 758231 1531.19
0.399983 739204 1511.95
0.411189 719040 1490.19
0.422709 696225 1467.83
0.434552 682421 1452.75
0.446726 662759 1430.68
0.459242 644135 1412.33
0.472108 623740 1389.47
0.485335 609723 1374.76
0.498932 591317 1352.31
0.51291 578953 1339.23
0.52728 561168 1318.06
0.542053 543998 1298.08
0.557239 531695 1283.93
0.572851 517579 1266.74
0.5889 503522 1248.12
0.605399 490177 1232.9
0.62236 474318 1212.62
0.639796 463892 1199.28
0.657721 451160 1182.42
0.676147 437437 1164.44
0.695091 426075 1150.46
0.714565 414302 1132.32
0.734584 404128 1119.62
0.755164 394785 1107.28
0.776321 382809 1090.27
0.798071 373519 1076.73
0.82043 361766 1059.22
0.843415 352156 1045.51
0.867045 341938 1030.41
0.891336 334584 1019.54
0.916308 324932 1003.77
0.941979 315590 989.192
0.96837 307145 976.396
0.9955 299025 964.69
1.02339 291572 953.477
1.05206 284010 940.206
1.08154 275000 925.134
1.11184 270251 917.522
1.14299 260970 901.446
1.17501 253526 888.535
1.20793 247655 877.214
1.24177 240377 864.791
1.27656 234528 854.951
1.31233 227187 841.039
1.34909 221033 829.733
1.38689 215463 818.053
1.42574 210439 809.201
1.46569 203737 795.963
1.50675 198468 786.438
1.54896 192644 774.276
1.59236 187070 763.209
1.63697 182342 752.791
1.68283 177808 744.528
1.72998 174206 737.627
1.77845 168070 724.134
1.82827 163908 714.3
1.8795 157477 699.841
1.93215 155686 696.918
1.98628 150665 684.054
2.04193 146939 676.95
2.09914 142758 667.93
2.15795 137208 653.801
2.21841 135395 650.371
2.28056 129783 636.414
2.34445 127882 631.986
2.41014 124886 624.531
2.47766 121198 616.212
2.54707 118156 607.091
2.61843 115111 598.041
2.69179 110587 587.4
2.76721 109069 583.622
2.84473 104566 570.232
2.92443 102315 564.972
3.00636 100455 560.665
3.09059 96293.4 548.251
3.17718 94424.8 542.203
3.26619 91922.9 535.554
3.3577 89725.9 529.813
3.45177 87129.9 521
3.54847 84531.5 514.18
3.64789 82740.6 509.05
3.75009 80454.9 501.213
3.85515 78109.6 494.138
3.96316 75613.6 486.728
4.07419 73064.9 478.202
4.18834 71138.9 470.322
4.30568 70093.1 468.255
4.42631 67723.2 459.601
4.55031 65596.2 453.034
4.6778 64497.8 449.618
4.80885 62293.9 441.702
4.94358 60528.3 433.579
5.08208 59520.8 430.641
5.22446 57971.1 425.843
5.37083 55405.2 415.27
5.5213 54822.8 413.463
5.67599 53190.4 408.589
5.83501 50789.9 398.024
5.99848 49939.2 395.649
6.16654 48774.1 390.874
6.3393 46824.7 382.175
6.51691 46063.4 378.915
6.69949 44528.4 372.75
6.88718 43676.5 368.526
7.08013 42475.5 364.63
7.27849 40951.8 357.583
7.48241 40458.5 357.128
7.69204 39611.1 353.369
7.90754 39102.3 351.519
8.12908 37538.9 342.635
8.35683 36876.8 339.693
8.59096 35185.5 332.678
8.83164 33964.1 326.958
9.07907 33480.6 324.258
9.33343 32118.1 318.101
9.59492 31307.7 313.334
9.86374 30650 310.077
10.1401 29217.3 302.836
10.4242 29152.1 302.066
10.7162 27839.5 294.793
11.0164 27395.7 293.462
11.3251 26418 287.053
11.6424 25960.5 285.451
11.9685 25599.1 284.65
12.3039 24542.3 277.364
12.6486 23941.2 275.098
13.0029 23060.8 268.906
13.3672 22886.7 268.575
13.7417 21925.3 262.577
14.1267 21172.9 257.8
14.5225 20716.9 253.526
14.9294 20304.9 251.747
15.3476 19368.2 245.826
15.7776 19232 245.68
16.2196 18656.9 243.173
16.6741 18238.7 238.324
17.1412 17381.9 233.803
17.6214 17099.8 231.358
18.1151 16185.3 224.887
18.6226 16009.8 223.433
19.1444 15414.7 217.979
19.6807 15381.9 219.214
20.2321 15023.8 216.554
20.799 14440.2 213.118
21.3817 13955.9 208.123
21.9807 13606 207.07
22.5965 13309.9 203.871
23.2296 13195.9 203.356
23.8804 12514 198.088
24.5494 12356.4 197.816
25.2372 11947.3 193.173
25.9443 11657.7 190.742
26.6711 11449.7 190.605
27.4184 10964.3 184.104
28.1865 10837 184.122
28.9762 10358.6 180.5
29.788 9897.62 176.33
30.6226 9951.23 176.997
31.4805 9556.95 173.049
32.3625 8870.96 165.595
33.2691 9071.86 168.232
34.2012 8765.73 166.323
35.1594 8720.94 165.346
36.1444 8278.1 160.539
37.1571 8526.42 163.548
38.1981 7838.88 156.795
39.2682 7788.66 156.322
40.3684 7365.47 151.912
41.4994 7116.97 148.798
42.662 7206.34 150.419
43.8573 6926.85 148.063
45.086 6499.81 142.473
46.3491 6277.19 140.386
47.6476 6385.06 142.059
48.9826 6236.12 139.711
50.3549 5768.1 133.45
51.7656 5825.93 134.614
53.2159 5456.97 129.831
54.7068 5586.21 132.77
56.2395 5526.44 131.952
57.8151 5327.81 129.618
59.4349 4921.72 124.357
61.1 4921.25 124.691
62.8118 4762.03 122.274
64.5716 4531.38 119.374
66.3806 4576.2 119.028
68.2404 4428.12 118.283
70.1522 4263.38 115.857
72.1176 4173.32 113.651
74.1381 4386.87 117.069
76.2152 4008.67 112.987
78.3504 3832.59 109.238
80.5455 3675.3 107.434
82.8021 3483.37 104.385
85.1219 3553.58 105.479
87.5067 3406.13 103.606
89.9583 3265.49 100.805
92.4786 3292.06 101.664
95.0696 3156.79 98.6642
97.733 3103.48 97.7852
100.471 3060.64 98.7021
103.286 2967.34 96.882
106.18 2704.14 91.1996
109.154 2596.58 89.6846
112.213 2813.42 94.0771
115.356 2604.76 90.7082
118.588 2563.08 89.843
121.911 2650.28 91.983
125.326 2488.8 88.8556
128.837 2408.39 86.3981
132.447 2256.47 83.9459
136.157 2305.27 84.2092
139.972 2165.59 82.5233
143.894 2007.02 78.7249
147.925 2081.88 80.4724
152.069 2063.69 81.0777
156.33 1772.77 73.5743
160.709 1823.94 75.8511
165.212 1966.63 78.7359
169.841 1726.56 73.5238
174.599 1584.18 70.1226
179.49 1557.04 68.6012
184.519 1561.18 70.1633
189.689 1432.42 67.013
195.003 1535.3 70.1279
200.466 1574.66 70.5989
206.083 1386.17 66.6881
211.856 1385.05 65.6196
217.792 1498.49 68.9322
223.893 1367.01 64.9631
230.166 1327.69 65.1256
236.615 1348.06 64.7593
243.244 1217.6 61.7563
250.058 1243.63 62.9049
257.064 1178.65 60.6414
264.266 1208.22 61.501
271.67 1010.92 56.3674
279.281 1040.89 56.0385
287.105 971.249 55.1174
295.149 1135.33 60.5002
303.418 1002.32 56.4722
311.919 900.668 51.7783
320.658 926.107 55.4292
329.641 864.727 51.3831
338.876 836.879 51.0431
348.371 859.547 51.406
358.131 842.928 51.5025
368.164 780.799 49.4107
378.479 731.515 45.9565
389.082 763.272 49.6347
399.983 741.033 48.1768
411.189 698.848 46.7749
422.709 667.606 44.9934
434.552 676.927 45.7222
446.726 649.42 44.5127
459.242 774.689 49.9265
472.108 678.668 46.14
485.335 626.068 44.3199
498.932 622.193 44.3256
512.91 616.91 44.3544
527.28 546.573 41.5608
542.053 562.694 42.4206
557.239 498.406 39.3665
572.851 586.248 42.86
588.9 519.746 39.404
605.399 499.25 39.2788
622.36 582.511 43.8487
639.796 492.87 40.1511
657.721 428.508 36.697
676.147 440.379 37.1006
695.091 416.472 35.6024
714.565 421.123 36.2817
734.584 358.376 33.0536
755.164 358.637 33.8921
776.321 345.077 31.8612
798.071 356.575 32.989
820.43 382.159 34.2972
843.415 404.564 35.89
867.045 373.293 35.0922
891.336 266.802 28.8826
916.308 346.791 33.3533
941.979 294.126 29.7932
968.37 321.228 31.4662
995.5 339.849 33.5589
1023.39 231.611 26.7418
1052.06 304.124 31.8577
1081.54 332.129 32.6531
1111.84 255.609 28.1969
1142.99 241.165 27.2924
1175.01 189.509 24.4113
1207.93 224.679 25.2623
1241.77 217.046 26.9359
1276.56 208.645 24.1551
1312.33 248.264 27.8191
1349.09 195.128 24.1251
1386.89 237.968 27.9203
1425.74 294.357 31.5123
1465.69 230.242 27.7207
1506.75 194.452 24.5889
1548.96 159.646 22.0741
1592.36 181.943 23.0007
1636.97 205.14 25.9629
1682.83 218.772 26.5961
1729.98 175.415 22.9507
1778.45 202.368 25.8162
1828.27 127.234 18.9463
1879.5 165.988 23.1422
1932.15 203.464 25.1828
1986.28 136.948 21.0482
2041.93 150.853 22.5002
2099.14 167.587 23.9712
2157.95 121.937 19.3356
2218.41 120.73 18.9781
2280.56 126.219 20.0905
2344.45 108.376 18.6411
2410.14 108.167 18.7885
2477.66 142.985 21.3331
2547.07 114.379 18.5381
2618.43 99.204 16.8483
2691.79 116.69 19.3465
2767.21 113.034 18.6957
2844.73 125.795 19.6323
2924.43 115.825 19.2436
3006.36 89.7331 17.5151
3090.59 120.748 19.4001
3177.18 82.2223 15.6707
3266.19 64.4923 14.0155
3357.7 60.0525 12.3574
3451.77 93.6374 16.9876
3548.47 61.4741 12.862
3647.89 93.2963 16.5628
3750.09 81.5852 15.0728
3855.15 68.8295 14.1284
3963.16 68.3994 14.4198
4074.19 88.23 16.9827
4188.34 80.99 15.5615
4305.68 73.3048 14.9191
4426.31 75.6303 16.0577
4550.31 99.0276 16.7759
4677.8 44.1359 10.7289
4808.85 51.7829 11.9847
4943.58 73.8052 15.7178
5082.08 67.3104 14.0698
5224.46 60.3465 14.0715
5370.83 86.0427 16.6176
5521.3 41.0458 11.7411
5675.99 51.858 13.3114
5835.01 59.5756 13.4791
5998.48 61.1975 14.1741
6166.54 55.7614 13.0191
6339.3 48.3523 13.4228
6516.91 45.1864 11.5252
6699.49 58.2582 13.7139
6887.18 29.6647 8.67476
7080.13 46.7643 12.3147
7278.49 33.0654 10.3884
7482.41 55.2715 13.486
7692.04 37.5774 11.6237
7907.54 48.579 12.7975
8129.08 31.9258 9.07674
8356.83 58.9743 14.6457
8590.96 32.0302 8.62027
8831.64 26.5063 8.29703
9079.07 42.1952 12.4154
9333.43 35.0237 10.2417
9594.92 30.4376 9.80625
9863.74 30.1021 9.03825
10140.1 25.382 8.53759
10424.2 17.0289 6.2919
10716.2 28.1873 8.88019
11016.4 37.6157 11.8657
11325.1 25.6047 9.85229
11642.4 23.27 7.50783
11968.5 32.5496 11.4084
12303.9 20.3032 8.28361
12648.6 25.3677 8.19135
13002.9 26.8825 8.8763
13367.2 17.1986 7.2113
13741.7 25.91 7.88274
14126.7 31.5849 10.218
14522.5 16.5788 6.88589
14929.4 35.0954 9.56887
15347.6 16.6363 5.74202
15777.6 18.2499 7.05412
16219.6 18.0247 6.99546
16674.1 12.3742 5.26088
17141.2 16.21 7.43982
17621.4 17.8089 7.80468
18115.1 17.7744 7.35242
18622.6 12.3531 6.58893
19144.4 11.0766 5.11034
19680.7 25.291 9.11178
20232.1 7.02095 4.38071
20799 7.22806 4.63048
21381.7 10.4626 5.27255
21980.7 25.5005 9.48709
22596.5 17.0297 6.78084
23229.6 10.9999 5.47522
23880.4 11.0279 5.61433
24549.4 24.1831 10.4238
25237.2 12.3112 6.35482
25944.3 8.32529 3.79857
26671.1 12.2689 5.63774
27418.4 8.94955 4.63375
28186.5 5.21534 3.02206
28976.2 9.27076 5.87456
29788 12.9986 6.00539
30622.6 6.76724 4.0923
31480.5 0 0
32362.5 3.04442 3.04442
33269.1 5.80886 4.56398
34201.2 1.02759 1.02759
35159.4 4.77905 3.38369
36144.4 14.2583 7.27507
37157.1 3.52286 3.52286
38198.1 3.86578 2.54458
39268.2 2.40593 2.31757
40368.4 3.91388 3.37655
41499.4 1.14783 1.14783
42662 4.21635 4.16258
43857.3 4.43766 3.14315
45086 16.3962 7.05431
46349.1 14.1786 6.98452
47647.6 10.8601 6.34458
48982.6 7.55649 4.62102
50354.9 4.47762 3.03507
51765.6 1.4434 1.28914
53215.9 3.77379 3.55265
54706.8 1.90869 1.61887
56239.5 11.1025 5.90848
57815.1 1.73948 1.31166
59434.9 2.59355 2.01747
61100 4.18976 3.08465
62811.8 6.83849 4.50609
64571.6 6.79475 3.97264
66380.6 3.69642 2.66484
68240.4 9.05478 5.14475
70152.2 0 0
72117.6 2.44257 2.44257
74138.1 6.18314 4.2523
76215.2 1.95728 1.95728
78350.4 0 0
80545.5 0 0
82802.1 3.31722 2.39066
85121.9 3.05475 3.05475
87506.7 6.3613 4.50168
89958.3 0.460705 0.460705
92478.6 0 0
95069.6 1.42451 1.27128
97733 7.14609 5.48945
100471 5.06244 3.58174
103286 0.790418 0.790418
106180 0.912832 0.912832
109154 0.00678574 0.00678574
112213 1.14945 1.14945
115356 0 0
118588 7.66347 4.05369
121911 5.51225 5.51225
125326 0 0
128837 0 0
132447 4.95599 4.34593
136157 6.23212 6.23212
139972 0 0
143894 2.17055 2.17055
147925 2.41685 1.75788
152069 0.781461 0.781461
156330 3.67252 3.67252
160709 0 0
165212 0 0
169841 0 0
174599 0 0
179490 0 0
184519 0 0
189689 0 0
195003 0 0
200466 7.1335 5.31333
206083 0.996594 0.996594
211856 0 0
217792 3.06159 2.18499
223893 0 0
230166 2.77188 2.77188
236615 2.60305 2.60305
243244 0 0
250058 3.67058 3.67058
257064 0 0
264266 0 0
271670 1.8673 1.8673
279281 2.99513 2.99513
287105 0.269438 0.269438
295149 0 0
303418 0 0
311919 0 0
320658 0 0
329641 2.12219 2.12219
338876 0 0
348371 0 0
358131 0 0
368164 0 0
378479 0 0
389082 0 0
399983 3.92431 3.92431
411189 0.52332 0.52332
422709 0 0
434552 0 0
446726 1.27457 0.90195
459242 0 0
472108 3.13466 2.88178
485335 0 0
498932 0 0
512910 0 0
527280 0 0
542053 1.99308 1.99308
557239 0 0
572851 0 0
588900 0 0
605399 0 0
622360 4.04567 2.86907
639796 0 0
657721 0 0
676147 0 0
695091 0 0
714565 0 0
734584 0 0
755164 0 0
776321 0 0
798071 0 0
820430 0 0
843415 0 0
867045 0 0
891336 0 0
916308 0 0
941979 0 0
968370 0 0
995500 0.421455 0.421455
1.02339e+06 0 0
1.05206e+06 6.60795 4.78332
1.08154e+06 0 0
1.11184e+06 0 0
1.14299e+06 0 0
1.17501e+06 0 0
1.20793e+06 0 0
1.24177e+06 0 0
1.27656e+06 0 0
1.31233e+06 0 0
1.34909e+06 0 0
1.38689e+06 0 0
1.42574e+06 0 0
1.46569e+06 0 0
1.50675e+06 0 0
1.54896e+06 0 0
1.59236e+06 0 0
1.63697e+06 0 0
1.68283e+06 0 0
1.72998e+06 0 0
1.77845e+06 0 0
1.82827e+06 0 0
1.8795e+06 0 0
1.93215e+06 0 0
1.98628e+06 0 0
2.04193e+06 0 0
2.09914e+06 0 0
2.15795e+06 0 0
2.21841e+06 0 0
2.28056e+06 0 0
2.34445e+06 0 0
2.41014e+06 0 0
2.47766e+06 0 0
2.54707e+06 0 0
2.61843e+06 0 0
2.69179e+06 0 0
2.76721e+06 0 0
2.84473e+06 0 0
2.92443e+06 0 0
3.00636e+06 0 0
3.09059e+06 0 0
3.17718e+06 0 0
3.26619e+06 0 0
3.3577e+06 0 0
3.45177e+06 0 0
3.54847e+06 0 0
3.64789e+06 0 0
3.75009e+06 0 0
3.85515e+06 0 0
3.96316e+06 0 0
4.07419e+06 0 0
4.18834e+06 0 0
4.30568e+06 0 0
4.42631e+06 0 0
4.55031e+06 0 0
4.6778e+06 0 0
4.80885e+06 0 0
4.94358e+06 0 0
5.08208e+06 0 0
5.22446e+06 0 0
5.37083e+06 0 0
5.5213e+06 0 0
5.67599e+06 0 0
5.83501e+06 0 0
5.99848e+06 0 0
6.16654e+06 0 0
6.3393e+06 0 0
6.51691e+06 0 0
6.69949e+06 0 0
6.88718e+06 0 0
7.08013e+06 0 0
7.27849e+06 0 0
7.48241e+06 0 0
7.69204e+06 0 0
7.90754e+06 0 0
8.12908e+06 0 0
8.35683e+06 0 0
8.59096e+06 0 0
8.83164e+06 0 0
9.07907e+06 0 0
9.33343e+06 0 0
9.59492e+06 0 0
9.86374e+06 0 0
