1.01401e-05 0 0
1.04242e-05 0 0
1.07162e-05 0 0
1.10164e-05 0 0
1.13251e-05 0 0
1.16424e-05 0 0
1.19685e-05 0 0
1.23039e-05 0 0
1.26486e-05 0 0
1.30029e-05 0 0
1.33672e-05 0 0
1.37417e-05 0 0
1.41267e-05 0 0
1.45225e-05 0 0
1.49294e-05 0 0
1.53476e-05 0 0
1.57776e-05 0 0
1.62196e-05 0 0
1.66741e-05 0 0
1.71412e-05 0 0
1.76214e-05 0 0
1.81151e-05 0 0
1.86226e-05 0 0
1.91444e-05 0 0
1.96807e-05 0 0
2.02321e-05 0 0
2.0799e-05 0 0
2.13817e-05 0 0
2.19807e-05 0 0
2.25965e-05 0 0
2.32296e-05 0 0
2.38804e-05 0 0
2.45494e-05 0 0
2.52372e-05 0 0
2.59443e-05 0 0
2.66711e-05 0 0
2.74184e-05 0 0
2.81865e-05 0 0
2.89762e-05 0 0
2.9788e-05 0 0
3.06226e-05 0 0
3.14805e-05 0 0
3.23625e-05 0 0
3.32691e-05 0 0
3.42012e-05 0 0
3.51594e-05 0 0
3.61444e-05 0 0
3.71571e-05 0 0
3.81981e-05 0 0
3.92682e-05 0 0
4.03684e-05 0 0
4.14994e-05 0 0
4.2662e-05 0 0
4.38573e-05 0 0
4.5086e-05 0 0
4.63491e-05 0 0
4.76476e-05 0 0
4.89826e-05 0 0
5.03549e-05 0 0
5.17656e-05 0 0
5.32159e-05 0 0
5.47068e-05 0 0
5.62395e-05 0 0
5.78151e-05 0 0
5.94349e-05 0 0
6.11e-05 0 0
6.28118e-05 0 0
6.45716e-05 0 0
6.63806e-05 0 0
6.82404e-05 0 0
7.01522e-05 0 0
7.21176e-05 0 0
7.41381e-05 0 0
7.62152e-05 0 0
7.83504e-05 0 0
8.05455e-05 0 0
8.28021e-05 0 0
8.51219e-05 0 0
8.75067e-05 0 0
8.99583e-05 0 0
9.24786e-05 0 0
9.50696e-05 0 0
9.7733e-05 0 0
0.000100471 0 0
0.000103286 0 0
0.00010618 0 0
0.000109154 0 0
0.000112213 0 0
0.000115356 0 0
0.000118588 0 0
0.000121911 0 0
0.000125326 0 0
0.000128837 0 0
0.000132447 0 0
0.000136157 0 0
0.000139972 0 0
0.000143894 0 0
0.000147925 0 0
0.000152069 0 0
0.00015633 0 0
0.000160709 0 0
0.000165212 0 0
0.000169841 0 0
0.000174599 0 0
0.00017949 0 0
0.000184519 0 0
0.000189689 0 0
0.000195003 0 0
0.000200466 0 0
0.000206083 0 0
0.000211856 0 0
0.000217792 0 0
0.000223893 0 0
0.000230166 0 0
0.000236615 0 0
0.000243244 0 0
0.000250058 0 0
0.000257064 0 0
0.000264266 0 0
0.00027167 0 0
0.000279281 0 0
0.000287105 0 0
0.000295149 0 0
0.000303418 0 0
0.000311919 0 0
0.000320658 0 0
0.000329641 0 0
0.000338876 0 0
0.000348371 0 0
0.000358131 0 0
0.000368164 0 0
0.000378479 0 0
0.000389082 0 0
0.000399983 0 0
0.000411189 0 0
0.000422709 0 0
0.000434552 0 0
0.000446726 0 0
0.000459242 0 0
0.000472108 0 0
0.000485335 0 0
0.000498932 0 0
0.00051291 0 0
0.00052728 0 0
0.000542053 0 0
0.000557239 0 0
0.000572851 0 0
0.0005889 0 0
0.000605399 0 0
0.00062236 0 0
0.000639796 0 0
0.000657721 0 0
0.000676147 0 0
0.000695091 0 0
0.000714565 0 0
0.000734584 0 0
0.000755164 0 0
0.000776321 0 0
0.000798071 0 0
0.00082043 0 0
0.000843415 0 0
0.000867045 0 0
0.000891336 0 0
0.000916308 0 0
0.000941979 0 0
0.00096837 0 0
0.0009955 0 0
0.00102339 0 0
0.00105206 0 0
0.00108154 0 0
0.00111184 0 0
0.00114299 0 0
0.00117501 0 0
0.00120793 0 0
0.00124177 0 0
0.00127656 0 0
0.00131233 0 0
0.00134909 0 0
0.00138689 0 0
0.00142574 0 0
0.00146569 0 0
0.00150675 0 0
0.00154896 0 0
0.00159236 0 0
0.00163697 0 0
0.00168283 0 0
0.00172998 0 0
0.00177845 0 0
0.00182827 0 0
0.0018795 0 0
0.00193215 0 0
0.00198628 0 0
0.00204193 0 0
0.00209914 0 0
0.00215795 0 0
0.00221841 0 0
0.00228056 0 0
0.00234445 0 0
0.00241014 0 0
0.00247766 0 0
0.00254707 0 0
0.00261843 0 0
0.00269179 0 0
0.00276721 0 0
0.00284473 0 0
0.00292443 0 0
0.00300636 0 0
0.00309059 0 0
0.00317718 0 0
0.00326619 0 0
0.0033577 0 0
0.00345177 0 0
0.00354847 0 0
0.00364789 0 0
0.00375009 0 0
0.00385515 0 0
0.00396316 0 0
0.00407419 0 0
0.00418834 0 0
0.00430568 0 0
0.00442631 0 0
0.00455031 0 0
0.0046778 0 0
0.00480885 0 0
0.00494358 0 0
0.00508208 0 0
0.00522446 0 0
0.00537083 0 0
0.0055213 0 0
0.00567599 0 0
0.00583501 0 0
0.00599848 0 0
0.00616654 0 0
0.0063393 0 0
0.00651691 0 0
0.00669949 0 0
0.00688718 0 0
0.00708013 0 0
0.00727849 0 0
0.00748241 0 0
0.00769204 0 0
0.00790754 0 0
0.00812908 0 0
0.00835683 0 0
0.00859096 0 0
0.00883164 0 0
0.00907907 0 0
0.00933343 0 0
0.00959492 0 0
0.00986374 0 0
0.0101401 0 0
0.0104242 0 0
0.0107162 0 0
0.0110164 0 0
0.0113251 0 0
0.0116424 0 0
0.0119685 0 0
0.0123039 0 0
0.0126486 0 0
0.0130029 0 0
0.0133672 0 0
0.0137417 0 0
0.0141267 0 0
0.0145225 0 0
0.0149294 0 0
0.0153476 0 0
0.0157776 0 0
0.0162196 0 0
0.0166741 0 0
0.0171412 0 0
0.0176214 0 0
0.0181151 0 0
0.0186226 0 0
0.0191444 0 0
0.0196807 0 0
0.0202321 0 0
0.020799 0 0
0.0213817 0 0
0.0219807 0 0
0.0225965 0 0
0.0232296 0 0
0.0238804 0 0
0.0245494 0 0
0.0252372 0 0
0.0259443 0 0
0.0266711 0 0
0.0274184 0 0
0.0281865 0 0
0.0289762 0 0
0.029788 0 0
0.0306226 0 0
0.0314805 0 0
0.0323625 0 0
0.0332691 0 0
0.0342012 0 0
0.0351594 0 0
0.0361444 0 0
0.0371571 0 0
0.0381981 0 0
0.0392682 0 0
0.0403684 0 0
0.0414994 0 0
0.042662 0 0
0.0438573 0 0
0.045086 0 0
0.0463491 0 0
0.0476476 0 0
0.0489826 0 0
0.0503549 0 0
0.0517656 0 0
0.0532159 0 0
0.0547068 0 0
0.0562395 0 0
0.0578151 0 0
0.0594349 0 0
0.0611 0 0
0.0628118 0 0
0.0645716 0 0
0.0663806 0 0
0.0682404 0 0
0.0701522 0 0
0.0721176 0 0
0.0741381 0 0
0.0762152 0 0
0.0783504 0 0
0.0805455 0 0
0.0828021 0 0
0.0851219 0 0
0.0875067 0 0
0.0899583 0 0
0.0924786 0 0
0.0950696 0 0
0.097733 0 0
0.100471 2.60369e+06 2680.7
0.103286 2.53113e+06 2642
0.10618 2.46001e+06 2605.86
0.109154 2.39913e+06 2574.09
0.112213 2.33278e+06 2537.33
0.115356 2.27381e+06 2507.54
0.118588 2.20944e+06 2471.14
0.121911 2.14905e+06 2437.12
0.125326 2.09574e+06 2409.2
0.128837 2.03717e+06 2374.14
0.132447 1.982e+06 2342.54
0.136157 1.92838e+06 2310.08
0.139972 1.88139e+06 2283.63
0.143894 1.83149e+06 2253.14
0.147925 1.78314e+06 2223.04
0.152069 1.73587e+06 2194.22
0.15633 1.68761e+06 2163.73
0.160709 1.64522e+06 2137.28
0.165212 1.59867e+06 2107.38
0.169841 1.55342e+06 2076.44
0.174599 1.51463e+06 2052.46
0.17949 1.47151e+06 2021.91
0.184519 1.43237e+06 1996.68
0.189689 1.39513e+06 1969.29
0.195003 1.35981e+06 1944.81
0.200466 1.32068e+06 1916.26
0.206083 1.28603e+06 1891.14
0.211856 1.25154e+06 1867.24
0.217792 1.21704e+06 1841.02
0.223893 1.18362e+06 1815.44
0.230166 1.15344e+06 1792.76
0.236615 1.12136e+06 1768.41
0.243244 1.09298e+06 1745.12
0.250058 1.06323e+06 1720.8
0.257064 1.03531e+06 1699.69
0.264266 1.0076e+06 1676.98
0.27167 980655 1654.82
0.279281 953368 1632.01
0.287105 928378 1611.05
0.295149 903480 1588.92
0.303418 876368 1564.43
0.311919 856714 1548.3
0.320658 832698 1525.47
0.329641 812280 1506.38
0.338876 789486 1487.26
0.348371 767881 1465.17
0.358131 746020 1443.66
0.368164 727321 1428.04
0.378479 706602 1406.33
0.389082 684986 1384.59
0.399983 669106 1367.57
0.411189 650686 1350.22
0.422709 633801 1332.9
0.434552 614551 1311.71
0.446726 600461 1298.04
0.459242 584528 1280.34
0.472108 567063 1260.69
0.485335 554342 1247.36
0.498932 538667 1227.78
0.51291 523209 1210.64
0.52728 509287 1195.6
0.542053 496466 1180.4
0.557239 481824 1163.81
0.572851 469560 1148.39
0.5889 454729 1130.15
0.605399 443487 1115.37
0.62236 432504 1102.44
0.639796 420327 1086.41
0.657721 409490 1072.69
0.676147 396793 1056.43
0.695091 386641 1042.75
0.714565 374649 1025.77
0.734584 367771 1017.69
0.755164 355752 999.903
0.776321 346790 986.634
0.798071 337994 974.432
0.82043 329038 961.996
0.843415 319330 948.188
0.867045 309458 932.974
0.891336 302450 921.942
0.916308 296825 914.005
0.941979 284851 895.669
0.96837 279718 887.282
0.9955 270389 873.289
1.02339 263714 862.678
1.05206 256318 848.941
1.08154 249278 837.652
1.11184 242412 826.972
1.14299 237371 818.564
1.17501 229457 803.987
1.20793 223391 792.413
1.24177 218752 785.199
1.27656 212262 774.281
1.31233 204859 760.524
1.34909 200939 752.23
1.38689 194152 739.044
1.42574 188514 728.65
1.46569 185202 722.422
1.50675 178842 709.357
1.54896 176038 705.147
1.59236 171098 694.578
1.63697 165368 683.342
1.68283 160828 673.452
1.72998 155619 661.555
1.77845 152131 654.323
1.82827 148365 647.479
1.8795 143768 636.01
1.93215 139400 627.018
1.98628 134957 616.976
2.04193 133335 614.516
2.09914 128219 601.458
2.15795 124401 593.905
2.21841 123680 592.326
2.28056 119538 582.284
2.34445 116158 572.637
2.41014 113520 566.47
2.47766 109923 557.506
2.54707 107644 553.513
2.61843 103438 540.211
2.69179 100803 533.376
2.76721 98402.6 527.624
2.84473 94992 518.002
2.92443 92904.5 512.445
3.00636 90497.9 506.167
3.09059 88126.6 499.125
3.17718 85736.8 492.907
3.26619 82803.7 483.559
3.3577 81081.8 479.121
3.45177 78574.7 471.468
3.54847 76969.9 466.434
3.64789 74065.1 458.01
3.75009 73301.2 456.595
3.85515 70109 445.274
3.96316 68651.2 442.207
4.07419 66598.2 434.7
4.18834 65529.4 430.755
4.30568 62751.3 420.708
4.42631 61965.2 419.812
4.55031 60308.1 413.607
4.6778 57443 403.571
4.80885 56665.2 400.671
4.94358 54662.9 392.224
5.08208 53339.3 388.59
5.22446 52553.7 385.742
5.37083 51182.5 379.469
5.5213 48911 372.149
5.67599 48313.3 369.99
5.83501 45892.4 359.812
5.99848 45037 356.735
6.16654 44273.9 353.588
6.3393 43348.7 350.47
6.51691 41889.7 344.191
6.69949 40719.8 338.896
6.88718 39208.9 332.571
7.08013 38253.4 328.463
7.27849 37421.4 325.616
7.48241 36934.9 323.968
7.69204 35214.8 315.056
7.90754 33923.4 309.525
8.12908 33497 307.532
8.35683 32690.8 305.349
8.59096 32293.5 302.494
8.83164 30918.2 296.865
9.07907 29959.4 291.128
9.33343 29590.1 289.464
9.59492 27876.1 281.444
9.86374 27823.9 280.653
10.1401 26657.4 274.438
10.4242 26210 272.584
10.7162 25722.7 269.803
11.0164 24759 264.295
11.3251 23991.5 259.697
11.6424 23330.4 257.791
11.9685 22816.5 253.679
12.3039 21912 248.537
12.6486 22129.8 250.624
13.0029 20946.2 244.416
13.3672 20206 239.616
13.7417 20032.4 238.651
14.1267 19597 235.842
14.5225 18575.3 229.61
14.9294 18428.8 228.4
15.3476 17929.2 226.098
15.7776 17418.9 222.028
16.2196 17101.5 220.025
16.6741 16612 217.266
17.1412 16035.1 212.415
17.6214 15549.6 210.966
18.1151 14924.2 205.916
18.6226 14762.9 204.892
19.1444 14051.1 199.111
19.6807 13954.2 200.126
20.2321 13314.5 195.322
20.799 13021.4 192.881
21.3817 12980.8 192.636
21.9807 12751.4 190.053
22.5965 11888 183.233
23.2296 11647 182.261
23.8804 11528.1 181.446
24.5494 11157.5 178.398
25.2372 11059.4 177.178
25.9443 10515 172.609
26.6711 10489.9 173.298
27.4184 10124 169.39
28.1865 9683.89 166.164
28.9762 9634.55 166.193
29.788 9385.06 162.92
30.6226 8988.04 160.16
31.4805 8793.75 158.007
32.3625 8380.38 154.565
33.2691 8085.54 151.409
34.2012 8149.76 152.329
35.1594 7529.31 145.454
36.1444 7609.65 146.897
37.1571 7286.75 143.522
38.1981 7208.29 143.252
39.2682 6796.16 138.741
40.3684 6901.59 139.975
41.4994 6574.77 136.58
42.662 6476.2 135.674
43.8573 6175.25 131.661
45.086 5912.42 130.188
46.3491 5888.87 129.562
47.6476 5640.5 126.007
48.9826 5571.55 126.807
50.3549 5466.63 125.522
51.7656 5184 121.112
53.2159 5268.41 123.418
54.7068 5052.75 119.226
56.2395 4781.53 115.852
57.8151 4776.71 117.508
59.4349 4624.03 115.369
61.1 4283.91 110.361
62.8118 4362.36 112.146
64.5716 4225.75 108.092
66.3806 3958.68 105.302
68.2404 3834.09 103.79
70.1522 3967.23 106.539
72.1176 3672.33 101.984
74.1381 3605.89 99.5323
76.2152 3633.03 102.184
78.3504 3635.93 101.627
80.5455 3466.52 99.344
82.8021 3267.57 95.5906
85.1219 3087.49 93.1789
87.5067 2843.36 88.2995
89.9583 3062.38 93.3552
92.4786 2982.68 92.7459
95.0696 2844.95 89.6341
97.733 2812.15 89.3065
100.471 2664.61 85.5707
103.286 2591.66 85.7046
106.18 2561.1 84.2153
109.154 2436.72 83.0188
112.213 2426.64 81.8183
115.356 2554.34 85.4864
118.588 2253.68 79.2491
121.911 2192.27 78.3993
125.326 2028.38 74.7026
128.837 2126.52 77.2945
132.447 1918.61 73.0855
136.157 1962.83 75.202
139.972 1985.32 75.6668
143.894 1969.92 76.0701
147.925 1963.52 75.4699
152.069 1809.13 71.4413
156.33 1744.33 69.5467
160.709 1610.24 67.9567
165.212 1715.3 69.9775
169.841 1554.42 65.6874
174.599 1609.08 68.5379
179.49 1443.47 63.4417
184.519 1488.92 66.2598
189.689 1437.61 63.4315
195.003 1416.92 63.2922
200.466 1355.11 62.2268
206.083 1271.98 59.3747
211.856 1231.8 58.7673
217.792 1185.21 58.0511
223.893 1171.3 57.9152
230.166 1205.35 58.3507
236.615 1166.46 58.4497
243.244 1122.17 56.9169
250.058 1066.94 55.0359
257.064 1152.3 57.711
264.266 926.329 51.1061
271.67 1051.99 55.2476
279.281 1024.25 54.3561
287.105 973.924 52.7333
295.149 931.471 50.6696
303.418 843.588 48.6301
311.919 891.25 50.5425
320.658 838.225 48.6195
329.641 891.175 51.7778
338.876 792.228 47.8467
348.371 760.216 46.4007
358.131 814.413 47.9698
368.164 711.756 44.4551
378.479 612.033 41.2707
389.082 765.398 46.8537
399.983 686.491 43.0497
411.189 687.925 43.2995
422.709 670.859 42.9439
434.552 604.123 41.8026
446.726 607.155 41.772
459.242 599.657 40.6334
472.108 576.205 40.4782
485.335 530.417 38.4262
498.932 546.226 39.1795
512.91 521.452 38.3637
527.28 485.948 36.5629
542.053 500.085 36.9074
557.239 505.054 36.9815
572.851 443.48 35.2412
588.9 415.176 34.5448
605.399 480.406 36.8151
622.36 492.337 37.8587
639.796 394.118 33.961
657.721 386.811 33.1429
676.147 412.931 35.4979
695.091 379.321 32.9781
714.565 395.613 34.5767
734.584 364.18 32.5555
755.164 394.048 33.6841
776.321 265.283 27.661
798.071 324.18 30.4802
820.43 398.646 35.1879
843.415 337.605 31.5213
867.045 298.257 28.4969
891.336 257.191 27.0279
916.308 291.559 28.9886
941.979 324.809 30.1792
968.37 304.847 29.0399
995.5 267.905 27.4846
1023.39 276.626 27.6532
1052.06 248.831 26.5157
1081.54 226.198 25.4987
1111.84 217.641 24.1511
1142.99 225.467 25.4411
1175.01 270.736 27.6458
1207.93 257.513 27.3197
1241.77 250.027 26.5762
1276.56 202.176 24.1645
1312.33 214.093 24.1822
1349.09 244.654 26.5695
1386.89 209.878 24.0787
1425.74 196.883 23.6182
1465.69 157.429 20.5566
1506.75 153.198 20.2302
1548.96 221.112 24.8365
1592.36 191.772 23.1599
1636.97 191.182 23.4043
1682.83 196.995 24.7887
1729.98 162.931 21.708
1778.45 114.12 16.8558
1828.27 164.048 21.7581
1879.5 156.344 20.1336
1932.15 130.104 18.558
1986.28 163.716 21.0627
2041.93 144.371 20.2837
2099.14 111.132 16.6408
2157.95 167.737 22.5231
2218.41 148.937 20.8224
2280.56 102.89 16.5966
2344.45 166.29 22.4652
2410.14 113.753 18.8267
2477.66 114.556 18.4395
2547.07 93.8612 15.8993
2618.43 93.3463 15.7079
2691.79 99.8459 16.9637
2767.21 108.492 17.0631
2844.73 90.3993 16.4083
2924.43 81.7763 14.5021
3006.36 109.815 17.2671
3090.59 104.449 17.0958
3177.18 70.4443 13.1832
3266.19 86.0252 15.5591
3357.7 63.2186 13.4242
3451.77 70.3905 14.6741
3548.47 73.5237 14.0246
3647.89 94.1901 16.6208
3750.09 89.0226 16.5685
3855.15 61.9636 12.2422
3963.16 63.1245 13.2026
4074.19 61.2711 13.1081
4188.34 87.4047 16.4925
4305.68 55.9626 11.453
4426.31 91.7941 16.3001
4550.31 78.7532 15.7515
4677.8 62.0934 13.5861
4808.85 47.8003 11.9066
4943.58 64.624 13.3293
5082.08 44.4586 10.2568
5224.46 57.4472 11.8256
5370.83 64.7212 13.1556
5521.3 48.5898 11.4876
5675.99 47.5038 11.7751
5835.01 55.9003 12.1821
5998.48 40.2918 11.1924
6166.54 58.7678 13.3112
6339.3 38.5405 9.75944
6516.91 25.6745 7.75436
6699.49 38.23 10.0869
6887.18 44.4857 11.7545
7080.13 41.1485 10.0335
7278.49 50.1307 11.8751
7482.41 22.887 8.05332
7692.04 30.5356 9.14637
7907.54 31.3449 8.8532
8129.08 29.3043 9.62826
8356.83 44.6117 12.051
8590.96 20.0817 6.80296
8831.64 31.4673 8.76279
9079.07 42.365 10.8323
9333.43 30.251 8.67418
9594.92 29.443 9.66192
9863.74 27.0853 8.00372
10140.1 27.0747 9.28826
10424.2 14.0211 5.34233
10716.2 34.6092 10.2059
11016.4 16.4831 6.08243
11325.1 34.1667 9.04672
11642.4 31.2389 9.41617
11968.5 13.7155 6.16048
12303.9 23.7981 8.09465
12648.6 13.9165 6.26653
13002.9 20.361 8.01367
13367.2 12.9391 6.57047
13741.7 14.0521 5.34885
14126.7 18.3809 6.85811
14522.5 12.0003 5.49457
14929.4 20.2651 7.76223
15347.6 8.8315 4.21764
15777.6 21.5121 8.3331
16219.6 17.1704 6.47959
16674.1 7.10781 5.03491
17141.2 14.767 6.5567
17621.4 11.2508 6.05801
18115.1 6.08098 3.3906
18622.6 10.8569 5.8437
19144.4 18.5056 8.76113
19680.7 23.9154 8.72999
20232.1 18.9426 7.07613
20799 15.7119 6.20252
21381.7 22.0749 8.58711
21980.7 11.6106 5.11163
22596.5 16.0377 7.56408
23229.6 20.9132 7.59843
23880.4 7.78618 4.40959
24549.4 10.821 5.44972
25237.2 8.89903 4.7264
25944.3 17.6513 7.4848
26671.1 13.8406 5.93787
27418.4 10.0982 5.839
28186.5 11.7533 5.98839
28976.2 2.82844 2.12489
29788 10.3068 5.86617
30622.6 5.11268 3.60363
31480.5 5.14193 3.70474
32362.5 9.14278 5.36788
33269.1 1.47677 1.47677
34201.2 3.47737 2.57606
35159.4 16.1663 7.72167
36144.4 17.7878 7.51813
37157.1 2.21701 2.21701
38198.1 12.3701 6.34003
39268.2 0 0
40368.4 1.80323 1.1647
41499.4 9.78819 5.12997
42662 5.26551 4.66285
43857.3 12.8522 6.0783
45086 11.6883 6.25949
46349.1 3.70891 2.62573
47647.6 1.21868 1.11367
48982.6 0 0
50354.9 10.848 5.34661
51765.6 5.72619 3.4133
53215.9 4.97414 3.2496
54706.8 3.35257 2.11205
56239.5 0 0
57815.1 2.87679 2.87679
59434.9 4.99838 3.54209
61100 10.9123 6.01087
62811.8 0 0
64571.6 0 0
66380.6 0 0
68240.4 2.39702 2.39702
70152.2 1.76433 1.76433
72117.6 3.31986 1.76284
74138.1 0 0
76215.2 3.11262 2.34907
78350.4 1.77786 1.77786
80545.5 6.90684 5.04009
82802.1 10.6963 6.62479
85121.9 2.17071 2.17071
87506.7 2.36044 2.36044
89958.3 1.78427 1.40314
92478.6 0.0953013 0.0953013
95069.6 2.35738 1.74688
97733 0.15049 0.15049
100471 0 0
103286 5.36784 4.65517
106180 0 0
109154 0 0
112213 10.264 5.1233
115356 4.62565 4.62565
118588 0.818174 0.818174
121911 2.92098 2.92098
125326 3.61925 2.80027
128837 0 0
132447 0 0
136157 0.719754 0.719754
139972 2.35196 2.35196
143894 0 0
147925 0 0
152069 5.5075 4.7472
156330 4.90058 3.4966
160709 0.23938 0.23938
165212 2.7149 2.31538
169841 2.03744 2.03744
174599 0 0
179490 3.44535 3.44535
184519 2.97658 2.97658
189689 0 0
195003 0 0
200466 0 0
206083 1.90397 1.90397
211856 0 0
217792 0 0
223893 5.73278 4.05623
230166 0.430243 0.430243
236615 3.22865 2.08957
243244 0 0
250058 0 0
257064 4.50217 3.57374
264266 3.91287 2.69132
271670 1.54746 1.54746
279281 0 0
287105 0 0
295149 0 0
303418 0 0
311919 0 0
320658 0 0
329641 2.31735 2.31735
338876 0.448582 0.448582
348371 0 0
358131 0 0
368164 0 0
378479 0 0
389082 0 0
399983 0 0
411189 0 0
422709 0 0
434552 0.644454 0.623512
446726 1.85812 1.85812
459242 0 0
472108 0 0
485335 0 0
498932 0 0
512910 0 0
527280 0 0
542053 0 0
557239 0 0
572851 0 0
588900 0 0
605399 0 0
622360 0 0
639796 0 0
657721 0 0
676147 0 0
695091 0 0
714565 0 0
734584 0 0
755164 0 0
776321 0 0
798071 0 0
820430 0 0
843415 0.141594 0.141594
867045 0 0
891336 0 0
916308 0 0
941979 0 0
968370 0 0
995500 0 0
1.02339e+06 3.86297 3.86297
1.05206e+06 0 0
1.08154e+06 0 0
1.11184e+06 3.48805 3.48805
1.14299e+06 0.00373395 0.00373395
1.17501e+06 0 0
1.20793e+06 0 0
1.24177e+06 0 0
1.27656e+06 0 0
1.31233e+06 0 0
1.34909e+06 0 0
1.38689e+06 1.42519 1.42519
1.42574e+06 0 0
1.46569e+06 0 0
1.50675e+06 0 0
1.54896e+06 0 0
1.59236e+06 0 0
1.63697e+06 0 0
1.68283e+06 0 0
1.72998e+06 0 0
1.77845e+06 0 0
1.82827e+06 0 0
1.8795e+06 0 0
1.93215e+06 0 0
1.98628e+06 0 0
2.04193e+06 4.20341 4.20341
2.09914e+06 0 0
2.15795e+06 0.0878833 0.0878833
2.21841e+06 0 0
2.28056e+06 0 0
2.34445e+06 0 0
2.41014e+06 0 0
2.47766e+06 0 0
2.54707e+06 0 0
2.61843e+06 0 0
2.69179e+06 0 0
2.76721e+06 0 0
2.84473e+06 0 0
2.92443e+06 0 0
3.00636e+06 0 0
3.09059e+06 0 0
3.17718e+06 0 0
3.26619e+06 0 0
3.3577e+06 0 0
3.45177e+06 0 0
3.54847e+06 0 0
3.64789e+06 0 0
3.75009e+06 0 0
3.85515e+06 0 0
3.96316e+06 0 0
4.07419e+06 0 0
4.18834e+06 0 0
4.30568e+06 0 0
4.42631e+06 0 0
4.55031e+06 0 0
4.6778e+06 0.474252 0.474252
4.80885e+06 0 0
4.94358e+06 0 0
5.08208e+06 0 0
5.22446e+06 0 0
5.37083e+06 0 0
5.5213e+06 0 0
5.67599e+06 0 0
5.83501e+06 0 0
5.99848e+06 0 0
6.16654e+06 0 0
6.3393e+06 0 0
6.51691e+06 0 0
6.69949e+06 0 0
6.88718e+06 0 0
7.08013e+06 0 0
7.27849e+06 0 0
7.48241e+06 0 0
7.69204e+06 0 0
7.90754e+06 0 0
8.12908e+06 0 0
8.35683e+06 0 0
8.59096e+06 0 0
8.83164e+06 0 0
9.07907e+06 0 0
9.33343e+06 0 0
9.59492e+06 0 0
9.86374e+06 0 0
