1.01401e-05 152.689 8.88151
1.04242e-05 156.359 8.7938
1.07162e-05 160.737 9.18305
1.10164e-05 145.27 8.54075
1.13251e-05 170.41 9.67971
1.16424e-05 174.732 9.81785
1.19685e-05 171.929 9.50063
1.23039e-05 186.363 10.2427
1.26486e-05 179.576 10.1579
1.30029e-05 205.849 11.2552
1.33672e-05 209.388 11.3166
1.37417e-05 241.721 11.957
1.41267e-05 217.786 11.1236
1.45225e-05 232.69 12.1526
1.49294e-05 236.75 11.7723
1.53476e-05 262.74 12.7113
1.57776e-05 271.307 13.4314
1.62196e-05 277.798 13.1774
1.66741e-05 271.436 12.7568
1.71412e-05 271.31 12.57
1.76214e-05 310.747 14.7402
1.81151e-05 317.596 14.4807
1.86226e-05 287.713 13.0569
1.91444e-05 345.1 15.0128
1.96807e-05 377.809 15.6719
2.02321e-05 403.168 16.8112
2.0799e-05 408.062 16.8
2.13817e-05 451.216 18.0319
2.19807e-05 418.772 17.1431
2.25965e-05 446.565 17.6211
2.32296e-05 475.591 18.5459
2.38804e-05 534.749 20.3218
2.45494e-05 503.896 19.7348
2.52372e-05 511.784 19.2308
2.59443e-05 538.634 20.3596
2.66711e-05 563.22 20.992
2.74184e-05 605.362 21.7765
2.81865e-05 636.161 22.6207
2.89762e-05 627.207 22.4458
2.9788e-05 674.968 23.4462
3.06226e-05 677.842 23.2489
3.14805e-05 711.117 24.2797
3.23625e-05 722.432 24.216
3.32691e-05 759.157 25.199
3.42012e-05 793.569 25.2347
3.51594e-05 824.328 26.6633
3.61444e-05 847.504 27.1184
3.71571e-05 861.839 27.4839
3.81981e-05 925.452 28.0974
3.92682e-05 971.143 29.8361
4.03684e-05 1079.52 31.357
4.14994e-05 1079.43 31.9235
4.2662e-05 1095.08 31.4
4.38573e-05 1087.22 32.1321
4.5086e-05 1110.84 32.3618
4.63491e-05 1228.62 34.1087
4.76476e-05 1344.41 36.119
4.89826e-05 1356.64 36.4694
5.03549e-05 1422.48 37.8649
5.17656e-05 1454.36 38.5127
5.32159e-05 1537.12 40.7564
5.47068e-05 1621.4 40.47
5.62395e-05 1559.2 39.7015
5.78151e-05 1687.63 42.5692
5.94349e-05 1853.77 45.1798
6.11e-05 1811.36 43.0229
6.28118e-05 1947.99 46.0205
6.45716e-05 1920.85 45.3721
6.63806e-05 2107.36 48.0725
6.82404e-05 2110.79 47.9214
7.01522e-05 2151.31 48.6476
7.21176e-05 2281.05 50.9549
7.41381e-05 2440.62 53.6488
7.62152e-05 2427.26 53.8298
7.83504e-05 2682.92 57.7109
8.05455e-05 2723.25 57.0669
8.28021e-05 2737.79 57.4228
8.51219e-05 2808.63 58.3548
8.75067e-05 3014.45 59.8967
8.99583e-05 3120.5 62.0849
9.24786e-05 3190.34 62.8209
9.50696e-05 3427.4 66.2257
9.7733e-05 3586.36 68.1578
0.000100471 3599.85 68.8063
0.000103286 3706.67 68.5782
0.00010618 4052.61 72.2974
0.000109154 4161.19 73.3698
0.000112213 4353.85 76.2124
0.000115356 4471.35 77.1984
0.000118588 4498.93 77.25
0.000121911 4750.17 80.6125
0.000125326 4876.73 82.9434
0.000128837 5104.96 83.6101
0.000132447 5298.46 85.4718
0.000136157 5706.82 90.4428
0.000139972 5664.08 90.1529
0.000143894 6188.59 95.3136
0.000147925 6136.38 94.0331
0.000152069 6427.65 96.8544
0.00015633 6540.24 97.5407
0.000160709 6907.17 100.386
0.000165212 7131.44 103.222
0.000169841 7611.15 107.664
0.000174599 7863.39 110.048
0.00017949 8064.06 111.612
0.000184519 8441.7 114.564
0.000189689 8775 116.468
0.000195003 8877.76 117.324
0.000200466 9153.45 120.031
0.000206083 9543.21 123.797
0.000211856 9966.35 127.273
0.000217792 10190.5 128.094
0.000223893 10847.4 133.484
0.000230166 10910.8 132.642
0.000236615 11375.3 135.801
0.000243244 12032.8 141.388
0.000250058 12359.7 144.652
0.000257064 12812 147.125
0.000264266 13409.7 150.822
0.00027167 13869.1 153.752
0.000279281 14424.8 157.947
0.000287105 14521.1 157.33
0.000295149 15182.3 163.7
0.000303418 15915.5 167.661
0.000311919 16682.1 171.947
0.000320658 17429.6 176.631
0.000329641 17586.8 176.92
0.000338876 18264.3 181.237
0.000348371 19047.7 186.113
0.000358131 19769.3 189.506
0.000368164 20531.8 195.124
0.000378479 20919.5 196.368
0.000389082 21733.5 200.736
0.000399983 22448.8 204.324
0.000411189 23991.8 212.773
0.000422709 24447.6 214.934
0.000434552 24910.3 217.096
0.000446726 26094.1 223.935
0.000459242 27128.1 228.925
0.000472108 28118.3 234.235
0.000485335 28839.6 236.849
0.000498932 29794.5 240.898
0.00051291 30816.3 245.707
0.00052728 32163.3 252.198
0.000542053 33388.6 258.61
0.000557239 33997.6 260.135
0.000572851 35305.7 266.16
0.0005889 37171.2 275.416
0.000605399 37463.4 275.634
0.00062236 39217.6 282.371
0.000639796 40290.4 286.586
0.000657721 41389.2 290.849
0.000676147 43737.9 300.301
0.000695091 44779 304.855
0.000714565 46148.9 310.842
0.000734584 47698.7 316.447
0.000755164 49460.4 322.307
0.000776321 50912.6 329.019
0.000798071 52273.4 332.71
0.00082043 54985.5 343.028
0.000843415 56080.9 347.444
0.000867045 58817.4 357.309
0.000891336 60868.4 364.276
0.000916308 62436.6 368.046
0.000941979 64044.8 374.273
0.00096837 66400.4 380.551
0.0009955 68510.4 388.574
0.00102339 71711 399.047
0.00105206 73584.1 404.82
0.00108154 75841.1 411.242
0.00111184 78297.5 418.35
0.00114299 81204.2 427.452
0.00117501 82692.5 431.068
0.00120793 84686.9 436.902
0.00124177 88177.7 446.964
0.00127656 90892.1 455.931
0.00131233 94703.8 464.992
0.00134909 97172.2 472.583
0.00138689 100947 482.364
0.00142574 105125 493.764
0.00146569 107413 498.462
0.00150675 109365 504.196
0.00154896 113684 514.975
0.00159236 117549 525.161
0.00163697 120649 531.883
0.00168283 124531 541.281
0.00172998 128701 551.332
0.00177845 132465 560.748
0.00182827 136694 569.96
0.0018795 140847 580.726
0.00193215 145099 588.605
0.00198628 149488 599.164
0.00204193 153822 608.288
0.00209914 157722 615.523
0.00215795 163318 628.998
0.00221841 169273 642.504
0.00228056 173239 649.464
0.00234445 178390 660.583
0.00241014 183361 670.086
0.00247766 188962 680.73
0.00254707 194697 692.703
0.00261843 200570 703.745
0.00269179 206650 715.011
0.00276721 212165 725.258
0.00284473 217794 736.069
0.00292443 223725 746.602
0.00300636 230976 760.519
0.00309059 237006 771.915
0.00317718 244603 783.352
0.00326619 250901 795.103
0.0033577 258392 807.924
0.00345177 265829 820.329
0.00354847 272353 830.332
0.00364789 279278 841.19
0.00375009 288046 856.879
0.00385515 294910 867.28
0.00396316 304903 882.831
0.00407419 312588 895.374
0.00418834 319341 904.991
0.00430568 328635 920.507
0.00442631 335627 929.861
0.00455031 345575 944.367
0.0046778 354300 957.401
0.00480885 363644 970.803
0.00494358 372953 985.2
0.00508208 382702 998.719
0.00522446 392113 1010.78
0.00537083 402144 1025.21
0.0055213 412187 1038.37
0.00567599 422491 1051.81
0.00583501 433626 1068.49
0.00599848 443800 1080.98
0.00616654 454438 1094.6
0.0063393 463518 1106.97
0.00651691 476152 1122.88
0.00669949 487692 1136.9
0.00688718 497909 1150.01
0.00708013 509199 1163.66
0.00727849 522391 1180.16
0.00748241 532063 1191.13
0.00769204 545257 1207.01
0.00790754 555203 1220.43
0.00812908 569073 1234.72
0.00835683 579495 1247.79
0.00859096 591927 1261.42
0.00883164 604448 1274.77
0.00907907 617686 1290.99
0.00933343 629215 1303.15
0.00959492 641058 1316.13
0.00986374 656552 1333.27
0.0101401 666152 1343.32
0.0104242 681082 1358.81
0.0107162 688409 1366.52
0.0110164 705479 1385.39
0.0113251 715976 1396.81
0.0116424 726820 1408.09
0.0119685 741816 1423.19
0.0123039 749342 1430.73
0.0126486 765246 1447.97
0.0130029 778356 1461.52
0.0133672 789605 1473.33
0.0137417 798840 1481.85
0.0141267 811312 1495.9
0.0145225 823708 1506.66
0.0149294 835859 1518.7
0.0153476 847968 1529.72
0.0157776 856798 1539.68
0.0162196 863276 1545.19
0.0166741 878954 1559.98
0.0171412 884592 1565.84
0.0176214 896804 1578.37
0.0181151 898681 1578.73
0.0186226 908761 1590.57
0.0191444 921484 1602.92
0.0196807 926310 1607.35
0.0202321 933276 1613.1
0.020799 937970 1618.11
0.0213817 948206 1627.95
0.0219807 950268 1629.52
0.0225965 952268 1632.08
0.0232296 960766 1641.2
0.0238804 960165 1639.7
0.0245494 964979 1646.01
0.0252372 963545 1644.52
0.0259443 965455 1647.61
0.0266711 966574 1648.87
0.0274184 963379 1647.36
0.0281865 962874 1646.89
0.0289762 961486 1646.86
0.029788 958743 1646.07
0.0306226 954216 1642.04
0.0314805 950278 1638.62
0.0323625 946736 1637.49
0.0332691 938357 1630.15
0.0342012 928660 1623.16
0.0351594 919502 1615.08
0.0361444 911050 1608.22
0.0371571 902778 1601.94
0.0381981 892940 1593.79
0.0392682 880819 1583.37
0.0403684 864109 1568.82
0.0414994 849630 1555.21
0.042662 836288 1544.61
0.0438573 822507 1532.2
0.045086 804577 1514.53
0.0463491 785684 1498.08
0.0476476 769670 1482.9
0.0489826 753409 1467.98
0.0503549 731174 1447.24
0.0517656 712021 1427.47
0.0532159 692970 1409.26
0.0547068 668281 1383.68
0.0562395 650939 1367.39
0.0578151 626742 1341.17
0.0594349 606353 1319.08
0.0611 579531 1290.52
0.0628118 561583 1271.19
0.0645716 538452 1244.89
0.0663806 515762 1218.58
0.0682404 489500 1186.42
0.0701522 470686 1164.66
0.0721176 445623 1133.44
0.0741381 422912 1104.14
0.0762152 400240 1073.59
0.0783504 380133 1048.05
0.0805455 357252 1016.19
0.0828021 336269 986.05
0.0851219 313431 952.068
0.0875067 294235 922.84
0.0899583 275299 892.936
0.0924786 255221 858.959
0.0950696 237667 829.183
0.097733 218749 795.828
0.100471 203201 767.044
0.103286 186985 735.657
0.10618 171491 704.959
0.109154 157031 675.905
0.112213 141824 641.454
0.115356 128063 608.817
0.118588 116286 580.991
0.121911 105614 553.717
0.125326 94463.7 524.091
0.128837 84185.4 493.848
0.132447 74513.3 464.854
0.136157 66931.9 442.263
0.139972 59528.4 416.042
0.143894 52006.5 389.771
0.147925 45245.9 363.316
0.152069 40015.4 341.851
0.15633 34595.2 317.532
0.160709 29824.8 295.792
0.165212 24841.4 268.633
0.169841 21829.4 252.205
0.174599 18305.2 231.132
0.17949 15661.4 213.519
0.184519 13457.7 198.416
0.189689 10975.6 179.822
0.195003 8990.29 162.077
0.200466 7559.13 148.178
0.206083 6304.99 135.973
0.211856 5139.91 122.637
0.217792 4068.87 108.606
0.223893 3320.13 99.2563
0.230166 2752.2 89.3505
0.236615 2282.23 82.1139
0.243244 1743.22 71.3734
0.250058 1322.61 62.3343
0.257064 992.705 54.025
0.264266 842.802 49.1097
0.27167 598.754 42.0134
0.279281 387.727 33.9924
0.287105 385.504 32.8038
0.295149 225.287 25.4562
0.303418 182.367 23.8654
0.311919 114.635 17.9674
0.320658 97.6751 17.0285
0.329641 94.5909 17.7715
0.338876 63.5937 13.5158
0.348371 52.7468 12.1172
0.358131 29.0304 9.42852
0.368164 14.7465 6.32905
0.378479 10.2922 4.89876
0.389082 9.02112 5.86612
0.399983 3.33989 2.05362
0.411189 1.31584 1.31584
0.422709 5.3311 4.28799
0.434552 0 0
0.446726 0 0
0.459242 3.51816 3.51816
0.472108 0 0
0.485335 0 0
0.498932 0 0
0.51291 0 0
0.52728 0 0
0.542053 0 0
0.557239 0 0
0.572851 0 0
0.5889 0 0
0.605399 0 0
0.62236 0 0
0.639796 0 0
0.657721 0 0
0.676147 0 0
0.695091 0 0
0.714565 0 0
0.734584 0 0
0.755164 0 0
0.776321 0 0
0.798071 0 0
0.82043 0 0
0.843415 0 0
0.867045 0 0
0.891336 0 0
0.916308 0 0
0.941979 0 0
0.96837 0 0
0.9955 0 0
1.02339 0 0
1.05206 0 0
1.08154 0 0
1.11184 0 0
1.14299 0 0
1.17501 0 0
1.20793 0 0
1.24177 0 0
1.27656 0 0
1.31233 0 0
1.34909 0 0
1.38689 0 0
1.42574 0 0
1.46569 0 0
1.50675 0 0
1.54896 0 0
1.59236 0 0
1.63697 0 0
1.68283 0 0
1.72998 0 0
1.77845 0 0
1.82827 0 0
1.8795 0 0
1.93215 0 0
1.98628 0 0
2.04193 0 0
2.09914 0 0
2.15795 0 0
2.21841 0 0
2.28056 0 0
2.34445 0 0
2.41014 0 0
2.47766 0 0
2.54707 0 0
2.61843 0 0
2.69179 0 0
2.76721 0 0
2.84473 0 0
2.92443 0 0
3.00636 0 0
3.09059 0 0
3.17718 0 0
3.26619 0 0
3.3577 0 0
3.45177 0 0
3.54847 0 0
3.64789 0 0
3.75009 0 0
3.85515 0 0
3.96316 0 0
4.07419 0 0
4.18834 0 0
4.30568 0 0
4.42631 0 0
4.55031 0 0
4.6778 0 0
4.80885 0 0
4.94358 0 0
5.08208 0 0
5.22446 0 0
5.37083 0 0
5.5213 0 0
5.67599 0 0
5.83501 0 0
5.99848 0 0
6.16654 0 0
6.3393 0 0
6.51691 0 0
6.69949 0 0
6.88718 0 0
7.08013 0 0
7.27849 0 0
7.48241 0 0
7.69204 0 0
7.90754 0 0
8.12908 0 0
8.35683 0 0
8.59096 0 0
8.83164 0 0
9.07907 0 0
9.33343 0 0
9.59492 0 0
9.86374 0 0
10.1401 0 0
10.4242 0 0
10.7162 0 0
11.0164 0 0
11.3251 0 0
11.6424 0 0
11.9685 0 0
12.3039 0 0
12.6486 0 0
13.0029 0 0
13.3672 0 0
13.7417 0 0
14.1267 0 0
14.5225 0 0
14.9294 0 0
15.3476 0 0
15.7776 0 0
16.2196 0 0
16.6741 0 0
17.1412 0 0
17.6214 0 0
18.1151 0 0
18.6226 0 0
19.1444 0 0
19.6807 0 0
20.2321 0 0
20.799 0 0
21.3817 0 0
21.9807 0 0
22.5965 0 0
23.2296 0 0
23.8804 0 0
24.5494 0 0
25.2372 0 0
25.9443 0 0
26.6711 0 0
27.4184 0 0
28.1865 0 0
28.9762 0 0
29.788 0 0
30.6226 0 0
31.4805 0 0
32.3625 0 0
33.2691 0 0
34.2012 0 0
35.1594 0 0
36.1444 0 0
37.1571 0 0
38.1981 0 0
39.2682 0 0
40.3684 0 0
41.4994 0 0
42.662 0 0
43.8573 0 0
45.086 0 0
46.3491 0 0
47.6476 0 0
48.9826 0 0
50.3549 0 0
51.7656 0 0
53.2159 0 0
54.7068 0 0
56.2395 0 0
57.8151 0 0
59.4349 0 0
61.1 0 0
62.8118 0 0
64.5716 0 0
66.3806 0 0
68.2404 0 0
70.1522 0 0
72.1176 0 0
74.1381 0 0
76.2152 0 0
78.3504 0 0
80.5455 0 0
82.8021 0 0
85.1219 0 0
87.5067 0 0
89.9583 0 0
92.4786 0 0
95.0696 0 0
97.733 0 0
100.471 0 0
103.286 0 0
106.18 0 0
109.154 0 0
112.213 0 0
115.356 0 0
118.588 0 0
121.911 0 0
125.326 0 0
128.837 0 0
132.447 0 0
136.157 0 0
139.972 0 0
143.894 0 0
147.925 0 0
152.069 0 0
156.33 0 0
160.709 0 0
165.212 0 0
169.841 0 0
174.599 0 0
179.49 0 0
184.519 0 0
189.689 0 0
195.003 0 0
200.466 0 0
206.083 0 0
211.856 0 0
217.792 0 0
223.893 0 0
230.166 0 0
236.615 0 0
243.244 0 0
250.058 0 0
257.064 0 0
264.266 0 0
271.67 0 0
279.281 0 0
287.105 0 0
295.149 0 0
303.418 0 0
311.919 0 0
320.658 0 0
329.641 0 0
338.876 0 0
348.371 0 0
358.131 0 0
368.164 0 0
378.479 0 0
389.082 0 0
399.983 0 0
411.189 0 0
422.709 0 0
434.552 0 0
446.726 0 0
459.242 0 0
472.108 0 0
485.335 0 0
498.932 0 0
512.91 0 0
527.28 0 0
542.053 0 0
557.239 0 0
572.851 0 0
588.9 0 0
605.399 0 0
622.36 0 0
639.796 0 0
657.721 0 0
676.147 0 0
695.091 0 0
714.565 0 0
734.584 0 0
755.164 0 0
776.321 0 0
798.071 0 0
820.43 0 0
843.415 0 0
867.045 0 0
891.336 0 0
916.308 0 0
941.979 0 0
968.37 0 0
995.5 0 0
1023.39 0 0
1052.06 0 0
1081.54 0 0
1111.84 0 0
1142.99 0 0
1175.01 0 0
1207.93 0 0
1241.77 0 0
1276.56 0 0
1312.33 0 0
1349.09 0 0
1386.89 0 0
1425.74 0 0
1465.69 0 0
1506.75 0 0
1548.96 0 0
1592.36 0 0
1636.97 0 0
1682.83 0 0
1729.98 0 0
1778.45 0 0
1828.27 0 0
1879.5 0 0
1932.15 0 0
1986.28 0 0
2041.93 0 0
2099.14 0 0
2157.95 0 0
2218.41 0 0
2280.56 0 0
2344.45 0 0
2410.14 0 0
2477.66 0 0
2547.07 0 0
2618.43 0 0
2691.79 0 0
2767.21 0 0
2844.73 0 0
2924.43 0 0
3006.36 0 0
3090.59 0 0
3177.18 0 0
3266.19 0 0
3357.7 0 0
3451.77 0 0
3548.47 0 0
3647.89 0 0
3750.09 0 0
3855.15 0 0
3963.16 0 0
4074.19 0 0
4188.34 0 0
4305.68 0 0
4426.31 0 0
4550.31 0 0
4677.8 0 0
4808.85 0 0
4943.58 0 0
5082.08 0 0
5224.46 0 0
5370.83 0 0
5521.3 0 0
5675.99 0 0
5835.01 0 0
5998.48 0 0
6166.54 0 0
6339.3 0 0
6516.91 0 0
6699.49 0 0
6887.18 0 0
7080.13 0 0
7278.49 0 0
7482.41 0 0
7692.04 0 0
7907.54 0 0
8129.08 0 0
8356.83 0 0
8590.96 0 0
8831.64 0 0
9079.07 0 0
9333.43 0 0
9594.92 0 0
9863.74 0 0
10140.1 0 0
10424.2 0 0
10716.2 0 0
11016.4 0 0
11325.1 0 0
11642.4 0 0
11968.5 0 0
12303.9 0 0
12648.6 0 0
13002.9 0 0
13367.2 0 0
13741.7 0 0
14126.7 0 0
14522.5 0 0
14929.4 0 0
15347.6 0 0
15777.6 0 0
16219.6 0 0
16674.1 0 0
17141.2 0 0
17621.4 0 0
18115.1 0 0
18622.6 0 0
19144.4 0 0
19680.7 0 0
20232.1 0 0
20799 0 0
21381.7 0 0
21980.7 0 0
22596.5 0 0
23229.6 0 0
23880.4 0 0
24549.4 0 0
25237.2 0 0
25944.3 0 0
26671.1 0 0
27418.4 0 0
28186.5 0 0
28976.2 0 0
29788 0 0
30622.6 0 0
31480.5 0 0
32362.5 0 0
33269.1 0 0
34201.2 0 0
35159.4 0 0
36144.4 0 0
37157.1 0 0
38198.1 0 0
39268.2 0 0
40368.4 0 0
41499.4 0 0
42662 0 0
43857.3 0 0
45086 0 0
46349.1 0 0
47647.6 0 0
48982.6 0 0
50354.9 0 0
51765.6 0 0
53215.9 0 0
54706.8 0 0
56239.5 0 0
57815.1 0 0
59434.9 0 0
61100 0 0
62811.8 0 0
64571.6 0 0
66380.6 0 0
68240.4 0 0
70152.2 0 0
72117.6 0 0
74138.1 0 0
76215.2 0 0
78350.4 0 0
80545.5 0 0
82802.1 0 0
85121.9 0 0
87506.7 0 0
89958.3 0 0
92478.6 0 0
95069.6 0 0
97733 0 0
100471 0 0
103286 0 0
106180 0 0
109154 0 0
112213 0 0
115356 0 0
118588 0 0
121911 0 0
125326 0 0
128837 0 0
132447 0 0
136157 0 0
139972 0 0
143894 0 0
147925 0 0
152069 0 0
156330 0 0
160709 0 0
165212 0 0
169841 0 0
174599 0 0
179490 0 0
184519 0 0
189689 0 0
195003 0 0
200466 0 0
206083 0 0
211856 0 0
217792 0 0
223893 0 0
230166 0 0
236615 0 0
243244 0 0
250058 0 0
257064 0 0
264266 0 0
271670 0 0
279281 0 0
287105 0 0
295149 0 0
303418 0 0
311919 0 0
320658 0 0
329641 0 0
338876 0 0
348371 0 0
358131 0 0
368164 0 0
378479 0 0
389082 0 0
399983 0 0
411189 0 0
422709 0 0
434552 0 0
446726 0 0
459242 0 0
472108 0 0
485335 0 0
498932 0 0
512910 0 0
527280 0 0
542053 0 0
557239 0 0
572851 0 0
588900 0 0
605399 0 0
622360 0 0
639796 0 0
657721 0 0
676147 0 0
695091 0 0
714565 0 0
734584 0 0
755164 0 0
776321 0 0
798071 0 0
820430 0 0
843415 0 0
867045 0 0
891336 0 0
916308 0 0
941979 0 0
968370 0 0
995500 0 0
1.02339e+06 0 0
1.05206e+06 0 0
1.08154e+06 0 0
1.11184e+06 0 0
1.14299e+06 0 0
1.17501e+06 0 0
1.20793e+06 0 0
1.24177e+06 0 0
1.27656e+06 0 0
1.31233e+06 0 0
1.34909e+06 0 0
1.38689e+06 0 0
1.42574e+06 0 0
1.46569e+06 0 0
1.50675e+06 0 0
1.54896e+06 0 0
1.59236e+06 0 0
1.63697e+06 0 0
1.68283e+06 0 0
1.72998e+06 0 0
1.77845e+06 0 0
1.82827e+06 0 0
1.8795e+06 0 0
1.93215e+06 0 0
1.98628e+06 0 0
2.04193e+06 0 0
2.09914e+06 0 0
2.15795e+06 0 0
2.21841e+06 0 0
2.28056e+06 0 0
2.34445e+06 0 0
2.41014e+06 0 0
2.47766e+06 0 0
2.54707e+06 0 0
2.61843e+06 0 0
2.69179e+06 0 0
2.76721e+06 0 0
2.84473e+06 0 0
2.92443e+06 0 0
3.00636e+06 0 0
3.09059e+06 0 0
3.17718e+06 0 0
3.26619e+06 0 0
3.3577e+06 0 0
3.45177e+06 0 0
3.54847e+06 0 0
3.64789e+06 0 0
3.75009e+06 0 0
3.85515e+06 0 0
3.96316e+06 0 0
4.07419e+06 0 0
4.18834e+06 0 0
4.30568e+06 0 0
4.42631e+06 0 0
4.55031e+06 0 0
4.6778e+06 0 0
4.80885e+06 0 0
4.94358e+06 0 0
5.08208e+06 0 0
5.22446e+06 0 0
5.37083e+06 0 0
5.5213e+06 0 0
5.67599e+06 0 0
5.83501e+06 0 0
5.99848e+06 0 0
6.16654e+06 0 0
6.3393e+06 0 0
6.51691e+06 0 0
6.69949e+06 0 0
6.88718e+06 0 0
7.08013e+06 0 0
7.27849e+06 0 0
7.48241e+06 0 0
7.69204e+06 0 0
7.90754e+06 0 0
8.12908e+06 0 0
8.35683e+06 0 0
8.59096e+06 0 0
8.83164e+06 0 0
9.07907e+06 0 0
9.33343e+06 0 0
9.59492e+06 0 0
9.86374e+06 0 0
