1.01401e-05 141.833 8.06145
1.04242e-05 121.611 7.55499
1.07162e-05 160.835 9.49652
1.10164e-05 151.973 8.68489
1.13251e-05 165.213 8.93517
1.16424e-05 176.058 9.74587
1.19685e-05 168.174 9.58154
1.23039e-05 163.75 9.27189
1.26486e-05 198.375 10.5198
1.30029e-05 205.379 10.6885
1.33672e-05 197.787 10.3293
1.37417e-05 206.655 10.9106
1.41267e-05 210.401 10.6377
1.45225e-05 237.666 11.5872
1.49294e-05 240.776 12.0586
1.53476e-05 255.662 12.312
1.57776e-05 264.376 12.6897
1.62196e-05 276.141 13.2016
1.66741e-05 259.12 12.1539
1.71412e-05 331.198 14.5968
1.76214e-05 320.29 14.4394
1.81151e-05 279.766 12.7802
1.86226e-05 332.18 14.6237
1.91444e-05 337.782 15.1107
1.96807e-05 380.362 15.9397
2.02321e-05 362.535 15.4687
2.0799e-05 407.402 16.6992
2.13817e-05 408.996 16.9369
2.19807e-05 414.151 17.2031
2.25965e-05 441.843 17.8972
2.32296e-05 436.9 17.3185
2.38804e-05 477.261 17.8968
2.45494e-05 510.392 19.6796
2.52372e-05 547.933 20.5808
2.59443e-05 484.549 18.5348
2.66711e-05 565.571 20.6361
2.74184e-05 630.538 22.4209
2.81865e-05 596.663 21.5746
2.89762e-05 645.909 22.3673
2.9788e-05 687.114 24.1049
3.06226e-05 715.245 24.0756
3.14805e-05 724.458 24.5699
3.23625e-05 753.028 25.2604
3.32691e-05 734.517 24.8691
3.42012e-05 797.298 26.0927
3.51594e-05 871.21 27.5644
3.61444e-05 861.28 27.6953
3.71571e-05 883.352 27.5341
3.81981e-05 931.918 28.3369
3.92682e-05 955.192 29.4347
4.03684e-05 1049.85 30.7819
4.14994e-05 1047.91 30.7174
4.2662e-05 1042.87 30.8453
4.38573e-05 1070.74 30.9669
4.5086e-05 1195.32 34.257
4.63491e-05 1232.34 34.4715
4.76476e-05 1280.2 34.9516
4.89826e-05 1303.77 36.0995
5.03549e-05 1374.18 36.4865
5.17656e-05 1464.83 38.6987
5.32159e-05 1472.64 37.9832
5.47068e-05 1519.34 39.1203
5.62395e-05 1606.1 40.8439
5.78151e-05 1769.13 43.6152
5.94349e-05 1841.71 43.7429
6.11e-05 1877.52 44.9264
6.28118e-05 1853.11 43.7985
6.45716e-05 1892.84 44.4149
6.63806e-05 2063.99 47.2983
6.82404e-05 2102.8 47.971
7.01522e-05 2224.8 49.3868
7.21176e-05 2310.75 50.7586
7.41381e-05 2419.82 52.1774
7.62152e-05 2508.96 52.7559
7.83504e-05 2609.04 55.4984
8.05455e-05 2643.84 55.4406
8.28021e-05 2741.46 56.7422
8.51219e-05 2767.17 56.5428
8.75067e-05 2955.47 59.0498
8.99583e-05 3129.88 61.6589
9.24786e-05 3301.18 63.6403
9.50696e-05 3211.32 62.6763
9.7733e-05 3429.36 65.9369
0.000100471 3624.97 68.0768
0.000103286 3756.46 69.3066
0.00010618 3832.47 69.4222
0.000109154 4021.37 71.537
0.000112213 4178.47 73.3385
0.000115356 4407.58 75.8173
0.000118588 4535.08 77.7839
0.000121911 4974.19 83.1515
0.000125326 4930.62 81.7926
0.000128837 5096.85 82.2544
0.000132447 5173.56 84.0377
0.000136157 5323.28 85.6491
0.000139972 5669.27 89.3728
0.000143894 5858.81 91.0112
0.000147925 6018.36 91.6549
0.000152069 6263.71 94.1012
0.00015633 6356.19 95.5015
0.000160709 6848.54 99.8971
0.000165212 7028.85 101.663
0.000169841 7271.42 103.709
0.000174599 7681.43 106.337
0.00017949 7846.46 108.359
0.000184519 8311.22 112.037
0.000189689 8556.05 113.481
0.000195003 8635.57 114.648
0.000200466 9088.28 117.8
0.000206083 9592.08 122.524
0.000211856 9734.41 122.922
0.000217792 10210.6 127.315
0.000223893 10393.2 128.251
0.000230166 10952.2 131.609
0.000236615 11090.7 133.329
0.000243244 11628.7 137.571
0.000250058 12235.9 141.6
0.000257064 12407.8 141.353
0.000264266 13060.9 146.846
0.00027167 13416.9 148.852
0.000279281 13669.1 150.54
0.000287105 14408.5 155.819
0.000295149 15247.6 161.318
0.000303418 15541.6 163.557
0.000311919 16275.5 167.833
0.000320658 16880.2 171.587
0.000329641 17433.6 173.534
0.000338876 17937 176.868
0.000348371 18583.3 179.696
0.000358131 19404.1 185.47
0.000368164 20146.9 189.936
0.000378479 20851.6 194.178
0.000389082 21363.9 195.654
0.000399983 22029.4 200.007
0.000411189 22704.7 203.107
0.000422709 23932.7 210.209
0.000434552 24291.1 211.623
0.000446726 25555.1 218.146
0.000459242 26390.3 220.538
0.000472108 27017.2 224.342
0.000485335 28502.5 232.032
0.000498932 28942.6 234.31
0.00051291 30375.1 241.206
0.00052728 30977.6 242.696
0.000542053 32240 249.588
0.000557239 33675.8 253.804
0.000572851 35015.7 261.74
0.0005889 35952.6 266.021
0.000605399 36910.7 269.45
0.00062236 38197.7 274.548
0.000639796 39416.1 278.523
0.000657721 41032.9 285.366
0.000676147 42484.3 291.212
0.000695091 43602.1 295.878
0.000714565 45027.7 301.631
0.000734584 46252.7 305.568
0.000755164 48002.1 312.16
0.000776321 49040.2 315.501
0.000798071 51260.1 322.651
0.00082043 52515.8 328.111
0.000843415 54415.9 335.163
0.000867045 56404.5 342.239
0.000891336 57758.4 346.278
0.000916308 60883.6 357.425
0.000941979 62225.9 362.126
0.00096837 64753.2 369.507
0.0009955 66616.1 376.566
0.00102339 69103.3 383.481
0.00105206 71481.6 391.904
0.00108154 73788 397.197
0.00111184 75721.4 404.26
0.00114299 77773.4 409.551
0.00117501 80262.5 417.432
0.00120793 82724.7 424.309
0.00124177 85579.7 432.277
0.00127656 88119 439.265
0.00131233 90742.7 445.852
0.00134909 94172.9 456.153
0.00138689 96808.1 462.306
0.00142574 100481 474.027
0.00146569 103745 480.909
0.00150675 106260 487.629
0.00154896 110312 497.752
0.00159236 112836 505.584
0.00163697 116338 512.882
0.00168283 120610 523.507
0.00172998 123837 530.644
0.00177845 127495 538.882
0.00182827 131958 550.333
0.0018795 136081 558.642
0.00193215 139998 568.031
0.00198628 144130 576.499
0.00204193 148230 585.862
0.00209914 152111 593.406
0.00215795 157503 605.271
0.00221841 162611 616.889
0.00228056 167831 625.446
0.00234445 171443 634.237
0.00241014 176813 645.264
0.00247766 182452 655.034
0.00254707 188511 668.456
0.00261843 192092 674.787
0.00269179 198917 686.966
0.00276721 203488 694.792
0.00284473 209245 705.65
0.00292443 216632 720.235
0.00300636 222985 730.211
0.00309059 228380 740.194
0.00317718 233711 749.601
0.00326619 242546 764.33
0.0033577 248369 774.313
0.00345177 255450 785.669
0.00354847 261817 797.652
0.00364789 267288 806.437
0.00375009 276256 821.08
0.00385515 285420 835.292
0.00396316 291408 844.661
0.00407419 299233 856.472
0.00418834 306449 867.169
0.00430568 315412 881.419
0.00442631 323970 894.12
0.00455031 332371 905.357
0.0046778 340904 918.553
0.00480885 349688 931.786
0.00494358 357624 942.64
0.00508208 367149 955.6
0.00522446 375902 967.556
0.00537083 384434 980.703
0.0055213 395069 993.551
0.00567599 404671 1007.75
0.00583501 415875 1022.54
0.00599848 424766 1033.27
0.00616654 435122 1045.6
0.0063393 445657 1060.09
0.00651691 454565 1071.46
0.00669949 466660 1087.59
0.00688718 476781 1099.82
0.00708013 488471 1113.36
0.00727849 500205 1128.79
0.00748241 508413 1138.3
0.00769204 520388 1151.96
0.00790754 532653 1168.22
0.00812908 545421 1182.18
0.00835683 555677 1193.43
0.00859096 568481 1208.95
0.00883164 581961 1223.82
0.00907907 589086 1231.45
0.00933343 603381 1247.15
0.00959492 615658 1260.91
0.00986374 628096 1274.88
0.0101401 636521 1282.61
0.0104242 649724 1297.12
0.0107162 662001 1310.61
0.0110164 673116 1321.94
0.0113251 685788 1335.5
0.0116424 694900 1344.78
0.0119685 710631 1360.97
0.0123039 720335 1370.76
0.0126486 730648 1381.63
0.0130029 744300 1395.31
0.0133672 755006 1405.74
0.0137417 767235 1418.75
0.0141267 775800 1427.58
0.0145225 788616 1439.57
0.0149294 800713 1452
0.0153476 807814 1457.69
0.0157776 818570 1468.5
0.0162196 826262 1476.24
0.0166741 839135 1489.48
0.0171412 845723 1495.56
0.0176214 855061 1504.95
0.0181151 864982 1513.65
0.0186226 870315 1519.39
0.0191444 877546 1527.08
0.0196807 886336 1533.67
0.0202321 895869 1543.97
0.020799 898660 1547.15
0.0213817 904028 1552.2
0.0219807 906805 1554.39
0.0225965 909244 1558.3
0.0232296 918637 1567.25
0.0238804 918474 1567.29
0.0245494 922392 1571.48
0.0252372 920526 1570.04
0.0259443 920325 1569.11
0.0266711 921936 1572.26
0.0274184 921111 1572.33
0.0281865 921558 1573.06
0.0289762 923349 1576.69
0.029788 914486 1567.84
0.0306226 912681 1567.47
0.0314805 904147 1560.84
0.0323625 904330 1562.02
0.0332691 893858 1552.75
0.0342012 888854 1549.7
0.0351594 877466 1539.38
0.0361444 870612 1533.82
0.0371571 861676 1527.08
0.0381981 850742 1517.62
0.0392682 837043 1505.1
0.0403684 824324 1494.46
0.0414994 812831 1486.15
0.042662 798119 1471.72
0.0438573 783915 1459.79
0.045086 766117 1443.27
0.0463491 752694 1430.31
0.0476476 733122 1413.01
0.0489826 714259 1394.63
0.0503549 695168 1375.9
0.0517656 678210 1358.73
0.0532159 659250 1340.48
0.0547068 638969 1320.66
0.0562395 620281 1302.02
0.0578151 597308 1276.43
0.0594349 576201 1256.02
0.0611 557065 1234.91
0.0628118 533582 1208.11
0.0645716 512771 1185.2
0.0663806 489759 1157.23
0.0682404 468440 1133.02
0.0701522 446511 1106.9
0.0721176 425591 1081.08
0.0741381 403346 1052.32
0.0762152 382550 1024.4
0.0783504 358983 992.684
0.0805455 340015 967.025
0.0828021 321270 940.148
0.0851219 300632 909.775
0.0875067 280580 877.634
0.0899583 262652 850.73
0.0924786 244534 821.089
0.0950696 225829 788.928
0.097733 209119 758.613
0.100471 194316 732.806
0.103286 178347 701.942
0.10618 162916 671.056
0.109154 148366 638.994
0.112213 136812 615.32
0.115356 123064 583.566
0.118588 112009 557.656
0.121911 100662 527.261
0.125326 89561.2 496.916
0.128837 80448 472.042
0.132447 72455 448.723
0.136157 63530.7 419.372
0.139972 55880.4 393.552
0.143894 49286.9 370.081
0.147925 43129.4 345.904
0.152069 38275 326.782
0.15633 32310.1 299.29
0.160709 27930.4 278.584
0.165212 23901.6 256.847
0.169841 21064.8 240.938
0.174599 18244 226.074
0.17949 14993.6 204.287
0.184519 12771.5 187.987
0.189689 10192.7 167.048
0.195003 8976.49 158.526
0.200466 7148.31 141.896
0.206083 6126.03 131.366
0.211856 4823.14 116.668
0.217792 3866.79 104.099
0.223893 3049.22 91.9366
0.230166 2524.99 83.7665
0.236615 2000.18 74.1083
0.243244 1574.95 65.72
0.250058 1325.01 60.7321
0.257064 918.385 49.7601
0.264266 778.756 48.1283
0.27167 543.359 38.6279
0.279281 488.667 36.9005
0.287105 310.551 29.3489
0.295149 211.202 23.2727
0.303418 167.588 19.6075
0.311919 153.727 21.1113
0.320658 92.8173 15.765
0.329641 74.6451 14.1729
0.338876 51.6437 12.4359
0.348371 35.8283 11.0881
0.358131 27.2567 9.47176
0.368164 19.932 8.13033
0.378479 10.6987 4.62663
0.389082 0 0
0.399983 2.64096 2.64096
0.411189 3.37896 1.74418
0.422709 3.08548 2.98549
0.434552 0 0
0.446726 0 0
0.459242 0 0
0.472108 4.17599 4.17599
0.485335 0 0
0.498932 0 0
0.51291 0 0
0.52728 0 0
0.542053 0 0
0.557239 0 0
0.572851 0 0
0.5889 0 0
0.605399 0 0
0.62236 0 0
0.639796 0 0
0.657721 0 0
0.676147 0 0
0.695091 0 0
0.714565 0 0
0.734584 0 0
0.755164 0 0
0.776321 0 0
0.798071 0 0
0.82043 0 0
0.843415 0 0
0.867045 0 0
0.891336 0 0
0.916308 0 0
0.941979 0 0
0.96837 0 0
0.9955 0 0
1.02339 0 0
1.05206 0 0
1.08154 0 0
1.11184 0 0
1.14299 0 0
1.17501 0 0
1.20793 0 0
1.24177 0 0
1.27656 0 0
1.31233 0 0
1.34909 0 0
1.38689 0 0
1.42574 0 0
1.46569 0 0
1.50675 0 0
1.54896 0 0
1.59236 0 0
1.63697 0 0
1.68283 0 0
1.72998 0 0
1.77845 0 0
1.82827 0 0
1.8795 0 0
1.93215 0 0
1.98628 0 0
2.04193 0 0
2.09914 0 0
2.15795 0 0
2.21841 0 0
2.28056 0 0
2.34445 0 0
2.41014 0 0
2.47766 0 0
2.54707 0 0
2.61843 0 0
2.69179 0 0
2.76721 0 0
2.84473 0 0
2.92443 0 0
3.00636 0 0
3.09059 0 0
3.17718 0 0
3.26619 0 0
3.3577 0 0
3.45177 0 0
3.54847 0 0
3.64789 0 0
3.75009 0 0
3.85515 0 0
3.96316 0 0
4.07419 0 0
4.18834 0 0
4.30568 0 0
4.42631 0 0
4.55031 0 0
4.6778 0 0
4.80885 0 0
4.94358 0 0
5.08208 0 0
5.22446 0 0
5.37083 0 0
5.5213 0 0
5.67599 0 0
5.83501 0 0
5.99848 0 0
6.16654 0 0
6.3393 0 0
6.51691 0 0
6.69949 0 0
6.88718 0 0
7.08013 0 0
7.27849 0 0
7.48241 0 0
7.69204 0 0
7.90754 0 0
8.12908 0 0
8.35683 0 0
8.59096 0 0
8.83164 0 0
9.07907 0 0
9.33343 0 0
9.59492 0 0
9.86374 0 0
10.1401 0 0
10.4242 0 0
10.7162 0 0
11.0164 0 0
11.3251 0 0
11.6424 0 0
11.9685 0 0
12.3039 0 0
12.6486 0 0
13.0029 0 0
13.3672 0 0
13.7417 0 0
14.1267 0 0
14.5225 0 0
14.9294 0 0
15.3476 0 0
15.7776 0 0
16.2196 0 0
16.6741 0 0
17.1412 0 0
17.6214 0 0
18.1151 0 0
18.6226 0 0
19.1444 0 0
19.6807 0 0
20.2321 0 0
20.799 0 0
21.3817 0 0
21.9807 0 0
22.5965 0 0
23.2296 0 0
23.8804 0 0
24.5494 0 0
25.2372 0 0
25.9443 0 0
26.6711 0 0
27.4184 0 0
28.1865 0 0
28.9762 0 0
29.788 0 0
30.6226 0 0
31.4805 0 0
32.3625 0 0
33.2691 0 0
34.2012 0 0
35.1594 0 0
36.1444 0 0
37.1571 0 0
38.1981 0 0
39.2682 0 0
40.3684 0 0
41.4994 0 0
42.662 0 0
43.8573 0 0
45.086 0 0
46.3491 0 0
47.6476 0 0
48.9826 0 0
50.3549 0 0
51.7656 0 0
53.2159 0 0
54.7068 0 0
56.2395 0 0
57.8151 0 0
59.4349 0 0
61.1 0 0
62.8118 0 0
64.5716 0 0
66.3806 0 0
68.2404 0 0
70.1522 0 0
72.1176 0 0
74.1381 0 0
76.2152 0 0
78.3504 0 0
80.5455 0 0
82.8021 0 0
85.1219 0 0
87.5067 0 0
89.9583 0 0
92.4786 0 0
95.0696 0 0
97.733 0 0
100.471 0 0
103.286 0 0
106.18 0 0
109.154 0 0
112.213 0 0
115.356 0 0
118.588 0 0
121.911 0 0
125.326 0 0
128.837 0 0
132.447 0 0
136.157 0 0
139.972 0 0
143.894 0 0
147.925 0 0
152.069 0 0
156.33 0 0
160.709 0 0
165.212 0 0
169.841 0 0
174.599 0 0
179.49 0 0
184.519 0 0
189.689 0 0
195.003 0 0
200.466 0 0
206.083 0 0
211.856 0 0
217.792 0 0
223.893 0 0
230.166 0 0
236.615 0 0
243.244 0 0
250.058 0 0
257.064 0 0
264.266 0 0
271.67 0 0
279.281 0 0
287.105 0 0
295.149 0 0
303.418 0 0
311.919 0 0
320.658 0 0
329.641 0 0
338.876 0 0
348.371 0 0
358.131 0 0
368.164 0 0
378.479 0 0
389.082 0 0
399.983 0 0
411.189 0 0
422.709 0 0
434.552 0 0
446.726 0 0
459.242 0 0
472.108 0 0
485.335 0 0
498.932 0 0
512.91 0 0
527.28 0 0
542.053 0 0
557.239 0 0
572.851 0 0
588.9 0 0
605.399 0 0
622.36 0 0
639.796 0 0
657.721 0 0
676.147 0 0
695.091 0 0
714.565 0 0
734.584 0 0
755.164 0 0
776.321 0 0
798.071 0 0
820.43 0 0
843.415 0 0
867.045 0 0
891.336 0 0
916.308 0 0
941.979 0 0
968.37 0 0
995.5 0 0
1023.39 0 0
1052.06 0 0
1081.54 0 0
1111.84 0 0
1142.99 0 0
1175.01 0 0
1207.93 0 0
1241.77 0 0
1276.56 0 0
1312.33 0 0
1349.09 0 0
1386.89 0 0
1425.74 0 0
1465.69 0 0
1506.75 0 0
1548.96 0 0
1592.36 0 0
1636.97 0 0
1682.83 0 0
1729.98 0 0
1778.45 0 0
1828.27 0 0
1879.5 0 0
1932.15 0 0
1986.28 0 0
2041.93 0 0
2099.14 0 0
2157.95 0 0
2218.41 0 0
2280.56 0 0
2344.45 0 0
2410.14 0 0
2477.66 0 0
2547.07 0 0
2618.43 0 0
2691.79 0 0
2767.21 0 0
2844.73 0 0
2924.43 0 0
3006.36 0 0
3090.59 0 0
3177.18 0 0
3266.19 0 0
3357.7 0 0
3451.77 0 0
3548.47 0 0
3647.89 0 0
3750.09 0 0
3855.15 0 0
3963.16 0 0
4074.19 0 0
4188.34 0 0
4305.68 0 0
4426.31 0 0
4550.31 0 0
4677.8 0 0
4808.85 0 0
4943.58 0 0
5082.08 0 0
5224.46 0 0
5370.83 0 0
5521.3 0 0
5675.99 0 0
5835.01 0 0
5998.48 0 0
6166.54 0 0
6339.3 0 0
6516.91 0 0
6699.49 0 0
6887.18 0 0
7080.13 0 0
7278.49 0 0
7482.41 0 0
7692.04 0 0
7907.54 0 0
8129.08 0 0
8356.83 0 0
8590.96 0 0
8831.64 0 0
9079.07 0 0
9333.43 0 0
9594.92 0 0
9863.74 0 0
10140.1 0 0
10424.2 0 0
10716.2 0 0
11016.4 0 0
11325.1 0 0
11642.4 0 0
11968.5 0 0
12303.9 0 0
12648.6 0 0
13002.9 0 0
13367.2 0 0
13741.7 0 0
14126.7 0 0
14522.5 0 0
14929.4 0 0
15347.6 0 0
15777.6 0 0
16219.6 0 0
16674.1 0 0
17141.2 0 0
17621.4 0 0
18115.1 0 0
18622.6 0 0
19144.4 0 0
19680.7 0 0
20232.1 0 0
20799 0 0
21381.7 0 0
21980.7 0 0
22596.5 0 0
23229.6 0 0
23880.4 0 0
24549.4 0 0
25237.2 0 0
25944.3 0 0
26671.1 0 0
27418.4 0 0
28186.5 0 0
28976.2 0 0
29788 0 0
30622.6 0 0
31480.5 0 0
32362.5 0 0
33269.1 0 0
34201.2 0 0
35159.4 0 0
36144.4 0 0
37157.1 0 0
38198.1 0 0
39268.2 0 0
40368.4 0 0
41499.4 0 0
42662 0 0
43857.3 0 0
45086 0 0
46349.1 0 0
47647.6 0 0
48982.6 0 0
50354.9 0 0
51765.6 0 0
53215.9 0 0
54706.8 0 0
56239.5 0 0
57815.1 0 0
59434.9 0 0
61100 0 0
62811.8 0 0
64571.6 0 0
66380.6 0 0
68240.4 0 0
70152.2 0 0
72117.6 0 0
74138.1 0 0
76215.2 0 0
78350.4 0 0
80545.5 0 0
82802.1 0 0
85121.9 0 0
87506.7 0 0
89958.3 0 0
92478.6 0 0
95069.6 0 0
97733 0 0
100471 0 0
103286 0 0
106180 0 0
109154 0 0
112213 0 0
115356 0 0
118588 0 0
121911 0 0
125326 0 0
128837 0 0
132447 0 0
136157 0 0
139972 0 0
143894 0 0
147925 0 0
152069 0 0
156330 0 0
160709 0 0
165212 0 0
169841 0 0
174599 0 0
179490 0 0
184519 0 0
189689 0 0
195003 0 0
200466 0 0
206083 0 0
211856 0 0
217792 0 0
223893 0 0
230166 0 0
236615 0 0
243244 0 0
250058 0 0
257064 0 0
264266 0 0
271670 0 0
279281 0 0
287105 0 0
295149 0 0
303418 0 0
311919 0 0
320658 0 0
329641 0 0
338876 0 0
348371 0 0
358131 0 0
368164 0 0
378479 0 0
389082 0 0
399983 0 0
411189 0 0
422709 0 0
434552 0 0
446726 0 0
459242 0 0
472108 0 0
485335 0 0
498932 0 0
512910 0 0
527280 0 0
542053 0 0
557239 0 0
572851 0 0
588900 0 0
605399 0 0
622360 0 0
639796 0 0
657721 0 0
676147 0 0
695091 0 0
714565 0 0
734584 0 0
755164 0 0
776321 0 0
798071 0 0
820430 0 0
843415 0 0
867045 0 0
891336 0 0
916308 0 0
941979 0 0
968370 0 0
995500 0 0
1.02339e+06 0 0
1.05206e+06 0 0
1.08154e+06 0 0
1.11184e+06 0 0
1.14299e+06 0 0
1.17501e+06 0 0
1.20793e+06 0 0
1.24177e+06 0 0
1.27656e+06 0 0
1.31233e+06 0 0
1.34909e+06 0 0
1.38689e+06 0 0
1.42574e+06 0 0
1.46569e+06 0 0
1.50675e+06 0 0
1.54896e+06 0 0
1.59236e+06 0 0
1.63697e+06 0 0
1.68283e+06 0 0
1.72998e+06 0 0
1.77845e+06 0 0
1.82827e+06 0 0
1.8795e+06 0 0
1.93215e+06 0 0
1.98628e+06 0 0
2.04193e+06 0 0
2.09914e+06 0 0
2.15795e+06 0 0
2.21841e+06 0 0
2.28056e+06 0 0
2.34445e+06 0 0
2.41014e+06 0 0
2.47766e+06 0 0
2.54707e+06 0 0
2.61843e+06 0 0
2.69179e+06 0 0
2.76721e+06 0 0
2.84473e+06 0 0
2.92443e+06 0 0
3.00636e+06 0 0
3.09059e+06 0 0
3.17718e+06 0 0
3.26619e+06 0 0
3.3577e+06 0 0
3.45177e+06 0 0
3.54847e+06 0 0
3.64789e+06 0 0
3.75009e+06 0 0
3.85515e+06 0 0
3.96316e+06 0 0
4.07419e+06 0 0
4.18834e+06 0 0
4.30568e+06 0 0
4.42631e+06 0 0
4.55031e+06 0 0
4.6778e+06 0 0
4.80885e+06 0 0
4.94358e+06 0 0
5.08208e+06 0 0
5.22446e+06 0 0
5.37083e+06 0 0
5.5213e+06 0 0
5.67599e+06 0 0
5.83501e+06 0 0
5.99848e+06 0 0
6.16654e+06 0 0
6.3393e+06 0 0
6.51691e+06 0 0
6.69949e+06 0 0
6.88718e+06 0 0
7.08013e+06 0 0
7.27849e+06 0 0
7.48241e+06 0 0
7.69204e+06 0 0
7.90754e+06 0 0
8.12908e+06 0 0
8.35683e+06 0 0
8.59096e+06 0 0
8.83164e+06 0 0
9.07907e+06 0 0
9.33343e+06 0 0
9.59492e+06 0 0
9.86374e+06 0 0
