1.01401e-05 0 0
1.04242e-05 0 0
1.07162e-05 0 0
1.10164e-05 0 0
1.13251e-05 0 0
1.16424e-05 0 0
1.19685e-05 0 0
1.23039e-05 0 0
1.26486e-05 0 0
1.30029e-05 0 0
1.33672e-05 0 0
1.37417e-05 0 0
1.41267e-05 0 0
1.45225e-05 0 0
1.49294e-05 0 0
1.53476e-05 0 0
1.57776e-05 0 0
1.62196e-05 0 0
1.66741e-05 0 0
1.71412e-05 0 0
1.76214e-05 0 0
1.81151e-05 0 0
1.86226e-05 0 0
1.91444e-05 0 0
1.96807e-05 0 0
2.02321e-05 0 0
2.0799e-05 0 0
2.13817e-05 0 0
2.19807e-05 0 0
2.25965e-05 0 0
2.32296e-05 0 0
2.38804e-05 0 0
2.45494e-05 0 0
2.52372e-05 0 0
2.59443e-05 0 0
2.66711e-05 0 0
2.74184e-05 0 0
2.81865e-05 0 0
2.89762e-05 0 0
2.9788e-05 0 0
3.06226e-05 0 0
3.14805e-05 0 0
3.23625e-05 0 0
3.32691e-05 0 0
3.42012e-05 0 0
3.51594e-05 0 0
3.61444e-05 0 0
3.71571e-05 0 0
3.81981e-05 0 0
3.92682e-05 0 0
4.03684e-05 0 0
4.14994e-05 0 0
4.2662e-05 0 0
4.38573e-05 0 0
4.5086e-05 0 0
4.63491e-05 0 0
4.76476e-05 0 0
4.89826e-05 0 0
5.03549e-05 0 0
5.17656e-05 0 0
5.32159e-05 0 0
5.47068e-05 0 0
5.62395e-05 0 0
5.78151e-05 0 0
5.94349e-05 0 0
6.11e-05 0 0
6.28118e-05 0 0
6.45716e-05 0 0
6.63806e-05 0 0
6.82404e-05 0 0
7.01522e-05 0 0
7.21176e-05 0 0
7.41381e-05 0 0
7.62152e-05 0 0
7.83504e-05 0 0
8.05455e-05 0 0
8.28021e-05 0 0
8.51219e-05 0 0
8.75067e-05 0 0
8.99583e-05 0 0
9.24786e-05 0 0
9.50696e-05 0 0
9.7733e-05 0 0
0.000100471 0 0
0.000103286 0 0
0.00010618 0 0
0.000109154 0 0
0.000112213 0 0
0.000115356 0 0
0.000118588 0 0
0.000121911 0 0
0.000125326 0 0
0.000128837 0 0
0.000132447 0 0
0.000136157 0 0
0.000139972 0 0
0.000143894 0 0
0.000147925 0 0
0.000152069 0 0
0.00015633 0 0
0.000160709 0 0
0.000165212 0 0
0.000169841 0 0
0.000174599 0 0
0.00017949 0 0
0.000184519 0 0
0.000189689 0 0
0.000195003 0 0
0.000200466 0 0
0.000206083 0 0
0.000211856 0 0
0.000217792 0 0
0.000223893 0 0
0.000230166 0 0
0.000236615 0 0
0.000243244 0 0
0.000250058 0 0
0.000257064 0 0
0.000264266 0 0
0.00027167 0 0
0.000279281 0 0
0.000287105 0 0
0.000295149 0 0
0.000303418 0 0
0.000311919 0 0
0.000320658 0 0
0.000329641 0 0
0.000338876 0 0
0.000348371 0 0
0.000358131 0 0
0.000368164 0 0
0.000378479 0 0
0.000389082 0 0
0.000399983 0 0
0.000411189 0 0
0.000422709 0 0
0.000434552 0 0
0.000446726 0 0
0.000459242 0 0
0.000472108 0 0
0.000485335 0 0
0.000498932 0 0
0.00051291 0 0
0.00052728 0 0
0.000542053 0 0
0.000557239 0 0
0.000572851 0 0
0.0005889 0 0
0.000605399 0 0
0.00062236 0 0
0.000639796 0 0
0.000657721 0 0
0.000676147 0 0
0.000695091 0 0
0.000714565 0 0
0.000734584 0 0
0.000755164 0 0
0.000776321 0 0
0.000798071 0 0
0.00082043 0 0
0.000843415 0 0
0.000867045 0 0
0.000891336 0 0
0.000916308 0 0
0.000941979 0 0
0.00096837 0 0
0.0009955 0 0
0.00102339 0 0
0.00105206 0 0
0.00108154 0 0
0.00111184 0 0
0.00114299 0 0
0.00117501 0 0
0.00120793 0 0
0.00124177 0 0
0.00127656 0 0
0.00131233 0 0
0.00134909 0 0
0.00138689 0 0
0.00142574 0 0
0.00146569 0 0
0.00150675 0 0
0.00154896 0 0
0.00159236 0 0
0.00163697 0 0
0.00168283 0 0
0.00172998 0 0
0.00177845 0 0
0.00182827 0 0
0.0018795 0 0
0.00193215 0 0
0.00198628 0 0
0.00204193 0 0
0.00209914 0 0
0.00215795 0 0
0.00221841 0 0
0.00228056 0 0
0.00234445 0 0
0.00241014 0 0
0.00247766 0 0
0.00254707 0 0
0.00261843 0 0
0.00269179 0 0
0.00276721 0 0
0.00284473 0 0
0.00292443 0 0
0.00300636 0 0
0.00309059 0 0
0.00317718 0 0
0.00326619 0 0
0.0033577 0 0
0.00345177 0 0
0.00354847 0 0
0.00364789 0 0
0.00375009 0 0
0.00385515 0 0
0.00396316 0 0
0.00407419 0 0
0.00418834 0 0
0.00430568 0 0
0.00442631 0 0
0.00455031 0 0
0.0046778 0 0
0.00480885 0 0
0.00494358 0 0
0.00508208 0 0
0.00522446 0 0
0.00537083 0 0
0.0055213 0 0
0.00567599 0 0
0.00583501 0 0
0.00599848 0 0
0.00616654 0 0
0.0063393 0 0
0.00651691 0 0
0.00669949 0 0
0.00688718 0 0
0.00708013 0 0
0.00727849 0 0
0.00748241 0 0
0.00769204 0 0
0.00790754 0 0
0.00812908 0 0
0.00835683 0 0
0.00859096 0 0
0.00883164 0 0
0.00907907 0 0
0.00933343 0 0
0.00959492 0 0
0.00986374 0 0
0.0101401 0 0
0.0104242 0 0
0.0107162 0 0
0.0110164 0 0
0.0113251 0 0
0.0116424 0 0
0.0119685 0 0
0.0123039 0 0
0.0126486 0 0
0.0130029 0 0
0.0133672 0 0
0.0137417 0 0
0.0141267 0 0
0.0145225 0 0
0.0149294 0 0
0.0153476 0 0
0.0157776 0 0
0.0162196 0 0
0.0166741 0 0
0.0171412 0 0
0.0176214 0 0
0.0181151 0 0
0.0186226 0 0
0.0191444 0 0
0.0196807 0 0
0.0202321 0 0
0.020799 0 0
0.0213817 0 0
0.0219807 0 0
0.0225965 0 0
0.0232296 0 0
0.0238804 0 0
0.0245494 0 0
0.0252372 0 0
0.0259443 0 0
0.0266711 0 0
0.0274184 0 0
0.0281865 0 0
0.0289762 0 0
0.029788 0 0
0.0306226 0 0
0.0314805 0 0
0.0323625 0 0
0.0332691 0 0
0.0342012 0 0
0.0351594 0 0
0.0361444 0 0
0.0371571 0 0
0.0381981 0 0
0.0392682 0 0
0.0403684 0 0
0.0414994 0 0
0.042662 0 0
0.0438573 0 0
0.045086 0 0
0.0463491 0 0
0.0476476 0 0
0.0489826 0 0
0.0503549 0 0
0.0517656 0 0
0.0532159 0 0
0.0547068 0 0
0.0562395 0 0
0.0578151 0 0
0.0594349 0 0
0.0611 0 0
0.0628118 0 0
0.0645716 0 0
0.0663806 0 0
0.0682404 0 0
0.0701522 0 0
0.0721176 0 0
0.0741381 0 0
0.0762152 0 0
0.0783504 0 0
0.0805455 0 0
0.0828021 0 0
0.0851219 0 0
0.0875067 0 0
0.0899583 0 0
0.0924786 0 0
0.0950696 0 0
0.097733 0 0
0.100471 2.7253e+06 2811.61
0.103286 2.65893e+06 2777.45
0.10618 2.58588e+06 2738.59
0.109154 2.51368e+06 2700.38
0.112213 2.44967e+06 2665.71
0.115356 2.38331e+06 2630.68
0.118588 2.31846e+06 2595.43
0.121911 2.26024e+06 2563.75
0.125326 2.19904e+06 2529.92
0.128837 2.14191e+06 2496.32
0.132447 2.08489e+06 2463.23
0.136157 2.03078e+06 2432.73
0.139972 1.98035e+06 2402.85
0.143894 1.92254e+06 2366.96
0.147925 1.87097e+06 2335
0.152069 1.8212e+06 2304.35
0.15633 1.7714e+06 2273.24
0.160709 1.72491e+06 2243.59
0.165212 1.67729e+06 2212.42
0.169841 1.63519e+06 2185.01
0.174599 1.59038e+06 2156.01
0.17949 1.54739e+06 2126.06
0.184519 1.50405e+06 2095.81
0.189689 1.46539e+06 2070.19
0.195003 1.42497e+06 2041.71
0.200466 1.38841e+06 2014.97
0.206083 1.35152e+06 1988.94
0.211856 1.3146e+06 1962.38
0.217792 1.27936e+06 1935.57
0.223893 1.24375e+06 1909.25
0.230166 1.21425e+06 1886.34
0.236615 1.18161e+06 1860.52
0.243244 1.14977e+06 1835.96
0.250058 1.11456e+06 1808.23
0.257064 1.08594e+06 1784.48
0.264266 1.05739e+06 1760.93
0.27167 1.02776e+06 1736.68
0.279281 1.00135e+06 1714.85
0.287105 971949 1688.22
0.295149 949885 1669.64
0.303418 922073 1645.76
0.311919 898442 1624.66
0.320658 874736 1604.09
0.329641 851276 1581.48
0.338876 829188 1561.29
0.348371 804232 1537.52
0.358131 781851 1516.99
0.368164 764428 1500.03
0.378479 742893 1479.2
0.389082 723847 1459.52
0.399983 701701 1437.02
0.411189 686278 1422.18
0.422709 665950 1400.18
0.434552 650014 1385.38
0.446726 630207 1363.07
0.459242 616274 1348.77
0.472108 597615 1327.34
0.485335 580302 1308.06
0.498932 563692 1289.07
0.51291 552101 1277.8
0.52728 536239 1259.41
0.542053 522871 1243.57
0.557239 507968 1224.09
0.572851 492689 1205.3
0.5889 482413 1194.68
0.605399 467823 1174.85
0.62236 456234 1161.48
0.639796 441782 1142.55
0.657721 429755 1127.03
0.676147 417272 1110.28
0.695091 405021 1094.21
0.714565 394673 1079.78
0.734584 386900 1069.11
0.755164 375265 1053.47
0.776321 366497 1041.24
0.798071 354527 1023.24
0.82043 345677 1011.27
0.843415 334674 994.923
0.867045 326398 982.548
0.891336 319779 973.048
0.916308 307561 954.564
0.941979 301281 944.801
0.96837 292873 931.507
0.9955 285785 920.497
1.02339 276791 905.129
1.05206 268551 891.775
1.08154 261402 880.27
1.11184 256035 871.741
1.14299 248448 859.202
1.17501 241801 846.874
1.20793 235380 835.364
1.24177 228389 821.872
1.27656 223317 814.019
1.31233 216907 801.66
1.34909 209027 786.365
1.38689 203875 776.478
1.42574 199213 769.611
1.46569 194515 759.348
1.50675 188164 746.382
1.54896 183553 738.518
1.59236 178814 728.112
1.63697 174370 719.233
1.68283 170215 712.061
1.72998 163790 697.225
1.77845 160921 691.777
1.82827 155447 679.632
1.8795 150946 668.776
1.93215 147222 661.647
1.98628 142725 651.283
2.04193 140627 646.827
2.09914 135446 635.829
2.15795 133145 629.426
2.21841 128580 618.083
2.28056 124973 609.955
2.34445 121997 603.299
2.41014 118604 594.465
2.47766 115769 586.925
2.54707 112119 577.964
2.61843 110137 572.849
2.69179 106294 563.022
2.76721 103500 554.407
2.84473 100335 546.652
2.92443 97665.8 539.066
3.00636 95209.6 531.419
3.09059 93593.5 528.301
3.17718 89991.6 516.913
3.26619 87200.5 508.911
3.3577 84352.2 501.242
3.45177 83106.8 497.494
3.54847 81173.5 491.405
3.64789 79595.4 488.231
3.75009 76793.7 478.298
3.85515 74056 468.833
3.96316 72653 466.848
4.07419 69731.2 455.759
4.18834 68387 451.977
4.30568 65898.3 442.998
4.42631 65056.2 441.231
4.55031 63241.3 433.664
4.6778 60953.6 425.342
4.80885 59342 419.653
4.94358 57981 416.007
5.08208 56308.4 409.588
5.22446 53984.9 400.34
5.37083 53788 400.676
5.5213 51893.5 392.805
5.67599 50846.9 389.609
5.83501 48318.8 378.335
5.99848 48234 379.46
6.16654 46231.1 371.578
6.3393 45436.1 368.601
6.51691 44221.9 362.76
6.69949 43046.1 357.418
6.88718 41227.1 350.735
7.08013 40514.1 347.976
7.27849 39096.2 341.175
7.48241 38163.4 337.105
7.69204 37267.3 333.701
7.90754 36700.5 331.298
8.12908 35100.6 323.532
8.35683 34891.3 323.691
8.59096 32743.6 311.818
8.83164 32537 311.308
9.07907 32101.8 308.872
9.33343 30250.5 300.289
9.59492 29876.5 298.465
9.86374 29220.1 294.539
10.1401 28294 290.991
10.4242 27520 286.539
10.7162 26992.3 283.725
11.0164 26092 279.008
11.3251 25300.4 274.442
11.6424 24568 270.569
11.9685 23774 266.009
12.3039 23731.8 266.816
12.6486 22543.7 259.338
13.0029 22310.7 258.546
13.3672 21259.8 251.317
13.7417 21210.9 252.675
14.1267 20473.1 246.992
14.5225 20037.5 245.076
14.9294 19065.2 237.691
15.3476 18886.2 237.172
15.7776 17847.2 230.061
16.2196 17228.9 226.133
16.6741 17368.5 227.847
17.1412 16883 223.74
17.6214 16142.4 219.545
18.1151 15967.5 218.552
18.6226 15432.7 215.063
19.1444 15034.7 212.619
19.6807 14600.8 208.307
20.2321 14272.7 207.225
20.799 13873.4 202.9
21.3817 13547.8 200.098
21.9807 13066.2 197.042
22.5965 12707.3 195.247
23.2296 12634.2 194.651
23.8804 11753.2 187.42
24.5494 11741.2 187.192
25.2372 11311.2 183.977
25.9443 10861.2 180.084
26.6711 10811.2 179.823
27.4184 10864.9 180.407
28.1865 10075.8 173.346
28.9762 10005.8 172.614
29.788 9840.62 171.72
30.6226 9430.5 169.029
31.4805 8941.89 163.218
32.3625 8756.99 161.81
33.2691 8806.67 161.956
34.2012 8747.22 162.036
35.1594 8251.87 156.789
36.1444 8168.51 156.998
37.1571 7585.26 149.719
38.1981 7832.2 152.73
39.2682 7143.54 146.267
40.3684 7026.68 144.172
41.4994 6993.34 145.357
42.662 6841.21 143.246
43.8573 6497.18 139.379
45.086 6262.27 135.198
46.3491 6308.45 137.995
47.6476 6037.21 133.741
48.9826 5773.12 131.583
50.3549 5631.65 130.405
51.7656 5463.7 128.104
53.2159 5251.75 124.819
54.7068 5448.19 128.069
56.2395 4941.69 120.525
57.8151 4828.6 120.334
59.4349 4869.63 120.539
61.1 4661.58 116.885
62.8118 4508.37 116.987
64.5716 4254.14 112.455
66.3806 4480.15 116.382
68.2404 4316.96 114.52
70.1522 4130.63 112.402
72.1176 4054.21 110.224
74.1381 4043.25 110.106
76.2152 3668.03 104.274
78.3504 3472.73 101.336
80.5455 3750.69 107.042
82.8021 3405.23 100.782
85.1219 3324.8 99.3924
87.5067 3391.48 101.432
89.9583 3292.13 99.0602
92.4786 3094.55 96.2998
95.0696 3040.91 94.4448
97.733 3069.74 95.9477
100.471 2828.63 91.5962
103.286 2629.1 88.8643
106.18 2933.19 94.3255
109.154 2749.55 90.358
112.213 2379.21 84.0821
115.356 2472.39 85.1724
118.588 2382.08 84.2049
121.911 2297.11 82.5326
125.326 2265.37 82.4591
128.837 2149.73 79.2136
132.447 2174.56 80.7096
136.157 2188.26 81.8758
139.972 2102.84 79.7612
143.894 2065.33 79.6696
147.925 2039.01 78.8231
152.069 1908.4 74.7267
156.33 1813.73 73.9413
160.709 1930.29 76.3662
165.212 1723.84 71.6368
169.841 1755.52 72.2041
174.599 1645.5 70.6709
179.49 1540.02 68.494
184.519 1581.48 69.183
189.689 1386.59 63.3229
195.003 1622.45 69.7161
200.466 1434.68 67.0385
206.083 1339.28 62.6349
211.856 1322.33 62.8605
217.792 1337.15 63.7449
223.893 1265.66 62.882
230.166 1230.58 60.7061
236.615 1235.42 60.9043
243.244 1152.7 58.1326
250.058 1166.28 58.5894
257.064 1175.98 60.8179
264.266 1130.79 58.894
271.67 1097.26 57.4699
279.281 921.64 51.6777
287.105 968.25 53.9072
295.149 970.849 53.5347
303.418 850.247 51.3554
311.919 963.396 53.611
320.658 853.684 50.0458
329.641 935.261 52.8996
338.876 823.863 48.8561
348.371 865.678 51.4015
358.131 784.468 49.1635
368.164 779.9 48.2361
378.479 776.56 48.9026
389.082 683.62 45.313
399.983 750.41 47.6415
411.189 680.006 44.4963
422.709 746.285 47.7743
434.552 681.922 44.8402
446.726 598.954 42.7562
459.242 625.356 43.279
472.108 600.266 41.877
485.335 617.323 43.2744
498.932 533.424 40.4328
512.91 534.816 40.7114
527.28 518.409 38.38
542.053 503.564 37.7983
557.239 467.605 37.4137
572.851 370.029 32.0238
588.9 525.126 39.3806
605.399 431.226 36.5067
622.36 430.388 35.2604
639.796 469.341 37.7516
657.721 483.53 38.5915
676.147 464.669 37.4674
695.091 410.165 34.4471
714.565 403.072 35.0402
734.584 407.406 34.4513
755.164 444.851 36.9081
776.321 379.308 32.9492
798.071 349.433 32.4955
820.43 334.319 31.1923
843.415 354.486 33.4467
867.045 407.707 35.3784
891.336 319.473 31.1653
916.308 332.2 31.3909
941.979 266.221 27.8998
968.37 316.835 31.421
995.5 296.037 31.254
1023.39 265.317 27.5188
1052.06 270.277 27.8571
1081.54 246.721 28.2749
1111.84 241.723 26.7947
1142.99 276.885 29.6239
1175.01 221.547 25.2553
1207.93 237.399 26.5217
1241.77 275.444 29.3045
1276.56 219.392 24.6492
1312.33 258.03 28.0822
1349.09 263.182 29.1667
1386.89 197.556 23.3706
1425.74 239.239 28.2276
1465.69 159.41 21.6382
1506.75 216.051 25.0662
1548.96 182.39 23.5188
1592.36 196.979 24.2517
1636.97 140.845 19.6587
1682.83 163.954 21.4992
1729.98 154.184 20.729
1778.45 156.657 22.0919
1828.27 123.086 18.7797
1879.5 158.031 21.5463
1932.15 136.57 19.7704
1986.28 114.935 17.4211
2041.93 177.642 23.9165
2099.14 129.675 19.2902
2157.95 127.798 19.6153
2218.41 149.756 21.6046
2280.56 155.911 21.5455
2344.45 121.291 18.6564
2410.14 138.976 21.2205
2477.66 125.87 18.518
2547.07 125.205 19.0318
2618.43 165.379 22.5481
2691.79 132.745 20.1272
2767.21 94.9382 16.865
2844.73 111.934 18.1137
2924.43 97.9088 17.1973
3006.36 74.7184 15.1449
3090.59 109.124 17.9027
3177.18 68.9188 13.5706
3266.19 113.899 18.6316
3357.7 101.156 17.4626
3451.77 101.763 16.9031
3548.47 48.7685 11.1553
3647.89 53.8847 12.9456
3750.09 96.4881 16.8474
3855.15 75.7367 14.3485
3963.16 58.4902 12.0774
4074.19 57.8008 12.6765
4188.34 99.719 17.3248
4305.68 98.0629 16.4692
4426.31 57.9579 12.5271
4550.31 62.5111 13.3152
4677.8 53.8038 12.1822
4808.85 38.0829 10.3975
4943.58 54.2996 12.6972
5082.08 33.4846 8.09517
5224.46 46.157 12.2858
5370.83 60.7309 13.8095
5521.3 56.7093 13.7532
5675.99 46.6415 11.4222
5835.01 30.7322 8.41952
5998.48 31.1543 8.73009
6166.54 51.5691 12.1044
6339.3 38.949 9.63382
6516.91 40.2464 10.2014
6699.49 34.3261 10.4095
6887.18 25.186 8.15454
7080.13 40.3944 10.6927
7278.49 28.718 9.26826
7482.41 61.6095 14.1627
7692.04 39.5815 10.3177
7907.54 55.2631 13.1536
8129.08 38.6686 12.0502
8356.83 37.1519 9.86813
8590.96 37.3124 9.75361
8831.64 27.9739 8.82655
9079.07 45.1325 12.3069
9333.43 27.4142 9.07375
9594.92 20.3849 7.46995
9863.74 25.0011 8.29535
10140.1 4.9574 2.12208
10424.2 42.2533 11.7753
10716.2 11.4062 5.4629
11016.4 21.655 7.45185
11325.1 17.6529 6.72174
11642.4 27.7417 10.6496
11968.5 21.543 7.3654
12303.9 39.1142 10.9134
12648.6 17.1418 6.33392
13002.9 25.201 8.66792
13367.2 33.3183 10.6078
13741.7 19.5125 7.5572
14126.7 13.1717 5.74121
14522.5 6.50102 3.82848
14929.4 35.2498 10.6249
15347.6 14.8907 7.47522
15777.6 9.45226 4.51042
16219.6 23.6946 8.22592
16674.1 9.32344 5.30461
17141.2 25.1365 9.67917
17621.4 11.8097 5.69781
18115.1 23.7127 8.47815
18622.6 25.1353 7.97985
19144.4 6.79515 4.09587
19680.7 11.7529 6.29141
20232.1 34.2452 11.2722
20799 7.5307 5.48946
21381.7 15.9968 6.14512
21980.7 14.3966 7.27266
22596.5 1.9295 1.39192
23229.6 3.42383 2.43483
23880.4 11.4869 6.75163
24549.4 6.87091 4.65121
25237.2 15.1602 6.7026
25944.3 10.199 6.46492
26671.1 0.573192 0.573192
27418.4 14.943 6.33049
28186.5 13.0696 6.50051
28976.2 3.91529 2.35727
29788 7.70915 3.91685
30622.6 7.50744 4.82027
31480.5 9.67886 5.95324
32362.5 11.7281 5.86935
33269.1 8.71906 3.7792
34201.2 6.49497 4.96682
35159.4 8.27383 4.91196
36144.4 15.214 8.2408
37157.1 12.1276 6.51708
38198.1 1.54671 1.54671
39268.2 8.33097 4.89512
40368.4 8.78827 5.74542
41499.4 6.50237 3.24233
42662 3.04966 3.04966
43857.3 9.32532 4.92904
45086 12.272 6.90955
46349.1 13.0396 6.50143
47647.6 3.58684 2.11483
48982.6 4.31397 4.31397
50354.9 15.8948 7.22636
51765.6 4.38285 4.06434
53215.9 4.95602 3.58415
54706.8 2.63329 2.45793
56239.5 6.89506 4.09604
57815.1 2.3496 2.32199
59434.9 11.2002 4.93336
61100 3.08378 2.25307
62811.8 9.94908 4.99003
64571.6 1.45504 1.45504
66380.6 2.37184 1.68067
68240.4 2.02397 2.02397
70152.2 6.84649 4.12784
72117.6 0 0
74138.1 2.34933 2.34933
76215.2 6.81786 4.72196
78350.4 3.33048 3.10419
80545.5 2.70369 2.0351
82802.1 2.63787 2.63787
85121.9 3.13412 3.13412
87506.7 7.7045 4.48813
89958.3 2.17806 1.40788
92478.6 10.9698 6.45027
95069.6 4.34937 2.95505
97733 4.27748 4.27748
100471 0.488144 0.488144
103286 3.80388 2.83584
106180 0 0
109154 0 0
112213 11.6474 6.09555
115356 0 0
118588 5.42298 3.87485
121911 5.35719 4.05373
125326 7.07416 4.06604
128837 3.6892 3.6892
132447 0 0
136157 0.695344 0.695344
139972 0 0
143894 0 0
147925 3.08806 3.08806
152069 0 0
156330 0 0
160709 0 0
165212 0 0
169841 0 0
174599 2.69025 2.69025
179490 0 0
184519 0 0
189689 3.6763 3.6763
195003 4.89146 4.89146
200466 1.00371 1.00371
206083 2.71766 2.71766
211856 1.12436 1.12436
217792 1.54638 1.54638
223893 0 0
230166 0 0
236615 0 0
243244 0 0
250058 0 0
257064 0 0
264266 0 0
271670 2.69509 2.69509
279281 2.31507 2.31507
287105 0 0
295149 0 0
303418 0 0
311919 0 0
320658 0 0
329641 3.83774 3.83774
338876 0 0
348371 0 0
358131 0 0
368164 0 0
378479 1.97069 1.97069
389082 0 0
399983 0 0
411189 0 0
422709 0 0
434552 0 0
446726 0 0
459242 0 0
472108 0 0
485335 0 0
498932 3.61671 3.61671
512910 1.4932 1.4932
527280 0 0
542053 0 0
557239 0 0
572851 0 0
588900 4.81293 3.71245
605399 2.57683 1.89397
622360 0 0
639796 0.611705 0.505322
657721 0 0
676147 0 0
695091 0 0
714565 2.59995 2.59995
734584 0 0
755164 0 0
776321 0 0
798071 0 0
820430 0 0
843415 0 0
867045 0 0
891336 0 0
916308 0 0
941979 0 0
968370 0 0
995500 0 0
1.02339e+06 0 0
1.05206e+06 0 0
1.08154e+06 0 0
1.11184e+06 0 0
1.14299e+06 0 0
1.17501e+06 0 0
1.20793e+06 0 0
1.24177e+06 0 0
1.27656e+06 0 0
1.31233e+06 0 0
1.34909e+06 0 0
1.38689e+06 0 0
1.42574e+06 0 0
1.46569e+06 0 0
1.50675e+06 0 0
1.54896e+06 0 0
1.59236e+06 0 0
1.63697e+06 0 0
1.68283e+06 0 0
1.72998e+06 0 0
1.77845e+06 0 0
1.82827e+06 0 0
1.8795e+06 0 0
1.93215e+06 0 0
1.98628e+06 0 0
2.04193e+06 0 0
2.09914e+06 0 0
2.15795e+06 0 0
2.21841e+06 1.64182 1.64182
2.28056e+06 0 0
2.34445e+06 0 0
2.41014e+06 0 0
2.47766e+06 0 0
2.54707e+06 0 0
2.61843e+06 0 0
2.69179e+06 0 0
2.76721e+06 0 0
2.84473e+06 0 0
2.92443e+06 0 0
3.00636e+06 0 0
3.09059e+06 0 0
3.17718e+06 0 0
3.26619e+06 0 0
3.3577e+06 0 0
3.45177e+06 1.60638 1.60638
3.54847e+06 0 0
3.64789e+06 0 0
3.75009e+06 0 0
3.85515e+06 0 0
3.96316e+06 0.960321 0.960321
4.07419e+06 0 0
4.18834e+06 0 0
4.30568e+06 0 0
4.42631e+06 0 0
4.55031e+06 0 0
4.6778e+06 0 0
4.80885e+06 0 0
4.94358e+06 0 0
5.08208e+06 0 0
5.22446e+06 0 0
5.37083e+06 0 0
5.5213e+06 0 0
5.67599e+06 0 0
5.83501e+06 0 0
5.99848e+06 0 0
6.16654e+06 0 0
6.3393e+06 0 0
6.51691e+06 0 0
6.69949e+06 0 0
6.88718e+06 0 0
7.08013e+06 0 0
7.27849e+06 0 0
7.48241e+06 0 0
7.69204e+06 0 0
7.90754e+06 0 0
8.12908e+06 0 0
8.35683e+06 0 0
8.59096e+06 0 0
8.83164e+06 0 0
9.07907e+06 0 0
9.33343e+06 0 0
9.59492e+06 0 0
9.86374e+06 0 0
