1.01401e-05 161.074 9.27595
1.04242e-05 143.266 8.96243
1.07162e-05 149.499 8.97262
1.10164e-05 145.242 8.43799
1.13251e-05 155.106 9.13676
1.16424e-05 167.748 9.90731
1.19685e-05 163.866 9.22719
1.23039e-05 173.046 9.81199
1.26486e-05 196.226 10.3907
1.30029e-05 196.497 10.3389
1.33672e-05 195.913 10.3305
1.37417e-05 219.357 10.8803
1.41267e-05 223.267 11.1631
1.45225e-05 238.844 11.7875
1.49294e-05 257.23 12.3825
1.53476e-05 229.168 11.2991
1.57776e-05 276.489 13.5731
1.62196e-05 263.199 12.6804
1.66741e-05 287.339 13.6698
1.71412e-05 283.406 13.6331
1.76214e-05 315.8 13.5833
1.81151e-05 342.649 15.0046
1.86226e-05 342.545 15.1349
1.91444e-05 368.196 15.7167
1.96807e-05 374.278 16.722
2.02321e-05 356.699 15.6179
2.0799e-05 400.487 16.6804
2.13817e-05 427.759 17.6763
2.19807e-05 438.684 17.4703
2.25965e-05 424.641 17.042
2.32296e-05 454.282 17.7546
2.38804e-05 483.173 18.9406
2.45494e-05 519.964 19.4751
2.52372e-05 523.152 19.641
2.59443e-05 565.914 21.4346
2.66711e-05 568.828 21.1509
2.74184e-05 560.499 20.7606
2.81865e-05 579.356 21.0871
2.89762e-05 624.069 22.6082
2.9788e-05 692.007 23.551
3.06226e-05 653.445 23.2448
3.14805e-05 733.757 24.806
3.23625e-05 752.469 25.344
3.32691e-05 705.718 24.0331
3.42012e-05 794.005 25.9774
3.51594e-05 816.789 26.7698
3.61444e-05 889.411 28.1243
3.71571e-05 927.656 28.715
3.81981e-05 911.788 29.1196
3.92682e-05 1050.96 31.027
4.03684e-05 1075 32.5627
4.14994e-05 1094.38 32.5749
4.2662e-05 1110.33 32.111
4.38573e-05 1129.73 33.4428
4.5086e-05 1175.61 33.6168
4.63491e-05 1242.01 34.588
4.76476e-05 1279.18 34.6046
4.89826e-05 1383.3 37.4716
5.03549e-05 1423.84 37.9917
5.17656e-05 1388.87 36.5429
5.32159e-05 1507.34 39.5969
5.47068e-05 1552.53 40.3966
5.62395e-05 1654.03 42.3213
5.78151e-05 1781.04 44.5005
5.94349e-05 1833.32 44.7621
6.11e-05 1852.32 44.0971
6.28118e-05 1913.55 45.5447
6.45716e-05 1976.3 46.98
6.63806e-05 2082.23 49.572
6.82404e-05 2144.3 49.6161
7.01522e-05 2210.99 49.5942
7.21176e-05 2416.11 53.6948
7.41381e-05 2544.43 54.7329
7.62152e-05 2360.53 51.8
7.83504e-05 2508.08 53.6952
8.05455e-05 2743.68 57.1236
8.28021e-05 2781.23 58.5509
8.51219e-05 2924.44 59.6143
8.75067e-05 3020.64 60.5461
8.99583e-05 3176.81 63.5968
9.24786e-05 3297.6 65.9995
9.50696e-05 3279.83 64.1979
9.7733e-05 3422.85 65.5625
0.000100471 3691.79 68.9933
0.000103286 3944.42 71.7732
0.00010618 3898.28 70.8822
0.000109154 4160.1 74.9019
0.000112213 4211.35 75.0756
0.000115356 4457.35 77.2413
0.000118588 4682.19 79.8703
0.000121911 4759.48 81.612
0.000125326 5024.08 84.1767
0.000128837 5089.79 84.562
0.000132447 5363.75 86.9523
0.000136157 5687.46 89.9194
0.000139972 5658.05 89.0622
0.000143894 6116.34 95.2125
0.000147925 6340.02 97.1018
0.000152069 6559.68 98.9683
0.00015633 6784.3 101.352
0.000160709 7077.95 103.131
0.000165212 7428.49 107.279
0.000169841 7512.16 107.931
0.000174599 7612.33 106.794
0.00017949 8075.53 112.49
0.000184519 8486.92 115.546
0.000189689 8792.7 118.913
0.000195003 9025.22 119.925
0.000200466 9720.86 125.689
0.000206083 9691.67 123.975
0.000211856 10143.2 127.906
0.000217792 10369.2 129.682
0.000223893 10983.7 135.045
0.000230166 11469.2 139.492
0.000236615 11492.3 138.812
0.000243244 12398.3 145.623
0.000250058 12588.6 146.263
0.000257064 13097.1 149.801
0.000264266 13516 152.921
0.00027167 14146.5 157.662
0.000279281 14574.3 158.922
0.000287105 15042.2 162.874
0.000295149 15831.5 168.709
0.000303418 16040.2 169.298
0.000311919 16911.8 175.358
0.000320658 17669.6 180.301
0.000329641 18266.6 183.546
0.000338876 19292.9 189.859
0.000348371 19575.1 190.619
0.000358131 19409.6 189.542
0.000368164 20783.1 197.513
0.000378479 21753.5 201.892
0.000389082 22276 205.648
0.000399983 22983.4 209.86
0.000411189 24061.4 215.27
0.000422709 24514.3 217.63
0.000434552 25699.2 223.606
0.000446726 26515.6 229.178
0.000459242 27790.9 235.23
0.000472108 28334.5 237.952
0.000485335 29453.8 241.559
0.000498932 30265.2 246.49
0.00051291 31270 251.253
0.00052728 32250.7 254.439
0.000542053 34091.3 263.983
0.000557239 34991.4 267.796
0.000572851 36099 272.905
0.0005889 37151.8 276.393
0.000605399 39063.3 286.262
0.00062236 40122.5 288.734
0.000639796 41655.5 295.718
0.000657721 43132 302.658
0.000676147 44425.8 309.023
0.000695091 45998.6 314.14
0.000714565 47162.4 317.9
0.000734584 49468.3 328.175
0.000755164 50698.5 332.034
0.000776321 52337.3 337.625
0.000798071 54226.2 343.983
0.00082043 56057.8 350.267
0.000843415 57778.8 357.746
0.000867045 59732.4 364.839
0.000891336 61589.6 370.986
0.000916308 63802.6 378.606
0.000941979 66435.3 387.009
0.00096837 68772.8 395.357
0.0009955 71000.6 402.227
0.00102339 72294.6 405.954
0.00105206 75598 418.189
0.00108154 78028.3 424.868
0.00111184 79676.4 428.702
0.00114299 82734.3 438.615
0.00117501 85655.2 447.739
0.00120793 88001.4 452.519
0.00124177 91469.9 464.711
0.00127656 94800.8 473.185
0.00131233 96765.6 478.268
0.00134909 100435 488.741
0.00138689 103337 496.877
0.00142574 106708 505.582
0.00146569 109914 514.663
0.00150675 113135 522
0.00154896 117178 531.386
0.00159236 121317 543.104
0.00163697 125230 553.203
0.00168283 129862 564.514
0.00172998 133367 572.339
0.00177845 136710 580.148
0.00182827 140693 589.895
0.0018795 145497 600.503
0.00193215 149738 610.819
0.00198628 154267 620.858
0.00204193 158734 629.666
0.00209914 164461 642.611
0.00215795 170041 653.733
0.00221841 172947 659.83
0.00228056 179405 673.266
0.00234445 183768 682.448
0.00241014 191200 697.735
0.00247766 194716 705.148
0.00254707 202087 720.05
0.00261843 208117 732.031
0.00269179 214191 743.363
0.00276721 220052 753.093
0.00284473 225766 763.604
0.00292443 232693 777.501
0.00300636 237948 786.294
0.00309059 245579 799.273
0.00317718 252113 811.062
0.00326619 259704 824.38
0.0033577 266918 837.164
0.00345177 275437 852.408
0.00354847 284465 866.983
0.00364789 291015 878.392
0.00375009 297349 888.198
0.00385515 305875 901.835
0.00396316 315975 919.131
0.00407419 321762 925.472
0.00418834 331691 942.026
0.00430568 339791 954.239
0.00442631 350430 969.633
0.00455031 358971 983.056
0.0046778 368220 998.062
0.00480885 377893 1010.33
0.00494358 386264 1022.36
0.00508208 397622 1040.24
0.00522446 409730 1056.72
0.00537083 417823 1067.18
0.0055213 427548 1081.08
0.00567599 439849 1096.32
0.00583501 448974 1110
0.00599848 461741 1126.13
0.00616654 471550 1139.44
0.0063393 483649 1154.3
0.00651691 495566 1169.81
0.00669949 506389 1184.18
0.00688718 516341 1197.15
0.00708013 531290 1213.89
0.00727849 541218 1226.51
0.00748241 551843 1238.91
0.00769204 566278 1256.35
0.00790754 578445 1271.4
0.00812908 592269 1287.21
0.00835683 605629 1303.62
0.00859096 617023 1316.33
0.00883164 628864 1329.79
0.00907907 643946 1346.11
0.00933343 654665 1358.06
0.00959492 668181 1373.55
0.00986374 681845 1388.12
0.0101401 695748 1404.22
0.0104242 707538 1416.54
0.0107162 718637 1428.99
0.0110164 733561 1443.42
0.0113251 745760 1458.22
0.0116424 757782 1470.94
0.0119685 773442 1485.39
0.0123039 785757 1499.38
0.0126486 798521 1512.84
0.0130029 810370 1523.78
0.0133672 822156 1535.2
0.0137417 834218 1547.9
0.0141267 848188 1563.25
0.0145225 857433 1571.14
0.0149294 869515 1583.73
0.0153476 877737 1591.28
0.0157776 891226 1604.66
0.0162196 903530 1615.77
0.0166741 913374 1626.91
0.0171412 923884 1636.03
0.0176214 937202 1649.98
0.0181151 939267 1651.28
0.0186226 948548 1660.04
0.0191444 959829 1672.4
0.0196807 970128 1682.51
0.0202321 973348 1684.31
0.020799 978750 1689.74
0.0213817 990658 1703.46
0.0219807 991719 1704.28
0.0225965 994119 1705.61
0.0232296 1.00427e+06 1716.75
0.0238804 1.00398e+06 1717.66
0.0245494 1.00688e+06 1719.59
0.0252372 1.00758e+06 1720.55
0.0259443 1.00775e+06 1722.1
0.0266711 1.00774e+06 1721.88
0.0274184 1.0086e+06 1724
0.0281865 1.00653e+06 1724.51
0.0289762 1.00149e+06 1718.63
0.029788 1.00269e+06 1721.51
0.0306226 999983 1719.95
0.0314805 991561 1712.98
0.0323625 986700 1709.85
0.0332691 978278 1703.78
0.0342012 971306 1698.3
0.0351594 965259 1694.24
0.0361444 952810 1682.91
0.0371571 943980 1675.96
0.0381981 929880 1663.31
0.0392682 916715 1652.91
0.0403684 903798 1641.7
0.0414994 889904 1629.3
0.042662 873374 1614.88
0.0438573 858587 1601.36
0.045086 840911 1586.07
0.0463491 826896 1573.37
0.0476476 804627 1552.18
0.0489826 782619 1531.23
0.0503549 765291 1514.59
0.0517656 747600 1496.67
0.0532159 722742 1472.82
0.0547068 702372 1452.45
0.0562395 678997 1428.29
0.0578151 654415 1403.19
0.0594349 634315 1382.39
0.0611 611056 1357.62
0.0628118 587865 1331.56
0.0645716 563083 1303.62
0.0663806 538042 1273.8
0.0682404 517967 1250.5
0.0701522 491010 1218.15
0.0721176 467382 1187.9
0.0741381 442650 1157.53
0.0762152 419692 1126.79
0.0783504 396283 1095.82
0.0805455 373163 1063.52
0.0828021 352621 1034.74
0.0851219 329001 998.511
0.0875067 307515 965.331
0.0899583 286985 933.027
0.0924786 268167 902.18
0.0950696 247149 865.396
0.097733 230807 837.989
0.100471 213049 805.392
0.103286 194902 769.727
0.10618 179821 740.433
0.109154 163991 706.296
0.112213 147689 670.264
0.115356 136016 644.202
0.118588 122324 610.998
0.121911 108690 574.283
0.125326 99677.4 550.967
0.128837 87725.4 517.399
0.132447 78922.4 490.868
0.136157 69866.3 460.971
0.139972 62428.7 436.336
0.143894 54843.2 409.807
0.147925 47851.2 383.545
0.152069 41077.4 353.572
0.15633 35901 331.153
0.160709 31733.5 312.058
0.165212 26910.5 287.595
0.169841 23019.8 265.992
0.174599 19204 242.364
0.17949 16345.3 223.818
0.184519 13876.1 205.921
0.189689 11577.4 187.36
0.195003 9666.25 171.849
0.200466 8251.43 158.84
0.206083 6453.15 141.062
0.211856 5481.44 129.792
0.217792 4479.93 116.66
0.223893 3554.47 105.464
0.230166 2746.29 91.5468
0.236615 2170.49 81.651
0.243244 1694.97 71.8536
0.250058 1392.55 65.6034
0.257064 1171.4 59.8336
0.264266 839.629 50.4687
0.27167 635.135 44.7607
0.279281 439.093 35.5549
0.287105 359.688 33.777
0.295149 273.244 28.7159
0.303418 226.775 26.9288
0.311919 147.674 21.2435
0.320658 88.6952 16.0872
0.329641 75.342 14.7953
0.338876 40.8212 10.6958
0.348371 30.0868 10.2704
0.358131 35.6613 10.2653
0.368164 14.3254 7.55782
0.378479 8.56641 5.1136
0.389082 13.9751 6.59782
0.399983 7.02807 3.99412
0.411189 5.4825 4.69374
0.422709 1.32773 0.984278
0.434552 2.32738 2.00592
0.446726 0 0
0.459242 0 0
0.472108 0 0
0.485335 0 0
0.498932 0 0
0.51291 0 0
0.52728 0 0
0.542053 0 0
0.557239 0 0
0.572851 0 0
0.5889 0 0
0.605399 0 0
0.62236 0 0
0.639796 0 0
0.657721 0 0
0.676147 0 0
0.695091 0 0
0.714565 0 0
0.734584 0 0
0.755164 0 0
0.776321 0 0
0.798071 0 0
0.82043 0 0
0.843415 0 0
0.867045 0 0
0.891336 0 0
0.916308 0 0
0.941979 0 0
0.96837 0 0
0.9955 0 0
1.02339 0 0
1.05206 0 0
1.08154 0 0
1.11184 0 0
1.14299 0 0
1.17501 0 0
1.20793 0 0
1.24177 0 0
1.27656 0 0
1.31233 0 0
1.34909 0 0
1.38689 0 0
1.42574 0 0
1.46569 0 0
1.50675 0 0
1.54896 0 0
1.59236 0 0
1.63697 0 0
1.68283 0 0
1.72998 0 0
1.77845 0 0
1.82827 0 0
1.8795 0 0
1.93215 0 0
1.98628 0 0
2.04193 0 0
2.09914 0 0
2.15795 0 0
2.21841 0 0
2.28056 0 0
2.34445 0 0
2.41014 0 0
2.47766 0 0
2.54707 0 0
2.61843 0 0
2.69179 0 0
2.76721 0 0
2.84473 0 0
2.92443 0 0
3.00636 0 0
3.09059 0 0
3.17718 0 0
3.26619 0 0
3.3577 0 0
3.45177 0 0
3.54847 0 0
3.64789 0 0
3.75009 0 0
3.85515 0 0
3.96316 0 0
4.07419 0 0
4.18834 0 0
4.30568 0 0
4.42631 0 0
4.55031 0 0
4.6778 0 0
4.80885 0 0
4.94358 0 0
5.08208 0 0
5.22446 0 0
5.37083 0 0
5.5213 0 0
5.67599 0 0
5.83501 0 0
5.99848 0 0
6.16654 0 0
6.3393 0 0
6.51691 0 0
6.69949 0 0
6.88718 0 0
7.08013 0 0
7.27849 0 0
7.48241 0 0
7.69204 0 0
7.90754 0 0
8.12908 0 0
8.35683 0 0
8.59096 0 0
8.83164 0 0
9.07907 0 0
9.33343 0 0
9.59492 0 0
9.86374 0 0
10.1401 0 0
10.4242 0 0
10.7162 0 0
11.0164 0 0
11.3251 0 0
11.6424 0 0
11.9685 0 0
12.3039 0 0
12.6486 0 0
13.0029 0 0
13.3672 0 0
13.7417 0 0
14.1267 0 0
14.5225 0 0
14.9294 0 0
15.3476 0 0
15.7776 0 0
16.2196 0 0
16.6741 0 0
17.1412 0 0
17.6214 0 0
18.1151 0 0
18.6226 0 0
19.1444 0 0
19.6807 0 0
20.2321 0 0
20.799 0 0
21.3817 0 0
21.9807 0 0
22.5965 0 0
23.2296 0 0
23.8804 0 0
24.5494 0 0
25.2372 0 0
25.9443 0 0
26.6711 0 0
27.4184 0 0
28.1865 0 0
28.9762 0 0
29.788 0 0
30.6226 0 0
31.4805 0 0
32.3625 0 0
33.2691 0 0
34.2012 0 0
35.1594 0 0
36.1444 0 0
37.1571 0 0
38.1981 0 0
39.2682 0 0
40.3684 0 0
41.4994 0 0
42.662 0 0
43.8573 0 0
45.086 0 0
46.3491 0 0
47.6476 0 0
48.9826 0 0
50.3549 0 0
51.7656 0 0
53.2159 0 0
54.7068 0 0
56.2395 0 0
57.8151 0 0
59.4349 0 0
61.1 0 0
62.8118 0 0
64.5716 0 0
66.3806 0 0
68.2404 0 0
70.1522 0 0
72.1176 0 0
74.1381 0 0
76.2152 0 0
78.3504 0 0
80.5455 0 0
82.8021 0 0
85.1219 0 0
87.5067 0 0
89.9583 0 0
92.4786 0 0
95.0696 0 0
97.733 0 0
100.471 0 0
103.286 0 0
106.18 0 0
109.154 0 0
112.213 0 0
115.356 0 0
118.588 0 0
121.911 0 0
125.326 0 0
128.837 0 0
132.447 0 0
136.157 0 0
139.972 0 0
143.894 0 0
147.925 0 0
152.069 0 0
156.33 0 0
160.709 0 0
165.212 0 0
169.841 0 0
174.599 0 0
179.49 0 0
184.519 0 0
189.689 0 0
195.003 0 0
200.466 0 0
206.083 0 0
211.856 0 0
217.792 0 0
223.893 0 0
230.166 0 0
236.615 0 0
243.244 0 0
250.058 0 0
257.064 0 0
264.266 0 0
271.67 0 0
279.281 0 0
287.105 0 0
295.149 0 0
303.418 0 0
311.919 0 0
320.658 0 0
329.641 0 0
338.876 0 0
348.371 0 0
358.131 0 0
368.164 0 0
378.479 0 0
389.082 0 0
399.983 0 0
411.189 0 0
422.709 0 0
434.552 0 0
446.726 0 0
459.242 0 0
472.108 0 0
485.335 0 0
498.932 0 0
512.91 0 0
527.28 0 0
542.053 0 0
557.239 0 0
572.851 0 0
588.9 0 0
605.399 0 0
622.36 0 0
639.796 0 0
657.721 0 0
676.147 0 0
695.091 0 0
714.565 0 0
734.584 0 0
755.164 0 0
776.321 0 0
798.071 0 0
820.43 0 0
843.415 0 0
867.045 0 0
891.336 0 0
916.308 0 0
941.979 0 0
968.37 0 0
995.5 0 0
1023.39 0 0
1052.06 0 0
1081.54 0 0
1111.84 0 0
1142.99 0 0
1175.01 0 0
1207.93 0 0
1241.77 0 0
1276.56 0 0
1312.33 0 0
1349.09 0 0
1386.89 0 0
1425.74 0 0
1465.69 0 0
1506.75 0 0
1548.96 0 0
1592.36 0 0
1636.97 0 0
1682.83 0 0
1729.98 0 0
1778.45 0 0
1828.27 0 0
1879.5 0 0
1932.15 0 0
1986.28 0 0
2041.93 0 0
2099.14 0 0
2157.95 0 0
2218.41 0 0
2280.56 0 0
2344.45 0 0
2410.14 0 0
2477.66 0 0
2547.07 0 0
2618.43 0 0
2691.79 0 0
2767.21 0 0
2844.73 0 0
2924.43 0 0
3006.36 0 0
3090.59 0 0
3177.18 0 0
3266.19 0 0
3357.7 0 0
3451.77 0 0
3548.47 0 0
3647.89 0 0
3750.09 0 0
3855.15 0 0
3963.16 0 0
4074.19 0 0
4188.34 0 0
4305.68 0 0
4426.31 0 0
4550.31 0 0
4677.8 0 0
4808.85 0 0
4943.58 0 0
5082.08 0 0
5224.46 0 0
5370.83 0 0
5521.3 0 0
5675.99 0 0
5835.01 0 0
5998.48 0 0
6166.54 0 0
6339.3 0 0
6516.91 0 0
6699.49 0 0
6887.18 0 0
7080.13 0 0
7278.49 0 0
7482.41 0 0
7692.04 0 0
7907.54 0 0
8129.08 0 0
8356.83 0 0
8590.96 0 0
8831.64 0 0
9079.07 0 0
9333.43 0 0
9594.92 0 0
9863.74 0 0
10140.1 0 0
10424.2 0 0
10716.2 0 0
11016.4 0 0
11325.1 0 0
11642.4 0 0
11968.5 0 0
12303.9 0 0
12648.6 0 0
13002.9 0 0
13367.2 0 0
13741.7 0 0
14126.7 0 0
14522.5 0 0
14929.4 0 0
15347.6 0 0
15777.6 0 0
16219.6 0 0
16674.1 0 0
17141.2 0 0
17621.4 0 0
18115.1 0 0
18622.6 0 0
19144.4 0 0
19680.7 0 0
20232.1 0 0
20799 0 0
21381.7 0 0
21980.7 0 0
22596.5 0 0
23229.6 0 0
23880.4 0 0
24549.4 0 0
25237.2 0 0
25944.3 0 0
26671.1 0 0
27418.4 0 0
28186.5 0 0
28976.2 0 0
29788 0 0
30622.6 0 0
31480.5 0 0
32362.5 0 0
33269.1 0 0
34201.2 0 0
35159.4 0 0
36144.4 0 0
37157.1 0 0
38198.1 0 0
39268.2 0 0
40368.4 0 0
41499.4 0 0
42662 0 0
43857.3 0 0
45086 0 0
46349.1 0 0
47647.6 0 0
48982.6 0 0
50354.9 0 0
51765.6 0 0
53215.9 0 0
54706.8 0 0
56239.5 0 0
57815.1 0 0
59434.9 0 0
61100 0 0
62811.8 0 0
64571.6 0 0
66380.6 0 0
68240.4 0 0
70152.2 0 0
72117.6 0 0
74138.1 0 0
76215.2 0 0
78350.4 0 0
80545.5 0 0
82802.1 0 0
85121.9 0 0
87506.7 0 0
89958.3 0 0
92478.6 0 0
95069.6 0 0
97733 0 0
100471 0 0
103286 0 0
106180 0 0
109154 0 0
112213 0 0
115356 0 0
118588 0 0
121911 0 0
125326 0 0
128837 0 0
132447 0 0
136157 0 0
139972 0 0
143894 0 0
147925 0 0
152069 0 0
156330 0 0
160709 0 0
165212 0 0
169841 0 0
174599 0 0
179490 0 0
184519 0 0
189689 0 0
195003 0 0
200466 0 0
206083 0 0
211856 0 0
217792 0 0
223893 0 0
230166 0 0
236615 0 0
243244 0 0
250058 0 0
257064 0 0
264266 0 0
271670 0 0
279281 0 0
287105 0 0
295149 0 0
303418 0 0
311919 0 0
320658 0 0
329641 0 0
338876 0 0
348371 0 0
358131 0 0
368164 0 0
378479 0 0
389082 0 0
399983 0 0
411189 0 0
422709 0 0
434552 0 0
446726 0 0
459242 0 0
472108 0 0
485335 0 0
498932 0 0
512910 0 0
527280 0 0
542053 0 0
557239 0 0
572851 0 0
588900 0 0
605399 0 0
622360 0 0
639796 0 0
657721 0 0
676147 0 0
695091 0 0
714565 0 0
734584 0 0
755164 0 0
776321 0 0
798071 0 0
820430 0 0
843415 0 0
867045 0 0
891336 0 0
916308 0 0
941979 0 0
968370 0 0
995500 0 0
1.02339e+06 0 0
1.05206e+06 0 0
1.08154e+06 0 0
1.11184e+06 0 0
1.14299e+06 0 0
1.17501e+06 0 0
1.20793e+06 0 0
1.24177e+06 0 0
1.27656e+06 0 0
1.31233e+06 0 0
1.34909e+06 0 0
1.38689e+06 0 0
1.42574e+06 0 0
1.46569e+06 0 0
1.50675e+06 0 0
1.54896e+06 0 0
1.59236e+06 0 0
1.63697e+06 0 0
1.68283e+06 0 0
1.72998e+06 0 0
1.77845e+06 0 0
1.82827e+06 0 0
1.8795e+06 0 0
1.93215e+06 0 0
1.98628e+06 0 0
2.04193e+06 0 0
2.09914e+06 0 0
2.15795e+06 0 0
2.21841e+06 0 0
2.28056e+06 0 0
2.34445e+06 0 0
2.41014e+06 0 0
2.47766e+06 0 0
2.54707e+06 0 0
2.61843e+06 0 0
2.69179e+06 0 0
2.76721e+06 0 0
2.84473e+06 0 0
2.92443e+06 0 0
3.00636e+06 0 0
3.09059e+06 0 0
3.17718e+06 0 0
3.26619e+06 0 0
3.3577e+06 0 0
3.45177e+06 0 0
3.54847e+06 0 0
3.64789e+06 0 0
3.75009e+06 0 0
3.85515e+06 0 0
3.96316e+06 0 0
4.07419e+06 0 0
4.18834e+06 0 0
4.30568e+06 0 0
4.42631e+06 0 0
4.55031e+06 0 0
4.6778e+06 0 0
4.80885e+06 0 0
4.94358e+06 0 0
5.08208e+06 0 0
5.22446e+06 0 0
5.37083e+06 0 0
5.5213e+06 0 0
5.67599e+06 0 0
5.83501e+06 0 0
5.99848e+06 0 0
6.16654e+06 0 0
6.3393e+06 0 0
6.51691e+06 0 0
6.69949e+06 0 0
6.88718e+06 0 0
7.08013e+06 0 0
7.27849e+06 0 0
7.48241e+06 0 0
7.69204e+06 0 0
7.90754e+06 0 0
8.12908e+06 0 0
8.35683e+06 0 0
8.59096e+06 0 0
8.83164e+06 0 0
9.07907e+06 0 0
9.33343e+06 0 0
9.59492e+06 0 0
9.86374e+06 0 0
