1.01401e-05 97.1312 5.9822
1.04242e-05 96.2841 5.55547
1.07162e-05 106.896 6.08664
1.10164e-05 107.886 6.52281
1.13251e-05 110.78 6.18436
1.16424e-05 121.264 6.84327
1.19685e-05 116.939 6.60261
1.23039e-05 127.308 6.71319
1.26486e-05 138.283 7.36954
1.30029e-05 146.698 7.35992
1.33672e-05 148.576 7.90355
1.37417e-05 171.137 8.44676
1.41267e-05 174.015 8.35563
1.45225e-05 159.31 7.8506
1.49294e-05 183.114 8.82161
1.53476e-05 163.292 8.06604
1.57776e-05 192.626 9.05651
1.62196e-05 186.892 8.78959
1.66741e-05 199.541 9.10764
1.71412e-05 199.65 9.25072
1.76214e-05 229.481 10.0459
1.81151e-05 212.784 9.73024
1.86226e-05 232.111 10.1357
1.91444e-05 230.583 10.1991
1.96807e-05 271.131 11.1842
2.02321e-05 248.199 10.5861
2.0799e-05 279.67 11.5017
2.13817e-05 263.382 11.0934
2.19807e-05 301.235 12.0197
2.25965e-05 294.103 11.8963
2.32296e-05 340.798 13.1404
2.38804e-05 353.582 13.5972
2.45494e-05 370.585 13.943
2.52372e-05 357.346 13.3795
2.59443e-05 389.192 14.1948
2.66711e-05 383.874 14.0985
2.74184e-05 422.583 15.1309
2.81865e-05 427.13 15.2143
2.89762e-05 419.004 15.038
2.9788e-05 480.987 16.332
3.06226e-05 503.865 16.5975
3.14805e-05 505.945 16.708
3.23625e-05 526.941 17.2127
3.32691e-05 523.368 17.3537
3.42012e-05 599.954 18.574
3.51594e-05 603.301 19.0504
3.61444e-05 609.73 19.0592
3.71571e-05 659.139 20.1929
3.81981e-05 675.831 20.0811
3.92682e-05 687.669 20.3711
4.03684e-05 736.888 21.4013
4.14994e-05 744.338 21.9078
4.2662e-05 776.754 22.2028
4.38573e-05 803.798 22.9204
4.5086e-05 833.555 23.962
4.63491e-05 892.256 24.0633
4.76476e-05 949.663 24.8654
4.89826e-05 996.16 26.6603
5.03549e-05 990.632 25.5531
5.17656e-05 1073.53 27.0522
5.32159e-05 1055.71 27.1823
5.47068e-05 1124.56 27.9192
5.62395e-05 1127.28 27.9351
5.78151e-05 1182.6 29.0663
5.94349e-05 1289.09 30.1682
6.11e-05 1315.75 30.7124
6.28118e-05 1373.21 32.0977
6.45716e-05 1390.95 31.8058
6.63806e-05 1445.07 32.7487
6.82404e-05 1520.87 33.4109
7.01522e-05 1543.37 34.1455
7.21176e-05 1676.06 35.71
7.41381e-05 1771.25 37.7416
7.62152e-05 1746.21 36.413
7.83504e-05 1784.33 37.4402
8.05455e-05 1929.94 39.2697
8.28021e-05 1937.36 39.1406
8.51219e-05 2081.95 41.2734
8.75067e-05 2119.04 41.7933
8.99583e-05 2260.5 43.7519
9.24786e-05 2348.48 44.7431
9.50696e-05 2369.24 44.6188
9.7733e-05 2399.78 44.708
0.000100471 2646.31 47.9325
0.000103286 2770.46 49.2403
0.00010618 2770.85 49.3233
0.000109154 2894.51 50.5895
0.000112213 3044.76 51.8766
0.000115356 3179.53 53.5522
0.000118588 3258.95 54.1895
0.000121911 3350.39 55.8144
0.000125326 3602.73 58.2229
0.000128837 3733.98 58.5008
0.000132447 3819.15 59.9707
0.000136157 3889.82 61.0273
0.000139972 4076.82 61.7566
0.000143894 4175.62 62.9845
0.000147925 4490.11 66.4411
0.000152069 4578.45 66.9146
0.00015633 4693.56 67.1833
0.000160709 5006.03 72.0208
0.000165212 5152.5 71.5396
0.000169841 5262.56 72.2191
0.000174599 5473.37 75.473
0.00017949 5783.11 77.5897
0.000184519 5921.62 78.9589
0.000189689 6030.88 79.8414
0.000195003 6489.06 83.3982
0.000200466 6726.5 85.014
0.000206083 6890.29 85.8762
0.000211856 7067.67 87.2292
0.000217792 7212.71 88.4161
0.000223893 7581.87 91.8516
0.000230166 8037.79 94.2379
0.000236615 8192.91 96.6082
0.000243244 8658.63 98.671
0.000250058 8878.39 100.746
0.000257064 9077.65 101.846
0.000264266 9631.4 105.181
0.00027167 9930.85 107.628
0.000279281 10155.5 110.104
0.000287105 10580 111.821
0.000295149 10946.9 114.268
0.000303418 11363.5 117.17
0.000311919 11868.6 120.337
0.000320658 12276.3 122.006
0.000329641 12603.9 124.66
0.000338876 12984.8 127.045
0.000348371 13579.5 130.156
0.000358131 13954.3 132.928
0.000368164 14359 134.783
0.000378479 15053.6 138.658
0.000389082 15433.3 140.457
0.000399983 16024.2 144.682
0.000411189 16929.4 150.98
0.000422709 17383.2 150.849
0.000434552 17935.2 154.414
0.000446726 18377.8 156.39
0.000459242 19348.6 162.343
0.000472108 19661.9 162.259
0.000485335 20569.7 167.76
0.000498932 21480.9 172.317
0.00051291 21865.6 173.238
0.00052728 22926.9 179.871
0.000542053 23962.5 185.85
0.000557239 24815.9 188.091
0.000572851 25322.2 190.895
0.0005889 25958.1 192.902
0.000605399 27366.2 199.192
0.00062236 27914.4 201.679
0.000639796 29268 208.698
0.000657721 30033.8 210.009
0.000676147 31288.5 215.541
0.000695091 32620.3 223.233
0.000714565 33295.7 225.454
0.000734584 34527.4 228.843
0.000755164 35855.9 234.766
0.000776321 36898.2 239.832
0.000798071 37996 243.546
0.00082043 39414 249.732
0.000843415 40716.3 254.57
0.000867045 42010.2 259.4
0.000891336 43640.2 264.532
0.000916308 44963.4 269.541
0.000941979 46313.3 273.362
0.00096837 48651.5 282.307
0.0009955 49088.9 284.156
0.00102339 51673.2 292.291
0.00105206 53195.9 297.723
0.00108154 54640.6 302.066
0.00111184 56501.7 309.57
0.00114299 58414.7 315.398
0.00117501 59854 320.233
0.00120793 62469.9 329.053
0.00124177 64505.6 336.304
0.00127656 65928.7 339.805
0.00131233 67988.6 343.407
0.00134909 71439.9 354.508
0.00138689 73477.5 362.038
0.00142574 75327.4 366.758
0.00146569 78659.2 377.012
0.00150675 80391.2 378.053
0.00154896 82738.5 387.244
0.00159236 86006.5 396.124
0.00163697 88177.1 401.356
0.00168283 91816 413.225
0.00172998 94439.1 419.851
0.00177845 96905.7 425.967
0.00182827 99934.9 434.582
0.0018795 104038 446.133
0.00193215 106847 451.536
0.00198628 109312 458.423
0.00204193 113419 466.909
0.00209914 116501 474.816
0.00215795 119933 483.984
0.00221841 124444 496.84
0.00228056 127982 503.492
0.00234445 132382 512.788
0.00241014 136495 523.167
0.00247766 140071 529.511
0.00254707 144376 538.965
0.00261843 147592 546.512
0.00269179 153590 561.443
0.00276721 158314 569.032
0.00284473 162278 577.943
0.00292443 166979 590.078
0.00300636 171884 598.046
0.00309059 176527 608.369
0.00317718 181993 619.586
0.00326619 187547 629.247
0.0033577 192262 640.033
0.00345177 197549 646.935
0.00354847 204721 661.432
0.00364789 211221 676.426
0.00375009 215538 680.337
0.00385515 222763 699.102
0.00396316 227938 705.263
0.00407419 235212 718.836
0.00418834 241809 730.889
0.00430568 247676 742.242
0.00442631 255958 756.635
0.00455031 262421 766.974
0.0046778 268650 779.449
0.00480885 275729 787.825
0.00494358 283695 804.483
0.00508208 289296 811.058
0.00522446 298127 824.94
0.00537083 306867 840.859
0.0055213 313976 852.207
0.00567599 322746 866.741
0.00583501 329785 875.695
0.00599848 339888 893.846
0.00616654 348771 907.429
0.0063393 355691 918.972
0.00651691 364627 928.916
0.00669949 372282 941.283
0.00688718 381009 955.609
0.00708013 390947 967.315
0.00727849 399566 981.886
0.00748241 409646 996.133
0.00769204 418553 1009.95
0.00790754 428256 1022.93
0.00812908 438253 1037.32
0.00835683 447959 1048.02
0.00859096 455303 1059.01
0.00883164 468422 1076.08
0.00907907 477478 1089.51
0.00933343 487234 1101.12
0.00959492 496840 1112.61
0.00986374 506206 1124.27
0.0101401 516320 1141.53
0.0104242 524251 1150.18
0.0107162 535854 1167.64
0.0110164 547961 1179.81
0.0113251 556522 1191.13
0.0116424 565626 1201.93
0.0119685 577196 1218.14
0.0123039 588445 1233.26
0.0126486 599249 1247.68
0.0130029 608627 1257.26
0.0133672 619251 1270.8
0.0137417 626194 1279.61
0.0141267 635031 1290.6
0.0145225 645159 1302.73
0.0149294 655130 1316.29
0.0153476 661555 1321.62
0.0157776 673703 1338.12
0.0162196 682041 1348.8
0.0166741 690162 1357.61
0.0171412 698303 1366.63
0.0176214 704444 1373.47
0.0181151 711841 1382.09
0.0186226 719517 1394.7
0.0191444 725403 1401.55
0.0196807 733107 1409.95
0.0202321 736550 1413.66
0.020799 744217 1425.7
0.0213817 749643 1433
0.0219807 753483 1439.76
0.0225965 757468 1442.51
0.0232296 761771 1448.88
0.0238804 762952 1451.5
0.0245494 771290 1463.6
0.0252372 768583 1461.77
0.0259443 769983 1463.33
0.0266711 773282 1470.07
0.0274184 767069 1463.3
0.0281865 767105 1462.67
0.0289762 768150 1469.19
0.029788 766795 1470.11
0.0306226 762080 1465.22
0.0314805 757553 1463.26
0.0323625 753254 1459.56
0.0332691 753233 1464.42
0.0342012 744735 1459.05
0.0351594 739517 1453.22
0.0361444 730949 1445.32
0.0371571 723344 1438.61
0.0381981 717374 1436.04
0.0392682 704736 1424.58
0.0403684 695806 1418.45
0.0414994 685877 1410.07
0.042662 673304 1396.51
0.0438573 660974 1382.99
0.045086 648014 1372.58
0.0463491 634530 1360.66
0.0476476 621696 1346.11
0.0489826 604429 1327.52
0.0503549 590866 1313.3
0.0517656 573819 1297.32
0.0532159 559359 1280.31
0.0547068 545164 1266.45
0.0562395 524835 1243.81
0.0578151 508178 1223.98
0.0594349 490930 1202.91
0.0611 472676 1185.64
0.0628118 453804 1161.42
0.0645716 436568 1143.6
0.0663806 418221 1115.54
0.0682404 400473 1094.52
0.0701522 380598 1064.8
0.0721176 363223 1041.26
0.0741381 344474 1016.8
0.0762152 325973 987.172
0.0783504 308267 962.723
0.0805455 291976 937.417
0.0828021 273867 910.235
0.0851219 255743 877.47
0.0875067 241963 856.918
0.0899583 223391 819.57
0.0924786 210147 801.994
0.0950696 194062 767.518
0.097733 180423 738.569
0.100471 166313 712.022
0.103286 152023 680.051
0.10618 139909 654.513
0.109154 127446 621.618
0.112213 116030 594.04
0.115356 106113 572.105
0.118588 95844.8 542.7
0.121911 85744.1 514.106
0.125326 77559.8 488.635
0.128837 68461.4 459.231
0.132447 62233.4 438.875
0.136157 54923.7 413.275
0.139972 48744.2 388.143
0.143894 42094.6 361.544
0.147925 37809.2 344.681
0.152069 32602.1 317.747
0.15633 28170 291.9
0.160709 24648.2 278.332
0.165212 21105.9 258.014
0.169841 17695.3 232.334
0.174599 15374.6 218.183
0.17949 12844.8 200.411
0.184519 11103.8 187.637
0.189689 9225.54 169.443
0.195003 7538.17 153.174
0.200466 6448.56 143.162
0.206083 5171.69 127.614
0.211856 4301.01 114.067
0.217792 3385 101.325
0.223893 2816.49 92.2336
0.230166 2187.7 83.3969
0.236615 1853.24 73.7152
0.243244 1353.72 64.6986
0.250058 1097.9 59.4492
0.257064 875.371 52.937
0.264266 693.481 50.4675
0.27167 469.475 36.9076
0.279281 397.617 35.171
0.287105 240.772 26.4411
0.295149 187.937 21.8802
0.303418 202.728 28.6498
0.311919 91.5306 15.8993
0.320658 94.8732 17.5949
0.329641 63.736 14.1408
0.338876 39.9221 12.261
0.348371 35.0801 10.7993
0.358131 12.3103 4.92197
0.368164 9.63178 5.12102
0.378479 4.05153 2.06151
0.389082 1.45394 1.45394
0.399983 1.05869 1.05869
0.411189 1.33845 1.33845
0.422709 4.31285 2.71592
0.434552 0 0
0.446726 0 0
0.459242 1.06329 1.06329
0.472108 0 0
0.485335 0 0
0.498932 0 0
0.51291 0 0
0.52728 0 0
0.542053 0 0
0.557239 0 0
0.572851 0 0
0.5889 0 0
0.605399 0 0
0.62236 0 0
0.639796 0 0
0.657721 0 0
0.676147 0 0
0.695091 0 0
0.714565 0 0
0.734584 0 0
0.755164 0 0
0.776321 0 0
0.798071 0 0
0.82043 0 0
0.843415 0 0
0.867045 0 0
0.891336 0 0
0.916308 0 0
0.941979 0 0
0.96837 0 0
0.9955 0 0
1.02339 0 0
1.05206 0 0
1.08154 0 0
1.11184 0 0
1.14299 0 0
1.17501 0 0
1.20793 0 0
1.24177 0 0
1.27656 0 0
1.31233 0 0
1.34909 0 0
1.38689 0 0
1.42574 0 0
1.46569 0 0
1.50675 0 0
1.54896 0 0
1.59236 0 0
1.63697 0 0
1.68283 0 0
1.72998 0 0
1.77845 0 0
1.82827 0 0
1.8795 0 0
1.93215 0 0
1.98628 0 0
2.04193 0 0
2.09914 0 0
2.15795 0 0
2.21841 0 0
2.28056 0 0
2.34445 0 0
2.41014 0 0
2.47766 0 0
2.54707 0 0
2.61843 0 0
2.69179 0 0
2.76721 0 0
2.84473 0 0
2.92443 0 0
3.00636 0 0
3.09059 0 0
3.17718 0 0
3.26619 0 0
3.3577 0 0
3.45177 0 0
3.54847 0 0
3.64789 0 0
3.75009 0 0
3.85515 0 0
3.96316 0 0
4.07419 0 0
4.18834 0 0
4.30568 0 0
4.42631 0 0
4.55031 0 0
4.6778 0 0
4.80885 0 0
4.94358 0 0
5.08208 0 0
5.22446 0 0
5.37083 0 0
5.5213 0 0
5.67599 0 0
5.83501 0 0
5.99848 0 0
6.16654 0 0
6.3393 0 0
6.51691 0 0
6.69949 0 0
6.88718 0 0
7.08013 0 0
7.27849 0 0
7.48241 0 0
7.69204 0 0
7.90754 0 0
8.12908 0 0
8.35683 0 0
8.59096 0 0
8.83164 0 0
9.07907 0 0
9.33343 0 0
9.59492 0 0
9.86374 0 0
10.1401 0 0
10.4242 0 0
10.7162 0 0
11.0164 0 0
11.3251 0 0
11.6424 0 0
11.9685 0 0
12.3039 0 0
12.6486 0 0
13.0029 0 0
13.3672 0 0
13.7417 0 0
14.1267 0 0
14.5225 0 0
14.9294 0 0
15.3476 0 0
15.7776 0 0
16.2196 0 0
16.6741 0 0
17.1412 0 0
17.6214 0 0
18.1151 0 0
18.6226 0 0
19.1444 0 0
19.6807 0 0
20.2321 0 0
20.799 0 0
21.3817 0 0
21.9807 0 0
22.5965 0 0
23.2296 0 0
23.8804 0 0
24.5494 0 0
25.2372 0 0
25.9443 0 0
26.6711 0 0
27.4184 0 0
28.1865 0 0
28.9762 0 0
29.788 0 0
30.6226 0 0
31.4805 0 0
32.3625 0 0
33.2691 0 0
34.2012 0 0
35.1594 0 0
36.1444 0 0
37.1571 0 0
38.1981 0 0
39.2682 0 0
40.3684 0 0
41.4994 0 0
42.662 0 0
43.8573 0 0
45.086 0 0
46.3491 0 0
47.6476 0 0
48.9826 0 0
50.3549 0 0
51.7656 0 0
53.2159 0 0
54.7068 0 0
56.2395 0 0
57.8151 0 0
59.4349 0 0
61.1 0 0
62.8118 0 0
64.5716 0 0
66.3806 0 0
68.2404 0 0
70.1522 0 0
72.1176 0 0
74.1381 0 0
76.2152 0 0
78.3504 0 0
80.5455 0 0
82.8021 0 0
85.1219 0 0
87.5067 0 0
89.9583 0 0
92.4786 0 0
95.0696 0 0
97.733 0 0
100.471 0 0
103.286 0 0
106.18 0 0
109.154 0 0
112.213 0 0
115.356 0 0
118.588 0 0
121.911 0 0
125.326 0 0
128.837 0 0
132.447 0 0
136.157 0 0
139.972 0 0
143.894 0 0
147.925 0 0
152.069 0 0
156.33 0 0
160.709 0 0
165.212 0 0
169.841 0 0
174.599 0 0
179.49 0 0
184.519 0 0
189.689 0 0
195.003 0 0
200.466 0 0
206.083 0 0
211.856 0 0
217.792 0 0
223.893 0 0
230.166 0 0
236.615 0 0
243.244 0 0
250.058 0 0
257.064 0 0
264.266 0 0
271.67 0 0
279.281 0 0
287.105 0 0
295.149 0 0
303.418 0 0
311.919 0 0
320.658 0 0
329.641 0 0
338.876 0 0
348.371 0 0
358.131 0 0
368.164 0 0
378.479 0 0
389.082 0 0
399.983 0 0
411.189 0 0
422.709 0 0
434.552 0 0
446.726 0 0
459.242 0 0
472.108 0 0
485.335 0 0
498.932 0 0
512.91 0 0
527.28 0 0
542.053 0 0
557.239 0 0
572.851 0 0
588.9 0 0
605.399 0 0
622.36 0 0
639.796 0 0
657.721 0 0
676.147 0 0
695.091 0 0
714.565 0 0
734.584 0 0
755.164 0 0
776.321 0 0
798.071 0 0
820.43 0 0
843.415 0 0
867.045 0 0
891.336 0 0
916.308 0 0
941.979 0 0
968.37 0 0
995.5 0 0
1023.39 0 0
1052.06 0 0
1081.54 0 0
1111.84 0 0
1142.99 0 0
1175.01 0 0
1207.93 0 0
1241.77 0 0
1276.56 0 0
1312.33 0 0
1349.09 0 0
1386.89 0 0
1425.74 0 0
1465.69 0 0
1506.75 0 0
1548.96 0 0
1592.36 0 0
1636.97 0 0
1682.83 0 0
1729.98 0 0
1778.45 0 0
1828.27 0 0
1879.5 0 0
1932.15 0 0
1986.28 0 0
2041.93 0 0
2099.14 0 0
2157.95 0 0
2218.41 0 0
2280.56 0 0
2344.45 0 0
2410.14 0 0
2477.66 0 0
2547.07 0 0
2618.43 0 0
2691.79 0 0
2767.21 0 0
2844.73 0 0
2924.43 0 0
3006.36 0 0
3090.59 0 0
3177.18 0 0
3266.19 0 0
3357.7 0 0
3451.77 0 0
3548.47 0 0
3647.89 0 0
3750.09 0 0
3855.15 0 0
3963.16 0 0
4074.19 0 0
4188.34 0 0
4305.68 0 0
4426.31 0 0
4550.31 0 0
4677.8 0 0
4808.85 0 0
4943.58 0 0
5082.08 0 0
5224.46 0 0
5370.83 0 0
5521.3 0 0
5675.99 0 0
5835.01 0 0
5998.48 0 0
6166.54 0 0
6339.3 0 0
6516.91 0 0
6699.49 0 0
6887.18 0 0
7080.13 0 0
7278.49 0 0
7482.41 0 0
7692.04 0 0
7907.54 0 0
8129.08 0 0
8356.83 0 0
8590.96 0 0
8831.64 0 0
9079.07 0 0
9333.43 0 0
9594.92 0 0
9863.74 0 0
10140.1 0 0
10424.2 0 0
10716.2 0 0
11016.4 0 0
11325.1 0 0
11642.4 0 0
11968.5 0 0
12303.9 0 0
12648.6 0 0
13002.9 0 0
13367.2 0 0
13741.7 0 0
14126.7 0 0
14522.5 0 0
14929.4 0 0
15347.6 0 0
15777.6 0 0
16219.6 0 0
16674.1 0 0
17141.2 0 0
17621.4 0 0
18115.1 0 0
18622.6 0 0
19144.4 0 0
19680.7 0 0
20232.1 0 0
20799 0 0
21381.7 0 0
21980.7 0 0
22596.5 0 0
23229.6 0 0
23880.4 0 0
24549.4 0 0
25237.2 0 0
25944.3 0 0
26671.1 0 0
27418.4 0 0
28186.5 0 0
28976.2 0 0
29788 0 0
30622.6 0 0
31480.5 0 0
32362.5 0 0
33269.1 0 0
34201.2 0 0
35159.4 0 0
36144.4 0 0
37157.1 0 0
38198.1 0 0
39268.2 0 0
40368.4 0 0
41499.4 0 0
42662 0 0
43857.3 0 0
45086 0 0
46349.1 0 0
47647.6 0 0
48982.6 0 0
50354.9 0 0
51765.6 0 0
53215.9 0 0
54706.8 0 0
56239.5 0 0
57815.1 0 0
59434.9 0 0
61100 0 0
62811.8 0 0
64571.6 0 0
66380.6 0 0
68240.4 0 0
70152.2 0 0
72117.6 0 0
74138.1 0 0
76215.2 0 0
78350.4 0 0
80545.5 0 0
82802.1 0 0
85121.9 0 0
87506.7 0 0
89958.3 0 0
92478.6 0 0
95069.6 0 0
97733 0 0
100471 0 0
103286 0 0
106180 0 0
109154 0 0
112213 0 0
115356 0 0
118588 0 0
121911 0 0
125326 0 0
128837 0 0
132447 0 0
136157 0 0
139972 0 0
143894 0 0
147925 0 0
152069 0 0
156330 0 0
160709 0 0
165212 0 0
169841 0 0
174599 0 0
179490 0 0
184519 0 0
189689 0 0
195003 0 0
200466 0 0
206083 0 0
211856 0 0
217792 0 0
223893 0 0
230166 0 0
236615 0 0
243244 0 0
250058 0 0
257064 0 0
264266 0 0
271670 0 0
279281 0 0
287105 0 0
295149 0 0
303418 0 0
311919 0 0
320658 0 0
329641 0 0
338876 0 0
348371 0 0
358131 0 0
368164 0 0
378479 0 0
389082 0 0
399983 0 0
411189 0 0
422709 0 0
434552 0 0
446726 0 0
459242 0 0
472108 0 0
485335 0 0
498932 0 0
512910 0 0
527280 0 0
542053 0 0
557239 0 0
572851 0 0
588900 0 0
605399 0 0
622360 0 0
639796 0 0
657721 0 0
676147 0 0
695091 0 0
714565 0 0
734584 0 0
755164 0 0
776321 0 0
798071 0 0
820430 0 0
843415 0 0
867045 0 0
891336 0 0
916308 0 0
941979 0 0
968370 0 0
995500 0 0
1.02339e+06 0 0
1.05206e+06 0 0
1.08154e+06 0 0
1.11184e+06 0 0
1.14299e+06 0 0
1.17501e+06 0 0
1.20793e+06 0 0
1.24177e+06 0 0
1.27656e+06 0 0
1.31233e+06 0 0
1.34909e+06 0 0
1.38689e+06 0 0
1.42574e+06 0 0
1.46569e+06 0 0
1.50675e+06 0 0
1.54896e+06 0 0
1.59236e+06 0 0
1.63697e+06 0 0
1.68283e+06 0 0
1.72998e+06 0 0
1.77845e+06 0 0
1.82827e+06 0 0
1.8795e+06 0 0
1.93215e+06 0 0
1.98628e+06 0 0
2.04193e+06 0 0
2.09914e+06 0 0
2.15795e+06 0 0
2.21841e+06 0 0
2.28056e+06 0 0
2.34445e+06 0 0
2.41014e+06 0 0
2.47766e+06 0 0
2.54707e+06 0 0
2.61843e+06 0 0
2.69179e+06 0 0
2.76721e+06 0 0
2.84473e+06 0 0
2.92443e+06 0 0
3.00636e+06 0 0
3.09059e+06 0 0
3.17718e+06 0 0
3.26619e+06 0 0
3.3577e+06 0 0
3.45177e+06 0 0
3.54847e+06 0 0
3.64789e+06 0 0
3.75009e+06 0 0
3.85515e+06 0 0
3.96316e+06 0 0
4.07419e+06 0 0
4.18834e+06 0 0
4.30568e+06 0 0
4.42631e+06 0 0
4.55031e+06 0 0
4.6778e+06 0 0
4.80885e+06 0 0
4.94358e+06 0 0
5.08208e+06 0 0
5.22446e+06 0 0
5.37083e+06 0 0
5.5213e+06 0 0
5.67599e+06 0 0
5.83501e+06 0 0
5.99848e+06 0 0
6.16654e+06 0 0
6.3393e+06 0 0
6.51691e+06 0 0
6.69949e+06 0 0
6.88718e+06 0 0
7.08013e+06 0 0
7.27849e+06 0 0
7.48241e+06 0 0
7.69204e+06 0 0
7.90754e+06 0 0
8.12908e+06 0 0
8.35683e+06 0 0
8.59096e+06 0 0
8.83164e+06 0 0
9.07907e+06 0 0
9.33343e+06 0 0
9.59492e+06 0 0
9.86374e+06 0 0
