1.01401e-05 97.4511 6.0296
1.04242e-05 102.006 6.27829
1.07162e-05 108.928 6.14467
1.10164e-05 101.283 5.82842
1.13251e-05 114.192 6.59589
1.16424e-05 110.215 6.17631
1.19685e-05 134.939 7.1385
1.23039e-05 126.008 6.88788
1.26486e-05 144.77 7.65086
1.30029e-05 141.143 7.74291
1.33672e-05 142.943 7.3662
1.37417e-05 155.725 7.81295
1.41267e-05 166.363 8.28343
1.45225e-05 163.219 8.17354
1.49294e-05 160.812 8.23043
1.53476e-05 164.907 7.97698
1.57776e-05 190.379 9.16361
1.62196e-05 184.97 8.6659
1.66741e-05 198.6 9.20781
1.71412e-05 211.078 9.56919
1.76214e-05 247.401 10.8594
1.81151e-05 239.346 10.6814
1.86226e-05 224.25 9.95216
1.91444e-05 229.996 10.2618
1.96807e-05 255.922 10.8957
2.02321e-05 269.463 11.4791
2.0799e-05 277.956 11.5324
2.13817e-05 281.491 11.3371
2.19807e-05 283.397 11.797
2.25965e-05 324.464 13.4535
2.32296e-05 316.779 12.4884
2.38804e-05 336.474 13.002
2.45494e-05 375.128 14.0432
2.52372e-05 342.176 13.078
2.59443e-05 384.001 13.9851
2.66711e-05 401.471 14.3203
2.74184e-05 418.64 15.3565
2.81865e-05 438.673 15.3717
2.89762e-05 437.302 15.529
2.9788e-05 454.728 15.6079
3.06226e-05 458.597 15.7757
3.14805e-05 511.211 17.1396
3.23625e-05 521.526 17.4008
3.32691e-05 554.003 17.7523
3.42012e-05 586.093 18.5794
3.51594e-05 571.725 18.1883
3.61444e-05 619.001 19.3197
3.71571e-05 640.866 19.763
3.81981e-05 672.743 20.1486
3.92682e-05 684.944 20.5261
4.03684e-05 737.381 21.263
4.14994e-05 795.862 22.5069
4.2662e-05 804.091 23.0898
4.38573e-05 822.473 23.0029
4.5086e-05 887.807 24.2185
4.63491e-05 872.114 23.8149
4.76476e-05 866.51 23.4511
4.89826e-05 974.404 26.3248
5.03549e-05 1001.51 26.1189
5.17656e-05 1029.93 26.9529
5.32159e-05 1088.57 27.7278
5.47068e-05 1124.74 27.8979
5.62395e-05 1142.38 28.6901
5.78151e-05 1226.97 29.8217
5.94349e-05 1289.29 31.0567
6.11e-05 1307.1 31.1138
6.28118e-05 1326.49 31.6262
6.45716e-05 1470.08 33.3428
6.63806e-05 1483.95 33.4937
6.82404e-05 1531.42 34.1532
7.01522e-05 1563.2 34.1827
7.21176e-05 1682.93 36.4381
7.41381e-05 1699.35 36.2534
7.62152e-05 1796.25 37.6027
7.83504e-05 1919.79 39.7069
8.05455e-05 1984.12 40.1062
8.28021e-05 1990.48 40.6151
8.51219e-05 2107.83 42.0572
8.75067e-05 2111 41.6666
8.99583e-05 2235.34 43.235
9.24786e-05 2394.95 44.8811
9.50696e-05 2491.14 46.4961
9.7733e-05 2526.76 47.0065
0.000100471 2665.06 47.9621
0.000103286 2666 48.5157
0.00010618 2803.26 49.9853
0.000109154 2894.43 50.9827
0.000112213 3038.84 52.5509
0.000115356 3083.26 52.7363
0.000118588 3300.83 55.4278
0.000121911 3500.05 56.9787
0.000125326 3584.85 58.1414
0.000128837 3698.77 59.1607
0.000132447 3829.14 60.1638
0.000136157 3975.08 62.0254
0.000139972 4005.94 61.543
0.000143894 4393.82 65.9375
0.000147925 4402.94 65.6997
0.000152069 4513.51 66.989
0.00015633 4788.97 69.0212
0.000160709 4931.51 70.722
0.000165212 5050.46 71.466
0.000169841 5362.13 74.7665
0.000174599 5473.32 75.4364
0.00017949 5693.86 76.7527
0.000184519 5935.92 78.8209
0.000189689 6113.62 80.2223
0.000195003 6468.39 83.154
0.000200466 6762.47 86.1291
0.000206083 6997.5 87.3901
0.000211856 7226.67 89.4523
0.000217792 7506.14 90.6058
0.000223893 7818.31 93.7942
0.000230166 8075.07 96.1178
0.000236615 8396.04 97.9936
0.000243244 8711.3 100.042
0.000250058 8965.74 102.644
0.000257064 9417.72 105.162
0.000264266 9581.63 105.88
0.00027167 10040.7 109.348
0.000279281 10349.8 112.182
0.000287105 10723.8 113.341
0.000295149 11414.7 118.502
0.000303418 11589.9 119.434
0.000311919 12080.2 122.772
0.000320658 12171.3 123.224
0.000329641 13100.6 129.582
0.000338876 13324.8 130.181
0.000348371 13733.9 132.53
0.000358131 14388.7 135.945
0.000368164 14857 138.765
0.000378479 15540.9 143.899
0.000389082 16090.4 145.128
0.000399983 16295.1 145.789
0.000411189 16944.6 150.17
0.000422709 17677.3 154.662
0.000434552 18554.2 159.317
0.000446726 19045.6 163.263
0.000459242 19643.6 164.777
0.000472108 20401 169.028
0.000485335 21159.5 172.058
0.000498932 21877.4 175.627
0.00051291 22486.8 178.832
0.00052728 23484 183.422
0.000542053 24148.3 186.827
0.000557239 25175 192.216
0.000572851 25616.3 192.306
0.0005889 27028 200.345
0.000605399 27770.9 203.194
0.00062236 28863.1 207.929
0.000639796 29821.5 212.274
0.000657721 30936.2 216.352
0.000676147 31604.4 220.535
0.000695091 32998.3 225.362
0.000714565 34389.1 230.849
0.000734584 35119.9 234.889
0.000755164 36506.7 240.106
0.000776321 37611.9 244.228
0.000798071 39330.2 251.491
0.00082043 40720.2 256.615
0.000843415 41480.8 259.27
0.000867045 43336.3 266.691
0.000891336 44475 270.602
0.000916308 46114.8 276.649
0.000941979 48016.1 282.515
0.00096837 49768 289.167
0.0009955 51342.5 294.994
0.00102339 52339.6 296.72
0.00105206 53920 303.551
0.00108154 55953.2 311.279
0.00111184 58444.7 318.031
0.00114299 59714 320.496
0.00117501 62478.2 332.501
0.00120793 64048.5 336.287
0.00124177 66234.4 343.714
0.00127656 68587.7 349.617
0.00131233 70999.8 357.462
0.00134909 73473.3 365.959
0.00138689 75614.2 372.409
0.00142574 77783.7 377.937
0.00146569 80616.9 387.48
0.00150675 82921.1 392.865
0.00154896 85951.8 401.359
0.00159236 88508.5 408.299
0.00163697 91682.2 417.479
0.00168283 93319.1 421.36
0.00172998 97139.6 432.594
0.00177845 100592 439.969
0.00182827 103036 446.607
0.0018795 107085 457.788
0.00193215 110388 465.774
0.00198628 112552 469.921
0.00204193 117526 484.412
0.00209914 120468 489.549
0.00215795 123655 499.087
0.00221841 128578 511.258
0.00228056 131817 517.686
0.00234445 136380 529.53
0.00241014 140457 537.672
0.00247766 145046 547.741
0.00254707 149059 559.866
0.00261843 154332 567.783
0.00269179 157709 576.448
0.00276721 163187 589.174
0.00284473 167864 596.914
0.00292443 172482 608.436
0.00300636 177548 618.286
0.00309059 184488 633.033
0.00317718 187847 637.713
0.00326619 194293 651.136
0.0033577 199756 661.44
0.00345177 206419 676.181
0.00354847 211554 686.585
0.00364789 217364 696.461
0.00375009 223259 708.397
0.00385515 230123 720.572
0.00396316 236568 729.686
0.00407419 242594 741.605
0.00418834 250435 757.664
0.00430568 256166 766.569
0.00442631 264080 780.293
0.00455031 271182 794.554
0.0046778 278577 806.082
0.00480885 287893 824.072
0.00494358 293284 830.895
0.00508208 301382 844.121
0.00522446 308680 855.143
0.00537083 317608 870.213
0.0055213 325303 882.212
0.00567599 334224 899.056
0.00583501 342662 911.567
0.00599848 350843 925.092
0.00616654 359403 934.309
0.0063393 366448 943.984
0.00651691 378694 965.962
0.00669949 386236 975.337
0.00688718 396516 991.412
0.00708013 405520 1003.14
0.00727849 416686 1020.72
0.00748241 425038 1032.46
0.00769204 435581 1047.88
0.00790754 443715 1059.43
0.00812908 457821 1080.66
0.00835683 465605 1090.41
0.00859096 474212 1101.23
0.00883164 487483 1120.12
0.00907907 498300 1133.92
0.00933343 504796 1142.15
0.00959492 517655 1162.26
0.00986374 529427 1176.35
0.0101401 536724 1183.62
0.0104242 546930 1196.83
0.0107162 556045 1210.46
0.0110164 570926 1230.57
0.0113251 583102 1246.59
0.0116424 592855 1258.18
0.0119685 603947 1273.87
0.0123039 613621 1285.34
0.0126486 622362 1292.45
0.0130029 632342 1306.04
0.0133672 641490 1318.71
0.0137417 653251 1331.29
0.0141267 662356 1344.75
0.0145225 674516 1359.17
0.0149294 684639 1371.82
0.0153476 692175 1381.04
0.0157776 700474 1393.73
0.0162196 709967 1400.54
0.0166741 719120 1415.28
0.0171412 725270 1417.31
0.0176214 733979 1432.92
0.0181151 743919 1443.79
0.0186226 752355 1455.99
0.0191444 757613 1462.35
0.0196807 762595 1465.64
0.0202321 769685 1476.47
0.020799 776727 1485.8
0.0213817 784325 1498.04
0.0219807 786537 1498.32
0.0225965 790055 1505.18
0.0232296 795495 1512.44
0.0238804 797636 1515.42
0.0245494 799168 1518.6
0.0252372 802190 1523.23
0.0259443 804291 1528.11
0.0266711 805884 1532.8
0.0274184 805214 1532.78
0.0281865 805433 1535.52
0.0289762 801290 1531.95
0.029788 799805 1534.75
0.0306226 796541 1529.56
0.0314805 791038 1526.18
0.0323625 787165 1525.68
0.0332691 785852 1524.84
0.0342012 777618 1516.57
0.0351594 773120 1516.32
0.0361444 762666 1506.63
0.0371571 754931 1502.92
0.0381981 748371 1499.18
0.0392682 734134 1483.98
0.0403684 729515 1484.72
0.0414994 713734 1464.2
0.042662 705786 1460.59
0.0438573 692670 1448.94
0.045086 678154 1435.45
0.0463491 665447 1424.63
0.0476476 649141 1407.07
0.0489826 632964 1389.14
0.0503549 618811 1375.6
0.0517656 602106 1362.07
0.0532159 586296 1339.26
0.0547068 570193 1327.84
0.0562395 549609 1300.46
0.0578151 531595 1278.43
0.0594349 513810 1260.28
0.0611 493591 1235.68
0.0628118 474109 1212.49
0.0645716 457084 1191.16
0.0663806 437421 1167.42
0.0682404 418746 1142.11
0.0701522 399016 1116.22
0.0721176 379373 1087.03
0.0741381 361621 1062.85
0.0762152 341921 1034.65
0.0783504 322100 1006.58
0.0805455 304609 978.476
0.0828021 285941 946.591
0.0851219 268432 919.874
0.0875067 252210 890.488
0.0899583 234427 861.982
0.0924786 219735 835.366
0.0950696 203254 803.168
0.097733 189395 777.367
0.100471 173416 744.144
0.103286 159669 712.481
0.10618 147411 688.3
0.109154 133981 654.992
0.112213 122076 624.48
0.115356 111216 596.484
0.118588 99271.1 563.416
0.121911 89994.7 536.892
0.125326 81524.1 511.63
0.128837 72458.6 482.908
0.132447 64715.4 455.462
0.136157 56864.2 427.981
0.139972 50461.2 405.286
0.143894 44383.5 378.395
0.147925 39145.4 354.757
0.152069 33648.2 327.736
0.15633 29404.5 307.653
0.160709 25461.8 289.106
0.165212 22137.8 268.589
0.169841 18607.3 246.68
0.174599 15861.5 225.328
0.17949 13581.3 210.962
0.184519 10977.1 185.571
0.189689 9662.41 178.943
0.195003 8249.92 167.093
0.200466 6718.65 149.417
0.206083 5451.69 135.181
0.211856 4511.81 121.887
0.217792 3753.18 112.03
0.223893 2982.59 97.1426
0.230166 2325.04 85.9268
0.236615 1865.64 78.1623
0.243244 1389.46 68.7149
0.250058 1162.22 63.7938
0.257064 896.553 52.0481
0.264266 673.508 46.9644
0.27167 609.715 47.2886
0.279281 437.514 39.1079
0.287105 241.718 25.9771
0.295149 192.322 23.8821
0.303418 183.937 26.9368
0.311919 66.4737 13.5532
0.320658 77.8676 14.1522
0.329641 46.1282 10.1219
0.338876 79.9183 19.6334
0.348371 27.5643 9.8914
0.358131 29.292 11.5357
0.368164 26.2366 13.0405
0.378479 8.03686 3.62638
0.389082 4.13053 2.69238
0.399983 4.68676 2.8005
0.411189 4.10544 2.53207
0.422709 2.58643 2.58643
0.434552 2.62025 1.65777
0.446726 1.06014 1.06014
0.459242 0 0
0.472108 2.67926 1.95024
0.485335 0 0
0.498932 0 0
0.51291 0 0
0.52728 0 0
0.542053 0 0
0.557239 0 0
0.572851 0 0
0.5889 0 0
0.605399 0 0
0.62236 0 0
0.639796 0 0
0.657721 0 0
0.676147 0 0
0.695091 0 0
0.714565 0 0
0.734584 0 0
0.755164 0 0
0.776321 0 0
0.798071 0 0
0.82043 0 0
0.843415 0 0
0.867045 0 0
0.891336 0 0
0.916308 0 0
0.941979 0 0
0.96837 0 0
0.9955 0 0
1.02339 0 0
1.05206 0 0
1.08154 0 0
1.11184 0 0
1.14299 0 0
1.17501 0 0
1.20793 0 0
1.24177 0 0
1.27656 0 0
1.31233 0 0
1.34909 0 0
1.38689 0 0
1.42574 0 0
1.46569 0 0
1.50675 0 0
1.54896 0 0
1.59236 0 0
1.63697 0 0
1.68283 0 0
1.72998 0 0
1.77845 0 0
1.82827 0 0
1.8795 0 0
1.93215 0 0
1.98628 0 0
2.04193 0 0
2.09914 0 0
2.15795 0 0
2.21841 0 0
2.28056 0 0
2.34445 0 0
2.41014 0 0
2.47766 0 0
2.54707 0 0
2.61843 0 0
2.69179 0 0
2.76721 0 0
2.84473 0 0
2.92443 0 0
3.00636 0 0
3.09059 0 0
3.17718 0 0
3.26619 0 0
3.3577 0 0
3.45177 0 0
3.54847 0 0
3.64789 0 0
3.75009 0 0
3.85515 0 0
3.96316 0 0
4.07419 0 0
4.18834 0 0
4.30568 0 0
4.42631 0 0
4.55031 0 0
4.6778 0 0
4.80885 0 0
4.94358 0 0
5.08208 0 0
5.22446 0 0
5.37083 0 0
5.5213 0 0
5.67599 0 0
5.83501 0 0
5.99848 0 0
6.16654 0 0
6.3393 0 0
6.51691 0 0
6.69949 0 0
6.88718 0 0
7.08013 0 0
7.27849 0 0
7.48241 0 0
7.69204 0 0
7.90754 0 0
8.12908 0 0
8.35683 0 0
8.59096 0 0
8.83164 0 0
9.07907 0 0
9.33343 0 0
9.59492 0 0
9.86374 0 0
10.1401 0 0
10.4242 0 0
10.7162 0 0
11.0164 0 0
11.3251 0 0
11.6424 0 0
11.9685 0 0
12.3039 0 0
12.6486 0 0
13.0029 0 0
13.3672 0 0
13.7417 0 0
14.1267 0 0
14.5225 0 0
14.9294 0 0
15.3476 0 0
15.7776 0 0
16.2196 0 0
16.6741 0 0
17.1412 0 0
17.6214 0 0
18.1151 0 0
18.6226 0 0
19.1444 0 0
19.6807 0 0
20.2321 0 0
20.799 0 0
21.3817 0 0
21.9807 0 0
22.5965 0 0
23.2296 0 0
23.8804 0 0
24.5494 0 0
25.2372 0 0
25.9443 0 0
26.6711 0 0
27.4184 0 0
28.1865 0 0
28.9762 0 0
29.788 0 0
30.6226 0 0
31.4805 0 0
32.3625 0 0
33.2691 0 0
34.2012 0 0
35.1594 0 0
36.1444 0 0
37.1571 0 0
38.1981 0 0
39.2682 0 0
40.3684 0 0
41.4994 0 0
42.662 0 0
43.8573 0 0
45.086 0 0
46.3491 0 0
47.6476 0 0
48.9826 0 0
50.3549 0 0
51.7656 0 0
53.2159 0 0
54.7068 0 0
56.2395 0 0
57.8151 0 0
59.4349 0 0
61.1 0 0
62.8118 0 0
64.5716 0 0
66.3806 0 0
68.2404 0 0
70.1522 0 0
72.1176 0 0
74.1381 0 0
76.2152 0 0
78.3504 0 0
80.5455 0 0
82.8021 0 0
85.1219 0 0
87.5067 0 0
89.9583 0 0
92.4786 0 0
95.0696 0 0
97.733 0 0
100.471 0 0
103.286 0 0
106.18 0 0
109.154 0 0
112.213 0 0
115.356 0 0
118.588 0 0
121.911 0 0
125.326 0 0
128.837 0 0
132.447 0 0
136.157 0 0
139.972 0 0
143.894 0 0
147.925 0 0
152.069 0 0
156.33 0 0
160.709 0 0
165.212 0 0
169.841 0 0
174.599 0 0
179.49 0 0
184.519 0 0
189.689 0 0
195.003 0 0
200.466 0 0
206.083 0 0
211.856 0 0
217.792 0 0
223.893 0 0
230.166 0 0
236.615 0 0
243.244 0 0
250.058 0 0
257.064 0 0
264.266 0 0
271.67 0 0
279.281 0 0
287.105 0 0
295.149 0 0
303.418 0 0
311.919 0 0
320.658 0 0
329.641 0 0
338.876 0 0
348.371 0 0
358.131 0 0
368.164 0 0
378.479 0 0
389.082 0 0
399.983 0 0
411.189 0 0
422.709 0 0
434.552 0 0
446.726 0 0
459.242 0 0
472.108 0 0
485.335 0 0
498.932 0 0
512.91 0 0
527.28 0 0
542.053 0 0
557.239 0 0
572.851 0 0
588.9 0 0
605.399 0 0
622.36 0 0
639.796 0 0
657.721 0 0
676.147 0 0
695.091 0 0
714.565 0 0
734.584 0 0
755.164 0 0
776.321 0 0
798.071 0 0
820.43 0 0
843.415 0 0
867.045 0 0
891.336 0 0
916.308 0 0
941.979 0 0
968.37 0 0
995.5 0 0
1023.39 0 0
1052.06 0 0
1081.54 0 0
1111.84 0 0
1142.99 0 0
1175.01 0 0
1207.93 0 0
1241.77 0 0
1276.56 0 0
1312.33 0 0
1349.09 0 0
1386.89 0 0
1425.74 0 0
1465.69 0 0
1506.75 0 0
1548.96 0 0
1592.36 0 0
1636.97 0 0
1682.83 0 0
1729.98 0 0
1778.45 0 0
1828.27 0 0
1879.5 0 0
1932.15 0 0
1986.28 0 0
2041.93 0 0
2099.14 0 0
2157.95 0 0
2218.41 0 0
2280.56 0 0
2344.45 0 0
2410.14 0 0
2477.66 0 0
2547.07 0 0
2618.43 0 0
2691.79 0 0
2767.21 0 0
2844.73 0 0
2924.43 0 0
3006.36 0 0
3090.59 0 0
3177.18 0 0
3266.19 0 0
3357.7 0 0
3451.77 0 0
3548.47 0 0
3647.89 0 0
3750.09 0 0
3855.15 0 0
3963.16 0 0
4074.19 0 0
4188.34 0 0
4305.68 0 0
4426.31 0 0
4550.31 0 0
4677.8 0 0
4808.85 0 0
4943.58 0 0
5082.08 0 0
5224.46 0 0
5370.83 0 0
5521.3 0 0
5675.99 0 0
5835.01 0 0
5998.48 0 0
6166.54 0 0
6339.3 0 0
6516.91 0 0
6699.49 0 0
6887.18 0 0
7080.13 0 0
7278.49 0 0
7482.41 0 0
7692.04 0 0
7907.54 0 0
8129.08 0 0
8356.83 0 0
8590.96 0 0
8831.64 0 0
9079.07 0 0
9333.43 0 0
9594.92 0 0
9863.74 0 0
10140.1 0 0
10424.2 0 0
10716.2 0 0
11016.4 0 0
11325.1 0 0
11642.4 0 0
11968.5 0 0
12303.9 0 0
12648.6 0 0
13002.9 0 0
13367.2 0 0
13741.7 0 0
14126.7 0 0
14522.5 0 0
14929.4 0 0
15347.6 0 0
15777.6 0 0
16219.6 0 0
16674.1 0 0
17141.2 0 0
17621.4 0 0
18115.1 0 0
18622.6 0 0
19144.4 0 0
19680.7 0 0
20232.1 0 0
20799 0 0
21381.7 0 0
21980.7 0 0
22596.5 0 0
23229.6 0 0
23880.4 0 0
24549.4 0 0
25237.2 0 0
25944.3 0 0
26671.1 0 0
27418.4 0 0
28186.5 0 0
28976.2 0 0
29788 0 0
30622.6 0 0
31480.5 0 0
32362.5 0 0
33269.1 0 0
34201.2 0 0
35159.4 0 0
36144.4 0 0
37157.1 0 0
38198.1 0 0
39268.2 0 0
40368.4 0 0
41499.4 0 0
42662 0 0
43857.3 0 0
45086 0 0
46349.1 0 0
47647.6 0 0
48982.6 0 0
50354.9 0 0
51765.6 0 0
53215.9 0 0
54706.8 0 0
56239.5 0 0
57815.1 0 0
59434.9 0 0
61100 0 0
62811.8 0 0
64571.6 0 0
66380.6 0 0
68240.4 0 0
70152.2 0 0
72117.6 0 0
74138.1 0 0
76215.2 0 0
78350.4 0 0
80545.5 0 0
82802.1 0 0
85121.9 0 0
87506.7 0 0
89958.3 0 0
92478.6 0 0
95069.6 0 0
97733 0 0
100471 0 0
103286 0 0
106180 0 0
109154 0 0
112213 0 0
115356 0 0
118588 0 0
121911 0 0
125326 0 0
128837 0 0
132447 0 0
136157 0 0
139972 0 0
143894 0 0
147925 0 0
152069 0 0
156330 0 0
160709 0 0
165212 0 0
169841 0 0
174599 0 0
179490 0 0
184519 0 0
189689 0 0
195003 0 0
200466 0 0
206083 0 0
211856 0 0
217792 0 0
223893 0 0
230166 0 0
236615 0 0
243244 0 0
250058 0 0
257064 0 0
264266 0 0
271670 0 0
279281 0 0
287105 0 0
295149 0 0
303418 0 0
311919 0 0
320658 0 0
329641 0 0
338876 0 0
348371 0 0
358131 0 0
368164 0 0
378479 0 0
389082 0 0
399983 0 0
411189 0 0
422709 0 0
434552 0 0
446726 0 0
459242 0 0
472108 0 0
485335 0 0
498932 0 0
512910 0 0
527280 0 0
542053 0 0
557239 0 0
572851 0 0
588900 0 0
605399 0 0
622360 0 0
639796 0 0
657721 0 0
676147 0 0
695091 0 0
714565 0 0
734584 0 0
755164 0 0
776321 0 0
798071 0 0
820430 0 0
843415 0 0
867045 0 0
891336 0 0
916308 0 0
941979 0 0
968370 0 0
995500 0 0
1.02339e+06 0 0
1.05206e+06 0 0
1.08154e+06 0 0
1.11184e+06 0 0
1.14299e+06 0 0
1.17501e+06 0 0
1.20793e+06 0 0
1.24177e+06 0 0
1.27656e+06 0 0
1.31233e+06 0 0
1.34909e+06 0 0
1.38689e+06 0 0
1.42574e+06 0 0
1.46569e+06 0 0
1.50675e+06 0 0
1.54896e+06 0 0
1.59236e+06 0 0
1.63697e+06 0 0
1.68283e+06 0 0
1.72998e+06 0 0
1.77845e+06 0 0
1.82827e+06 0 0
1.8795e+06 0 0
1.93215e+06 0 0
1.98628e+06 0 0
2.04193e+06 0 0
2.09914e+06 0 0
2.15795e+06 0 0
2.21841e+06 0 0
2.28056e+06 0 0
2.34445e+06 0 0
2.41014e+06 0 0
2.47766e+06 0 0
2.54707e+06 0 0
2.61843e+06 0 0
2.69179e+06 0 0
2.76721e+06 0 0
2.84473e+06 0 0
2.92443e+06 0 0
3.00636e+06 0 0
3.09059e+06 0 0
3.17718e+06 0 0
3.26619e+06 0 0
3.3577e+06 0 0
3.45177e+06 0 0
3.54847e+06 0 0
3.64789e+06 0 0
3.75009e+06 0 0
3.85515e+06 0 0
3.96316e+06 0 0
4.07419e+06 0 0
4.18834e+06 0 0
4.30568e+06 0 0
4.42631e+06 0 0
4.55031e+06 0 0
4.6778e+06 0 0
4.80885e+06 0 0
4.94358e+06 0 0
5.08208e+06 0 0
5.22446e+06 0 0
5.37083e+06 0 0
5.5213e+06 0 0
5.67599e+06 0 0
5.83501e+06 0 0
5.99848e+06 0 0
6.16654e+06 0 0
6.3393e+06 0 0
6.51691e+06 0 0
6.69949e+06 0 0
6.88718e+06 0 0
7.08013e+06 0 0
7.27849e+06 0 0
7.48241e+06 0 0
7.69204e+06 0 0
7.90754e+06 0 0
8.12908e+06 0 0
8.35683e+06 0 0
8.59096e+06 0 0
8.83164e+06 0 0
9.07907e+06 0 0
9.33343e+06 0 0
9.59492e+06 0 0
9.86374e+06 0 0
