1.01401e-05 0 0
1.04242e-05 0 0
1.07162e-05 0 0
1.10164e-05 0 0
1.13251e-05 0 0
1.16424e-05 0 0
1.19685e-05 0 0
1.23039e-05 0 0
1.26486e-05 0 0
1.30029e-05 0 0
1.33672e-05 0 0
1.37417e-05 0 0
1.41267e-05 0 0
1.45225e-05 0 0
1.49294e-05 0 0
1.53476e-05 0 0
1.57776e-05 0 0
1.62196e-05 0 0
1.66741e-05 0 0
1.71412e-05 0 0
1.76214e-05 0 0
1.81151e-05 0 0
1.86226e-05 0 0
1.91444e-05 0 0
1.96807e-05 0 0
2.02321e-05 0 0
2.0799e-05 0 0
2.13817e-05 0 0
2.19807e-05 0 0
2.25965e-05 0 0
2.32296e-05 0 0
2.38804e-05 0 0
2.45494e-05 0 0
2.52372e-05 0 0
2.59443e-05 0 0
2.66711e-05 0 0
2.74184e-05 0 0
2.81865e-05 0 0
2.89762e-05 0 0
2.9788e-05 0 0
3.06226e-05 0 0
3.14805e-05 0 0
3.23625e-05 0 0
3.32691e-05 0 0
3.42012e-05 0 0
3.51594e-05 0 0
3.61444e-05 0 0
3.71571e-05 0 0
3.81981e-05 0 0
3.92682e-05 0 0
4.03684e-05 0 0
4.14994e-05 0 0
4.2662e-05 0 0
4.38573e-05 0 0
4.5086e-05 0 0
4.63491e-05 0 0
4.76476e-05 0 0
4.89826e-05 0 0
5.03549e-05 0 0
5.17656e-05 0 0
5.32159e-05 0 0
5.47068e-05 0 0
5.62395e-05 0 0
5.78151e-05 0 0
5.94349e-05 0 0
6.11e-05 0 0
6.28118e-05 0 0
6.45716e-05 0 0
6.63806e-05 0 0
6.82404e-05 0 0
7.01522e-05 0 0
7.21176e-05 0 0
7.41381e-05 0 0
7.62152e-05 0 0
7.83504e-05 0 0
8.05455e-05 0 0
8.28021e-05 0 0
8.51219e-05 0 0
8.75067e-05 0 0
8.99583e-05 0 0
9.24786e-05 0 0
9.50696e-05 0 0
9.7733e-05 0 0
0.000100471 0 0
0.000103286 0 0
0.00010618 0 0
0.000109154 0 0
0.000112213 0 0
0.000115356 0 0
0.000118588 0 0
0.000121911 0 0
0.000125326 0 0
0.000128837 0 0
0.000132447 0 0
0.000136157 0 0
0.000139972 0 0
0.000143894 0 0
0.000147925 0 0
0.000152069 0 0
0.00015633 0 0
0.000160709 0 0
0.000165212 0 0
0.000169841 0 0
0.000174599 0 0
0.00017949 0 0
0.000184519 0 0
0.000189689 0 0
0.000195003 0 0
0.000200466 0 0
0.000206083 0 0
0.000211856 0 0
0.000217792 0 0
0.000223893 0 0
0.000230166 0 0
0.000236615 0 0
0.000243244 0 0
0.000250058 0 0
0.000257064 0 0
0.000264266 0 0
0.00027167 0 0
0.000279281 0 0
0.000287105 0 0
0.000295149 0 0
0.000303418 0 0
0.000311919 0 0
0.000320658 0 0
0.000329641 0 0
0.000338876 0 0
0.000348371 0 0
0.000358131 0 0
0.000368164 0 0
0.000378479 0 0
0.000389082 0 0
0.000399983 0 0
0.000411189 0 0
0.000422709 0 0
0.000434552 0 0
0.000446726 0 0
0.000459242 0 0
0.000472108 0 0
0.000485335 0 0
0.000498932 0 0
0.00051291 0 0
0.00052728 0 0
0.000542053 0 0
0.000557239 0 0
0.000572851 0 0
0.0005889 0 0
0.000605399 0 0
0.00062236 0 0
0.000639796 0 0
0.000657721 0 0
0.000676147 0 0
0.000695091 0 0
0.000714565 0 0
0.000734584 0 0
0.000755164 0 0
0.000776321 0 0
0.000798071 0 0
0.00082043 0 0
0.000843415 0 0
0.000867045 0 0
0.000891336 0 0
0.000916308 0 0
0.000941979 0 0
0.00096837 0 0
0.0009955 0 0
0.00102339 0 0
0.00105206 0 0
0.00108154 0 0
0.00111184 0 0
0.00114299 0 0
0.00117501 0 0
0.00120793 0 0
0.00124177 0 0
0.00127656 0 0
0.00131233 0 0
0.00134909 0 0
0.00138689 0 0
0.00142574 0 0
0.00146569 0 0
0.00150675 0 0
0.00154896 0 0
0.00159236 0 0
0.00163697 0 0
0.00168283 0 0
0.00172998 0 0
0.00177845 0 0
0.00182827 0 0
0.0018795 0 0
0.00193215 0 0
0.00198628 0 0
0.00204193 0 0
0.00209914 0 0
0.00215795 0 0
0.00221841 0 0
0.00228056 0 0
0.00234445 0 0
0.00241014 0 0
0.00247766 0 0
0.00254707 0 0
0.00261843 0 0
0.00269179 0 0
0.00276721 0 0
0.00284473 0 0
0.00292443 0 0
0.00300636 0 0
0.00309059 0 0
0.00317718 0 0
0.00326619 0 0
0.0033577 0 0
0.00345177 0 0
0.00354847 0 0
0.00364789 0 0
0.00375009 0 0
0.00385515 0 0
0.00396316 0 0
0.00407419 0 0
0.00418834 0 0
0.00430568 0 0
0.00442631 0 0
0.00455031 0 0
0.0046778 0 0
0.00480885 0 0
0.00494358 0 0
0.00508208 0 0
0.00522446 0 0
0.00537083 0 0
0.0055213 0 0
0.00567599 0 0
0.00583501 0 0
0.00599848 0 0
0.00616654 0 0
0.0063393 0 0
0.00651691 0 0
0.00669949 0 0
0.00688718 0 0
0.00708013 0 0
0.00727849 0 0
0.00748241 0 0
0.00769204 0 0
0.00790754 0 0
0.00812908 0 0
0.00835683 0 0
0.00859096 0 0
0.00883164 0 0
0.00907907 0 0
0.00933343 0 0
0.00959492 0 0
0.00986374 0 0
0.0101401 0 0
0.0104242 0 0
0.0107162 0 0
0.0110164 0 0
0.0113251 0 0
0.0116424 0 0
0.0119685 0 0
0.0123039 0 0
0.0126486 0 0
0.0130029 0 0
0.0133672 0 0
0.0137417 0 0
0.0141267 0 0
0.0145225 0 0
0.0149294 0 0
0.0153476 0 0
0.0157776 0 0
0.0162196 0 0
0.0166741 0 0
0.0171412 0 0
0.0176214 0 0
0.0181151 0 0
0.0186226 0 0
0.0191444 0 0
0.0196807 0 0
0.0202321 0 0
0.020799 0 0
0.0213817 0 0
0.0219807 0 0
0.0225965 0 0
0.0232296 0 0
0.0238804 0 0
0.0245494 0 0
0.0252372 0 0
0.0259443 0 0
0.0266711 0 0
0.0274184 0 0
0.0281865 0 0
0.0289762 0 0
0.029788 0 0
0.0306226 0 0
0.0314805 0 0
0.0323625 0 0
0.0332691 0 0
0.0342012 0 0
0.0351594 0 0
0.0361444 0 0
0.0371571 0 0
0.0381981 0 0
0.0392682 0 0
0.0403684 0 0
0.0414994 0 0
0.042662 0 0
0.0438573 0 0
0.045086 0 0
0.0463491 0 0
0.0476476 0 0
0.0489826 0 0
0.0503549 0 0
0.0517656 0 0
0.0532159 0 0
0.0547068 0 0
0.0562395 0 0
0.0578151 0 0
0.0594349 0 0
0.0611 0 0
0.0628118 0 0
0.0645716 0 0
0.0663806 0 0
0.0682404 0 0
0.0701522 0 0
0.0721176 0 0
0.0741381 0 0
0.0762152 0 0
0.0783504 0 0
0.0805455 0 0
0.0828021 0 0
0.0851219 0 0
0.0875067 0 0
0.0899583 0 0
0.0924786 0 0
0.0950696 0 0
0.097733 0 0
0.100471 2.44065e+06 2850.37
0.103286 2.38732e+06 2823.9
0.10618 2.31817e+06 2778.1
0.109154 2.25684e+06 2745.29
0.112213 2.19491e+06 2711.39
0.115356 2.14595e+06 2684.19
0.118588 2.08119e+06 2637.26
0.121911 2.03218e+06 2617.04
0.125326 1.97736e+06 2578.75
0.128837 1.92018e+06 2543.06
0.132447 1.87578e+06 2513.79
0.136157 1.82397e+06 2483.2
0.139972 1.775e+06 2448.64
0.143894 1.73365e+06 2423.15
0.147925 1.68793e+06 2395.43
0.152069 1.63971e+06 2359.04
0.15633 1.60012e+06 2333.02
0.160709 1.558e+06 2303.76
0.165212 1.51539e+06 2269.17
0.169841 1.47501e+06 2242.76
0.174599 1.44041e+06 2220.47
0.17949 1.40229e+06 2191.82
0.184519 1.36545e+06 2161.58
0.189689 1.32444e+06 2128.35
0.195003 1.28965e+06 2103.99
0.200466 1.25626e+06 2074.44
0.206083 1.22129e+06 2048.15
0.211856 1.19267e+06 2024.43
0.217792 1.16126e+06 1998.22
0.223893 1.12869e+06 1969.87
0.230166 1.10069e+06 1946.72
0.236615 1.07179e+06 1925.2
0.243244 1.04258e+06 1898.8
0.250058 1.01626e+06 1876.94
0.257064 989968 1851.01
0.264266 962209 1826.77
0.27167 934802 1801.11
0.279281 912220 1780.3
0.287105 886833 1754.57
0.295149 865156 1737.46
0.303418 840769 1708.74
0.311919 819660 1691.88
0.320658 798278 1670.84
0.329641 779910 1652.51
0.338876 758096 1627.78
0.348371 733690 1600.88
0.358131 714779 1579.62
0.368164 697262 1564.87
0.378479 676400 1539
0.389082 659348 1522.32
0.399983 641964 1498.86
0.411189 624964 1482.54
0.422709 608909 1462.64
0.434552 592099 1447.87
0.446726 575133 1424.39
0.459242 558599 1400.23
0.472108 546141 1388.46
0.485335 531775 1371.75
0.498932 520706 1356.91
0.51291 503870 1335.94
0.52728 491052 1320.32
0.542053 478650 1303.32
0.557239 462747 1278.66
0.572851 451391 1266.64
0.5889 439813 1246.07
0.605399 428293 1231.46
0.62236 415464 1210.3
0.639796 405085 1198.63
0.657721 394416 1181.58
0.676147 382392 1162.98
0.695091 372429 1150.4
0.714565 363324 1136.27
0.734584 354558 1125.03
0.755164 344099 1109.22
0.776321 335898 1097.43
0.798071 326961 1080.47
0.82043 317115 1064.96
0.843415 310378 1054.96
0.867045 300454 1034.06
0.891336 293170 1023.05
0.916308 284756 1009.59
0.941979 275981 991.981
0.96837 269893 984.009
0.9955 263049 971.667
1.02339 256246 958.319
1.05206 247728 940.001
1.08154 241870 930.226
1.11184 235223 919.477
1.14299 228490 904.993
1.17501 222618 894.368
1.20793 217897 886.906
1.24177 210818 873.303
1.27656 205460 860.256
1.31233 200731 850.534
1.34909 194793 836.806
1.38689 190924 832.926
1.42574 184695 815.382
1.46569 179923 806.718
1.50675 174201 790.617
1.54896 169205 777.2
1.59236 164934 773.417
1.63697 161169 764.586
1.68283 156822 754.813
1.72998 153112 745.918
1.77845 148371 731.801
1.82827 144017 723.131
1.8795 139073 706.602
1.93215 136066 701.07
1.98628 132724 691.875
2.04193 129476 685.782
2.09914 125511 676.542
2.15795 122050 665.686
2.21841 119136 656.354
2.28056 115539 645.759
2.34445 112675 637.714
2.41014 109942 634.803
2.47766 105894 618.719
2.54707 103835 615.192
2.61843 100688 604.805
2.69179 97282.7 593.606
2.76721 95589.8 589.227
2.84473 92922.7 579.523
2.92443 89656.9 567.862
3.00636 88243.5 566.973
3.09059 85030.3 555.533
3.17718 82760.2 547.841
3.26619 81410.1 547.297
3.3577 78906 535.799
3.45177 76497.9 527.975
3.54847 74959.6 523.206
3.64789 72609.5 513.566
3.75009 71314.5 511.413
3.85515 69503.2 508.073
3.96316 66985.8 491.996
4.07419 65273.1 488.68
4.18834 64173 484.844
4.30568 60994.7 468.461
4.42631 60260.9 471.42
4.55031 58872.6 466.958
4.6778 56311.1 452.685
4.80885 54552.7 444.238
4.94358 53661.7 444.886
5.08208 52809.5 440.187
5.22446 50681.1 429.061
5.37083 48928.7 421.161
5.5213 47804.6 416.115
5.67599 46640 409.29
5.83501 45310.9 406.751
5.99848 45176.2 411.712
6.16654 42996.4 394.526
6.3393 41380.4 388.262
6.51691 40986.2 385.604
6.69949 39744.9 379.494
6.88718 38182.5 370.858
7.08013 37461.5 368.245
7.27849 36234.5 361.492
7.48241 35360.2 358.823
7.69204 35316.5 361.942
7.90754 34323.5 358.158
8.12908 32397.4 342.33
8.35683 31696.5 338.68
8.59096 31436.3 342.797
8.83164 29380.4 327.944
9.07907 29117.9 326.893
9.33343 29066.2 330.808
9.59492 27027.2 311.113
9.86374 27132.8 317.742
10.1401 26862.3 316.411
10.4242 25686.6 308.493
10.7162 24296.6 294.391
11.0164 23716.8 295.295
11.3251 23798.8 297.733
11.6424 22584.2 288.186
11.9685 22425.1 290.996
12.3039 22072.8 285.836
12.6486 21262.6 281.744
13.0029 20606 274.76
13.3672 20008.3 269.405
13.7417 19091.8 261.805
14.1267 18997.6 263.871
14.5225 18132.1 254.475
14.9294 18435.4 262.959
15.3476 17688.4 254.397
15.7776 17230.9 255.032
16.2196 16519.2 246.148
16.6741 15972.5 245.78
17.1412 15490.5 238.649
17.6214 15627.1 240.538
18.1151 14400.6 227.623
18.6226 14531.8 231.977
19.1444 14108.8 231.786
19.6807 13308.6 218.959
20.2321 12746.7 211.912
20.799 12569.9 215.292
21.3817 12622.8 217.759
21.9807 12147.3 209.896
22.5965 11873.5 208.133
23.2296 11719.9 207.313
23.8804 11021.7 202.811
24.5494 10852.5 201.203
25.2372 10621 195.526
25.9443 10072.3 194.045
26.6711 10357.3 193.745
27.4184 9521.85 184.84
28.1865 9416.57 187.147
28.9762 9433.88 186.259
29.788 8811.96 180.964
30.6226 8643.98 179.712
31.4805 8497.81 179.705
32.3625 8143.87 172.663
33.2691 7877.66 169.585
34.2012 7868.29 170.081
35.1594 7525.18 168.175
36.1444 7421.06 168.18
37.1571 7181.84 161.079
38.1981 6857.59 155.355
39.2682 6785 158.621
40.3684 6527.95 153.577
41.4994 6643.4 158.01
42.662 6179.44 150.003
43.8573 5910.39 145.25
45.086 5620.6 143.328
46.3491 5835.23 147.339
47.6476 5562.82 140.892
48.9826 5571.47 142.722
50.3549 5188.37 135.925
51.7656 5221.51 141.384
53.2159 5035.26 136.57
54.7068 4764.49 133.058
56.2395 4784.34 131.724
57.8151 4711.27 132.542
59.4349 4719.14 133.624
61.1 4384.59 130.712
62.8118 4228.18 125.948
64.5716 4344.8 126.667
66.3806 4095.53 123.743
68.2404 4183.4 127.666
70.1522 3915.6 119.443
72.1176 3845.93 120.955
74.1381 3617.89 115.861
76.2152 3605.05 117.655
78.3504 3525.02 113.748
80.5455 3503.83 114.697
82.8021 3402 115.877
85.1219 3366.5 112.973
87.5067 3010.7 105.936
89.9583 2995.95 104.944
92.4786 2908.24 104.417
95.0696 2854.65 102.672
97.733 2765.71 100.988
100.471 2550.72 98.6456
103.286 2536.8 95.5985
106.18 2514.09 96.0029
109.154 2560.56 99.0186
112.213 2471.26 96.6899
115.356 2302.25 94.3937
118.588 2333.69 95.234
121.911 1940.95 83.6836
125.326 2138.26 89.3663
128.837 2056.87 86.6451
132.447 1995.44 81.9151
136.157 1796.23 80.5928
139.972 1821.54 80.4577
143.894 1871.1 84.7379
147.925 1771.13 80.1759
152.069 1663.45 74.8544
156.33 1667.03 74.5979
160.709 1599.58 75.8825
165.212 1555.37 75.1344
169.841 1597.46 79.6363
174.599 1529.75 75.7417
179.49 1591.99 76.8826
184.519 1400.25 72.2519
189.689 1364.98 71.5759
195.003 1346.33 67.991
200.466 1279.09 67.5712
206.083 1278.55 71.1136
211.856 1278.15 67.1851
217.792 1171.14 62.5401
223.893 1104.13 61.2896
230.166 1299.1 69.5033
236.615 1069.65 62.0819
243.244 1167.81 68.6815
250.058 1004.19 57.8776
257.064 949.53 56.1947
264.266 1041.12 63.6824
271.67 975.848 59.5136
279.281 845.207 55.4432
287.105 899.546 55.8526
295.149 804.38 50.8767
303.418 757.428 50.6258
311.919 760.975 49.6984
320.658 591.4 37.6699
329.641 467.399 30.0439
338.876 389.551 25.3069
348.371 553.381 36.601
358.131 560.774 40.2799
368.164 718.771 50.2802
378.479 618.254 46.0196
389.082 654.24 48.0612
399.983 616.312 45.8415
411.189 708.118 50.4787
422.709 621.987 48.9626
434.552 548.057 44.3015
446.726 597.091 43.9943
459.242 597.811 46.6875
472.108 564.175 47.34
485.335 544.215 43.134
498.932 511.451 41.2402
512.91 475.25 37.0937
527.28 545.519 45.5779
542.053 449.116 40.3825
557.239 473.975 41.9929
572.851 510.653 46.4897
588.9 410.654 38.7367
605.399 436.664 36.3309
622.36 427.769 40.1542
639.796 439.081 42.3129
657.721 444.628 44.3275
676.147 449.337 43.9098
695.091 362.548 35.3085
714.565 358.25 34.0682
734.584 308.343 32.0173
755.164 317.377 32.4068
776.321 302.595 34.8668
798.071 398.495 39.5896
820.43 316.4 31.1502
843.415 294.116 30.3342
867.045 283.891 30.037
891.336 250.271 31.2748
916.308 261.361 30.5438
941.979 266.801 28.6162
968.37 254.276 31.7457
995.5 225.539 28.085
1023.39 243.498 30.6305
1052.06 257.202 31.7227
1081.54 221.5 25.9963
1111.84 208.156 26.618
1142.99 304.817 34.137
1175.01 163.069 21.1031
1207.93 211.238 29.1312
1241.77 192.867 24.6864
1276.56 208.791 26.4872
1312.33 204.945 29.928
1349.09 179.983 21.789
1386.89 163.447 20.3717
1425.74 179.548 25.1157
1465.69 184.302 27.853
1506.75 161.984 23.8629
1548.96 185.404 27.1116
1592.36 180.022 27.5804
1636.97 194.731 27.7646
1682.83 170.934 25.7999
1729.98 180.504 26.5344
1778.45 146.66 21.3751
1828.27 114.029 17.3247
1879.5 142.937 23.8974
1932.15 110.741 16.3131
1986.28 171.605 27.3286
2041.93 115.032 17.8623
2099.14 116.195 17.2297
2157.95 93.2945 16.5633
2218.41 115.513 21.3619
2280.56 97.4332 18.547
2344.45 167.467 26.9997
2410.14 124.548 23.7768
2477.66 109.119 19.198
2547.07 106.029 18.6066
2618.43 97.2946 16.2314
2691.79 119.349 22.2295
2767.21 86.2124 17.0101
2844.73 105.98 23.2954
2924.43 101.25 20.6116
3006.36 92.643 18.0961
3090.59 102.011 20.5036
3177.18 113.81 22.8511
3266.19 67.9691 13.1192
3357.7 94.1339 20.8097
3451.77 63.6941 17.3662
3548.47 59.1793 14.0464
3647.89 96.9529 19.517
3750.09 122.504 25.9303
3855.15 60.2355 14.5883
3963.16 59.8484 16.5832
4074.19 59.4572 13.1053
4188.34 65.4796 17.0819
4305.68 59.0287 14.2222
4426.31 62.5509 16.7374
4550.31 64.2621 16.9456
4677.8 45.3909 13.3153
4808.85 68.765 14.4204
4943.58 62.4009 15.3861
5082.08 48.3572 12.6214
5224.46 36.8252 11.7223
5370.83 55.6715 13.8023
5521.3 63.8406 17.6136
5675.99 44.4677 12.5465
5835.01 55.4043 16.4961
5998.48 47.4924 11.1195
6166.54 30.3526 7.4706
6339.3 50.3988 12.5478
6516.91 35.2459 13.4604
6699.49 39.2736 10.573
6887.18 29.9415 10.5253
7080.13 16.5503 5.5691
7278.49 28.4951 7.77152
7482.41 21.1496 7.43186
7692.04 50.4717 18.2245
7907.54 28.0217 11.494
8129.08 25.4174 6.60417
8356.83 16.4341 5.81385
8590.96 38.7227 14.628
8831.64 13.1494 4.91491
9079.07 23.936 12.0526
9333.43 30.7055 8.68842
9594.92 24.5131 8.93462
9863.74 16.8818 6.12705
10140.1 18.3208 7.78492
10424.2 25.4056 9.10338
10716.2 25.9415 7.77982
11016.4 55.4436 19.9209
11325.1 21.481 9.1481
11642.4 12.347 4.78836
11968.5 11.1554 3.60727
12303.9 16.6015 8.12018
12648.6 20.6725 7.77949
13002.9 16.1345 6.64193
13367.2 47.1906 13.8315
13741.7 33.7776 15.3732
14126.7 33.7566 14.6331
14522.5 21.8787 9.46196
14929.4 17.1996 6.442
15347.6 20.4543 7.27243
15777.6 13.5551 5.95302
16219.6 11.6149 4.79155
16674.1 20.5424 7.83615
17141.2 11.6111 4.44148
17621.4 11.2398 7.11971
18115.1 6.67414 3.19844
18622.6 20.0903 7.78699
19144.4 5.51376 4.78558
19680.7 9.93331 5.79994
20232.1 11.5124 4.29671
20799 14.33 9.05726
21381.7 14.3379 6.96593
21980.7 19.8888 6.56787
22596.5 19.2338 10.6062
23229.6 8.72084 6.8178
23880.4 11.2211 4.36107
24549.4 11.4017 4.33113
25237.2 12.3591 8.72173
25944.3 20.4876 10.8287
26671.1 9.13888 4.69092
27418.4 14.5043 8.25642
28186.5 16.3618 9.44569
28976.2 3.03419 2.26664
29788 6.50983 3.93371
30622.6 14.4844 9.56466
31480.5 0 0
32362.5 7.89526 5.01684
33269.1 8.29495 3.70922
34201.2 0.86555 0.86555
35159.4 11.4758 5.17759
36144.4 11.8656 4.89283
37157.1 11.7046 5.42682
38198.1 4.47989 2.51077
39268.2 1.80173 1.12155
40368.4 5.16964 2.61656
41499.4 7.80717 6.18088
42662 1.00392 1.00392
43857.3 6.12288 2.7077
45086 0.885745 0.885745
46349.1 20.4785 11.2543
47647.6 16.081 11.0656
48982.6 6.1933 4.32067
50354.9 0.302466 0.302466
51765.6 0.496998 0.496998
53215.9 4.1705 2.51553
54706.8 0.867488 0.625544
56239.5 4.81788 2.71857
57815.1 7.5689 7.5689
59434.9 16.4705 11.2057
61100 1.7562 1.25071
62811.8 0.968444 0.968444
64571.6 3.4931 2.3395
66380.6 1.52363 1.52363
68240.4 0 0
70152.2 1.02765 1.02765
72117.6 1.41589 1.41589
74138.1 6.44269 5.5292
76215.2 0 0
78350.4 10.4397 5.99761
80545.5 8.57714 5.0245
82802.1 2.23713 2.23713
85121.9 7.53562 5.20029
87506.7 8.53611 5.4798
89958.3 0 0
92478.6 0 0
95069.6 1.25832 1.25832
97733 4.47613 3.45722
100471 1.47669 1.06667
103286 1.73133 1.73133
106180 7.66645 7.66645
109154 0 0
112213 7.26284 6.10369
115356 0 0
118588 7.23339 3.89293
121911 1.70553 1.70553
125326 0 0
128837 0 0
132447 0 0
136157 1.36217 1.36217
139972 0 0
143894 1.59646 1.21748
147925 0.681647 0.681647
152069 4.61456 3.78102
156330 1.24032 1.24032
160709 2.20722 1.562
165212 6.49559 6.41713
169841 9.78391 7.46746
174599 0 0
179490 0 0
184519 0 0
189689 4.1457 3.0635
195003 0 0
200466 0 0
206083 5.47641 5.47641
211856 0 0
217792 1.56987 1.56987
223893 0 0
230166 5.96175 5.96175
236615 0.777219 0.777219
243244 0 0
250058 0 0
257064 1.69405 1.49793
264266 2.18235 2.18235
271670 0 0
279281 2.29213 2.29213
287105 0 0
295149 0 0
303418 0.599975 0.599975
311919 8.22791 6.22363
320658 0 0
329641 0 0
338876 14.751 12.9335
348371 0 0
358131 0 0
368164 0.485041 0.485041
378479 0 0
389082 1.65185 1.65185
399983 0.865606 0.865606
411189 0 0
422709 0 0
434552 0 0
446726 0 0
459242 0 0
472108 0.661812 0.661812
485335 0 0
498932 0 0
512910 0 0
527280 0 0
542053 0 0
557239 0 0
572851 0 0
588900 0 0
605399 0 0
622360 0 0
639796 0 0
657721 0 0
676147 0 0
695091 0.271704 0.271704
714565 0 0
734584 0 0
755164 0 0
776321 0 0
798071 0 0
820430 0 0
843415 0 0
867045 1.01264 1.01264
891336 0 0
916308 0 0
941979 0 0
968370 0 0
995500 0 0
1.02339e+06 0 0
1.05206e+06 0 0
1.08154e+06 0 0
1.11184e+06 0 0
1.14299e+06 0.796239 0.796239
1.17501e+06 1.1049 1.1049
1.20793e+06 0 0
1.24177e+06 0 0
1.27656e+06 0 0
1.31233e+06 0 0
1.34909e+06 0 0
1.38689e+06 0 0
1.42574e+06 0 0
1.46569e+06 0 0
1.50675e+06 0 0
1.54896e+06 0 0
1.59236e+06 0 0
1.63697e+06 0 0
1.68283e+06 0 0
1.72998e+06 0 0
1.77845e+06 0 0
1.82827e+06 0 0
1.8795e+06 0 0
1.93215e+06 0 0
1.98628e+06 0 0
2.04193e+06 0 0
2.09914e+06 0 0
2.15795e+06 0 0
2.21841e+06 0 0
2.28056e+06 0 0
2.34445e+06 1.98642 1.98642
2.41014e+06 0 0
2.47766e+06 0 0
2.54707e+06 0 0
2.61843e+06 0 0
2.69179e+06 0 0
2.76721e+06 0 0
2.84473e+06 0 0
2.92443e+06 0 0
3.00636e+06 0 0
3.09059e+06 0 0
3.17718e+06 0 0
3.26619e+06 0.872639 0.872639
3.3577e+06 0 0
3.45177e+06 0 0
3.54847e+06 0 0
3.64789e+06 0 0
3.75009e+06 0 0
3.85515e+06 0 0
3.96316e+06 0 0
4.07419e+06 0 0
4.18834e+06 0 0
4.30568e+06 0 0
4.42631e+06 0 0
4.55031e+06 0 0
4.6778e+06 0 0
4.80885e+06 0 0
4.94358e+06 0 0
5.08208e+06 0 0
5.22446e+06 0 0
5.37083e+06 0 0
5.5213e+06 0 0
5.67599e+06 0 0
5.83501e+06 0 0
5.99848e+06 0 0
6.16654e+06 0 0
6.3393e+06 0 0
6.51691e+06 0 0
6.69949e+06 0 0
6.88718e+06 0 0
7.08013e+06 0 0
7.27849e+06 0 0
7.48241e+06 0 0
7.69204e+06 0 0
7.90754e+06 0 0
8.12908e+06 0 0
8.35683e+06 0 0
8.59096e+06 0 0
8.83164e+06 0 0
9.07907e+06 0 0
9.33343e+06 0 0
9.59492e+06 0 0
9.86374e+06 0 0
