1.01401e-05 1064.07 62.4455
1.04242e-05 1030.4 55.6754
1.07162e-05 1086.75 61.9888
1.10164e-05 1118.64 63.3419
1.13251e-05 1200.22 67.5522
1.16424e-05 1164.79 61.9043
1.19685e-05 1143.29 64.1912
1.23039e-05 1340.53 70.4899
1.26486e-05 1293.95 67.5448
1.30029e-05 1518.9 76.0621
1.33672e-05 1520.98 76.0159
1.37417e-05 1309.06 68.5357
1.41267e-05 1483.71 74.4264
1.45225e-05 1471.33 73.021
1.49294e-05 1640.54 77.5002
1.53476e-05 1788.06 80.2986
1.57776e-05 1650.45 76.5572
1.62196e-05 1645.86 74.7627
1.66741e-05 1714.01 77.4601
1.71412e-05 1668.76 74.3145
1.76214e-05 1798.84 77.3227
1.81151e-05 1914.23 80.5228
1.86226e-05 1834.04 78.4069
1.91444e-05 1944.24 81.347
1.96807e-05 2060.09 85.7449
2.02321e-05 2140.28 89.1765
2.0799e-05 2178.6 89.6253
2.13817e-05 1992.87 82.5298
2.19807e-05 2317.24 90.7352
2.25965e-05 2246.73 89.5376
2.32296e-05 2391.42 91.9596
2.38804e-05 2482.1 92.2904
2.45494e-05 2629.81 95.6134
2.52372e-05 2750 99.5003
2.59443e-05 2559.65 94.5519
2.66711e-05 2712.95 95.0358
2.74184e-05 2637.03 90.8283
2.81865e-05 3061 106.316
2.89762e-05 2931.91 102.006
2.9788e-05 3152.72 105.97
3.06226e-05 2857.83 99.2401
3.14805e-05 3457.13 111.726
3.23625e-05 3231.58 107.065
3.32691e-05 3491.92 109.97
3.42012e-05 3674.25 116.749
3.51594e-05 3693.88 115.741
3.61444e-05 3796.52 118.286
3.71571e-05 3839.84 116.216
3.81981e-05 3982.65 119.033
3.92682e-05 4206.12 124.387
4.03684e-05 4200.37 122.213
4.14994e-05 4126.37 119.633
4.2662e-05 4524.59 127.73
4.38573e-05 4478.62 124.444
4.5086e-05 4559.4 125.69
4.63491e-05 4888.62 133.961
4.76476e-05 4972.83 133.362
4.89826e-05 4954.99 132.759
5.03549e-05 5200.71 135.418
5.17656e-05 5467.55 142.325
5.32159e-05 5444.01 136.992
5.47068e-05 5350.65 137
5.62395e-05 5690.31 142.128
5.78151e-05 6216.63 149.1
5.94349e-05 6040.85 145.113
6.11e-05 6398.85 151.57
6.28118e-05 6613.01 154.778
6.45716e-05 6621.91 154.252
6.63806e-05 6389.79 148.059
6.82404e-05 6997.8 155.861
7.01522e-05 7430.13 163.932
7.21176e-05 7363.82 161.655
7.41381e-05 7474.13 159.108
7.62152e-05 7725.43 165.215
7.83504e-05 7906.34 165.533
8.05455e-05 8105.99 170.89
8.28021e-05 8510.01 174.719
8.51219e-05 8708.62 172.887
8.75067e-05 8988.7 180.22
8.99583e-05 8955.1 175.735
9.24786e-05 9632.92 184.327
9.50696e-05 9523.95 185.776
9.7733e-05 10286 195.334
0.000100471 10457.1 191.835
0.000103286 10379.7 191.808
0.00010618 10912.8 197.453
0.000109154 11259.1 200.929
0.000112213 11404 201.156
0.000115356 11951.5 206.401
0.000118588 12027.3 204.982
0.000121911 12662.8 212.713
0.000125326 12677.6 210.617
0.000128837 13006.7 215.56
0.000132447 13415.1 220.096
0.000136157 13753.3 221.081
0.000139972 14241.3 227.055
0.000143894 14569.5 229.472
0.000147925 15646.9 236.468
0.000152069 15305.1 231.883
0.00015633 16423 241.584
0.000160709 16397.9 240.568
0.000165212 16506.9 239.738
0.000169841 17577.6 249.236
0.000174599 17953.4 253.825
0.00017949 18379.9 253.813
0.000184519 18681.6 254.139
0.000189689 19500.6 261.231
0.000195003 20193.2 270.297
0.000200466 20758.1 273.904
0.000206083 21404.6 276.652
0.000211856 21758.9 277.11
0.000217792 22064.4 278.433
0.000223893 22704.2 284.336
0.000230166 23225.4 284.447
0.000236615 24366.8 294.487
0.000243244 24419.2 293.218
0.000250058 25138.8 299.863
0.000257064 26609.8 307.639
0.000264266 27103.9 311.691
0.00027167 27923.3 315.57
0.000279281 28305.4 315.591
0.000287105 29001.4 318.759
0.000295149 30034 325.704
0.000303418 30407.2 325.534
0.000311919 32209.4 338.92
0.000320658 32544.1 340.99
0.000329641 33097.8 341.095
0.000338876 34569.1 349.614
0.000348371 35807.8 357.807
0.000358131 36090.7 357.494
0.000368164 36966.4 357.889
0.000378479 38239.5 368.864
0.000389082 39158.4 372.198
0.000399983 39760 375.177
0.000411189 41904.8 387.123
0.000422709 42709 388.374
0.000434552 43949.1 396.594
0.000446726 45974.3 403.342
0.000459242 46473.6 403.68
0.000472108 47538.6 410.285
0.000485335 49721.4 420.227
0.000498932 49934.3 419.208
0.00051291 51549.3 427.669
0.00052728 53146.7 433.162
0.000542053 54540.5 439.023
0.000557239 55940.1 445.173
0.000572851 57748.2 450.141
0.0005889 59140 457.597
0.000605399 61156 463.722
0.00062236 62978.9 472.798
0.000639796 64585.8 479.645
0.000657721 65362 479.023
0.000676147 68108.2 492.922
0.000695091 70129 496.144
0.000714565 71314.6 503.555
0.000734584 71812.1 500.734
0.000755164 74797.1 512.039
0.000776321 77610 527.3
0.000798071 80378.1 536.267
0.00082043 81431.3 539.425
0.000843415 83899.3 544.448
0.000867045 87493.4 559.35
0.000891336 88842.4 561.504
0.000916308 92146.8 572.828
0.000941979 93245.2 576.159
0.00096837 96288.2 585.18
0.0009955 97050.6 584.012
0.00102339 100910 595.336
0.00105206 103951 606.399
0.00108154 106834 616.786
0.00111184 110810 626.194
0.00114299 112207 628.656
0.00117501 115194 635.829
0.00120793 118204 647.862
0.00124177 122284 658.61
0.00127656 124567 662.393
0.00131233 127772 670.076
0.00134909 131816 680.995
0.00138689 135181 691.127
0.00142574 139301 700.732
0.00146569 140972 704.898
0.00150675 145840 716.879
0.00154896 149624 726.977
0.00159236 153351 735.642
0.00163697 157881 747.441
0.00168283 161386 753.137
0.00172998 165193 760.859
0.00177845 171903 782.503
0.00182827 175564 789.44
0.0018795 179742 796.835
0.00193215 184166 808.096
0.00198628 188905 816.544
0.00204193 195149 832.051
0.00209914 198377 837.847
0.00215795 204573 848.14
0.00221841 207308 854.482
0.00228056 214457 867.693
0.00234445 218878 878.316
0.00241014 225798 892.884
0.00247766 231588 905.805
0.00254707 237316 916.948
0.00261843 242970 927.358
0.00269179 250392 936.953
0.00276721 257410 957.43
0.00284473 263304 964.074
0.00292443 268022 972.478
0.00300636 275980 989.671
0.00309059 282720 998.781
0.00317718 288411 1009.41
0.00326619 294746 1018.36
0.0033577 302812 1036.9
0.00345177 308629 1041.44
0.00354847 317293 1058.59
0.00364789 325711 1072.05
0.00375009 333689 1089.25
0.00385515 342313 1100.4
0.00396316 350777 1115.82
0.00407419 357210 1120.85
0.00418834 365050 1135.11
0.00430568 374330 1150.68
0.00442631 386107 1169.43
0.00455031 391028 1175.59
0.0046778 399829 1189.63
0.00480885 409340 1201.31
0.00494358 420570 1218.85
0.00508208 427784 1229.77
0.00522446 438129 1243.91
0.00537083 446605 1255.71
0.0055213 459230 1274.74
0.00567599 468087 1287.11
0.00583501 477389 1297.72
0.00599848 486832 1311.91
0.00616654 500361 1329.06
0.0063393 508773 1342.75
0.00651691 518572 1351.6
0.00669949 528862 1367.09
0.00688718 541785 1382.23
0.00708013 550390 1392.69
0.00727849 564075 1412.18
0.00748241 574881 1426.02
0.00769204 585607 1438.97
0.00790754 600080 1457.53
0.00812908 608239 1468.15
0.00835683 617894 1476.53
0.00859096 628477 1488.78
0.00883164 641415 1504.78
0.00907907 654161 1521.06
0.00933343 663083 1529.8
0.00959492 677691 1548.39
0.00986374 689066 1561.01
0.0101401 697449 1566.14
0.0104242 710977 1582.27
0.0107162 722250 1596.78
0.0110164 731501 1605.71
0.0113251 744669 1620.14
0.0116424 759595 1638.16
0.0119685 770172 1650.4
0.0123039 780136 1662.22
0.0126486 787920 1668.38
0.0130029 800552 1685.38
0.0133672 815287 1698.06
0.0137417 820879 1701.87
0.0141267 832096 1715.84
0.0145225 841496 1724.14
0.0149294 853369 1738.34
0.0153476 862218 1747.09
0.0157776 870881 1753.65
0.0162196 879454 1762.92
0.0166741 889554 1774.19
0.0171412 896928 1784.62
0.0176214 903635 1785.06
0.0181151 913350 1798.75
0.0186226 918511 1801.46
0.0191444 921922 1805.51
0.0196807 930546 1811.73
0.0202321 935102 1818.97
0.020799 936474 1817.15
0.0213817 943564 1825.14
0.0219807 953244 1839.99
0.0225965 948121 1828.68
0.0232296 954706 1837.82
0.0238804 954042 1834.44
0.0245494 955581 1837.72
0.0252372 959114 1843.82
0.0259443 955955 1838.61
0.0266711 953997 1835.01
0.0274184 951209 1830.94
0.0281865 951403 1834.86
0.0289762 946380 1827.41
0.029788 944454 1827.52
0.0306226 938605 1822.33
0.0314805 929194 1807.22
0.0323625 925337 1810.96
0.0332691 914650 1798.03
0.0342012 905383 1789.01
0.0351594 896239 1780.14
0.0361444 890290 1777.67
0.0371571 874061 1756.84
0.0381981 866814 1750.32
0.0392682 847919 1729.1
0.0403684 839161 1723.14
0.0414994 825702 1710.65
0.042662 809841 1690.09
0.0438573 793999 1676.1
0.045086 776400 1656.42
0.0463491 755493 1632.77
0.0476476 741181 1618.05
0.0489826 721594 1597.17
0.0503549 702179 1576.07
0.0517656 684636 1556.57
0.0532159 662184 1527.96
0.0547068 641928 1504.69
0.0562395 619756 1478.51
0.0578151 600197 1453.46
0.0594349 578442 1430.93
0.0611 556804 1405.36
0.0628118 532112 1369.92
0.0645716 511729 1341.38
0.0663806 488032 1313.54
0.0682404 468923 1290.89
0.0701522 443921 1253.07
0.0721176 423136 1222.16
0.0741381 401360 1194.19
0.0762152 378175 1154.62
0.0783504 358170 1125.84
0.0805455 338558 1092.87
0.0828021 317919 1061.21
0.0851219 297932 1027.41
0.0875067 276815 986.467
0.0899583 260406 962.35
0.0924786 241873 924.283
0.0950696 224520 893.765
0.097733 206297 856.305
0.100471 189671 819.448
0.103286 175278 788.231
0.10618 160182 751.436
0.109154 147203 722.225
0.112213 132218 681.014
0.115356 121660 658.192
0.118588 109450 623.791
0.121911 97771.7 587.132
0.125326 88456.1 558.113
0.128837 79164.9 528.525
0.132447 70878 501.641
0.136157 62571.3 473.355
0.139972 56036.2 448.039
0.143894 48225.6 411.808
0.147925 41951.1 383.535
0.152069 37740.5 367.652
0.15633 31611.5 333.811
0.160709 27688.1 312.251
0.165212 24037.7 294.306
0.169841 20200.7 268.724
0.174599 17032 244.875
0.17949 14985.5 232.383
0.184519 12500 210.451
0.189689 10346.1 191.351
0.195003 8428.91 171.08
0.200466 6853.86 154.995
0.206083 5740.58 140.543
0.211856 4729.56 128.957
0.217792 3834.12 117.279
0.223893 3053.37 103.088
0.230166 2462.36 92.4554
0.236615 2062.5 85.2064
0.243244 1708.1 78.781
0.250058 1199.85 65.2694
0.257064 953.025 57.3884
0.264266 738.169 49.4165
0.27167 614.575 47.4106
0.279281 355.168 31.1196
0.287105 427.612 41.3732
0.295149 215.67 26.233
0.303418 197.36 28.8051
0.311919 130.227 21.5853
0.320658 54.2491 11.7852
0.329641 97.2997 19.5663
0.338876 46.3609 10.491
0.348371 52.8879 11.7897
0.358131 20.0633 8.07073
0.368164 25.5468 13.3839
0.378479 17.8385 9.56246
0.389082 4.21179 2.32296
0.399983 2.30106 2.09673
0.411189 0 0
0.422709 7.40655 7.40655
0.434552 0 0
0.446726 0 0
0.459242 0 0
0.472108 0 0
0.485335 0 0
0.498932 0 0
0.51291 0 0
0.52728 0 0
0.542053 0 0
0.557239 0 0
0.572851 0 0
0.5889 0 0
0.605399 0 0
0.62236 0 0
0.639796 0 0
0.657721 0 0
0.676147 0 0
0.695091 0 0
0.714565 0 0
0.734584 0 0
0.755164 0 0
0.776321 0 0
0.798071 0 0
0.82043 0 0
0.843415 0 0
0.867045 0 0
0.891336 0 0
0.916308 0 0
0.941979 0 0
0.96837 0 0
0.9955 0 0
1.02339 0 0
1.05206 0 0
1.08154 0 0
1.11184 0 0
1.14299 0 0
1.17501 0 0
1.20793 0 0
1.24177 0 0
1.27656 0 0
1.31233 0 0
1.34909 0 0
1.38689 0 0
1.42574 0 0
1.46569 0 0
1.50675 0 0
1.54896 0 0
1.59236 0 0
1.63697 0 0
1.68283 0 0
1.72998 0 0
1.77845 0 0
1.82827 0 0
1.8795 0 0
1.93215 0 0
1.98628 0 0
2.04193 0 0
2.09914 0 0
2.15795 0 0
2.21841 0 0
2.28056 0 0
2.34445 0 0
2.41014 0 0
2.47766 0 0
2.54707 0 0
2.61843 0 0
2.69179 0 0
2.76721 0 0
2.84473 0 0
2.92443 0 0
3.00636 0 0
3.09059 0 0
3.17718 0 0
3.26619 0 0
3.3577 0 0
3.45177 0 0
3.54847 0 0
3.64789 0 0
3.75009 0 0
3.85515 0 0
3.96316 0 0
4.07419 0 0
4.18834 0 0
4.30568 0 0
4.42631 0 0
4.55031 0 0
4.6778 0 0
4.80885 0 0
4.94358 0 0
5.08208 0 0
5.22446 0 0
5.37083 0 0
5.5213 0 0
5.67599 0 0
5.83501 0 0
5.99848 0 0
6.16654 0 0
6.3393 0 0
6.51691 0 0
6.69949 0 0
6.88718 0 0
7.08013 0 0
7.27849 0 0
7.48241 0 0
7.69204 0 0
7.90754 0 0
8.12908 0 0
8.35683 0 0
8.59096 0 0
8.83164 0 0
9.07907 0 0
9.33343 0 0
9.59492 0 0
9.86374 0 0
10.1401 0 0
10.4242 0 0
10.7162 0 0
11.0164 0 0
11.3251 0 0
11.6424 0 0
11.9685 0 0
12.3039 0 0
12.6486 0 0
13.0029 0 0
13.3672 0 0
13.7417 0 0
14.1267 0 0
14.5225 0 0
14.9294 0 0
15.3476 0 0
15.7776 0 0
16.2196 0 0
16.6741 0 0
17.1412 0 0
17.6214 0 0
18.1151 0 0
18.6226 0 0
19.1444 0 0
19.6807 0 0
20.2321 0 0
20.799 0 0
21.3817 0 0
21.9807 0 0
22.5965 0 0
23.2296 0 0
23.8804 0 0
24.5494 0 0
25.2372 0 0
25.9443 0 0
26.6711 0 0
27.4184 0 0
28.1865 0 0
28.9762 0 0
29.788 0 0
30.6226 0 0
31.4805 0 0
32.3625 0 0
33.2691 0 0
34.2012 0 0
35.1594 0 0
36.1444 0 0
37.1571 0 0
38.1981 0 0
39.2682 0 0
40.3684 0 0
41.4994 0 0
42.662 0 0
43.8573 0 0
45.086 0 0
46.3491 0 0
47.6476 0 0
48.9826 0 0
50.3549 0 0
51.7656 0 0
53.2159 0 0
54.7068 0 0
56.2395 0 0
57.8151 0 0
59.4349 0 0
61.1 0 0
62.8118 0 0
64.5716 0 0
66.3806 0 0
68.2404 0 0
70.1522 0 0
72.1176 0 0
74.1381 0 0
76.2152 0 0
78.3504 0 0
80.5455 0 0
82.8021 0 0
85.1219 0 0
87.5067 0 0
89.9583 0 0
92.4786 0 0
95.0696 0 0
97.733 0 0
100.471 0 0
103.286 0 0
106.18 0 0
109.154 0 0
112.213 0 0
115.356 0 0
118.588 0 0
121.911 0 0
125.326 0 0
128.837 0 0
132.447 0 0
136.157 0 0
139.972 0 0
143.894 0 0
147.925 0 0
152.069 0 0
156.33 0 0
160.709 0 0
165.212 0 0
169.841 0 0
174.599 0 0
179.49 0 0
184.519 0 0
189.689 0 0
195.003 0 0
200.466 0 0
206.083 0 0
211.856 0 0
217.792 0 0
223.893 0 0
230.166 0 0
236.615 0 0
243.244 0 0
250.058 0 0
257.064 0 0
264.266 0 0
271.67 0 0
279.281 0 0
287.105 0 0
295.149 0 0
303.418 0 0
311.919 0 0
320.658 0 0
329.641 0 0
338.876 0 0
348.371 0 0
358.131 0 0
368.164 0 0
378.479 0 0
389.082 0 0
399.983 0 0
411.189 0 0
422.709 0 0
434.552 0 0
446.726 0 0
459.242 0 0
472.108 0 0
485.335 0 0
498.932 0 0
512.91 0 0
527.28 0 0
542.053 0 0
557.239 0 0
572.851 0 0
588.9 0 0
605.399 0 0
622.36 0 0
639.796 0 0
657.721 0 0
676.147 0 0
695.091 0 0
714.565 0 0
734.584 0 0
755.164 0 0
776.321 0 0
798.071 0 0
820.43 0 0
843.415 0 0
867.045 0 0
891.336 0 0
916.308 0 0
941.979 0 0
968.37 0 0
995.5 0 0
1023.39 0 0
1052.06 0 0
1081.54 0 0
1111.84 0 0
1142.99 0 0
1175.01 0 0
1207.93 0 0
1241.77 0 0
1276.56 0 0
1312.33 0 0
1349.09 0 0
1386.89 0 0
1425.74 0 0
1465.69 0 0
1506.75 0 0
1548.96 0 0
1592.36 0 0
1636.97 0 0
1682.83 0 0
1729.98 0 0
1778.45 0 0
1828.27 0 0
1879.5 0 0
1932.15 0 0
1986.28 0 0
2041.93 0 0
2099.14 0 0
2157.95 0 0
2218.41 0 0
2280.56 0 0
2344.45 0 0
2410.14 0 0
2477.66 0 0
2547.07 0 0
2618.43 0 0
2691.79 0 0
2767.21 0 0
2844.73 0 0
2924.43 0 0
3006.36 0 0
3090.59 0 0
3177.18 0 0
3266.19 0 0
3357.7 0 0
3451.77 0 0
3548.47 0 0
3647.89 0 0
3750.09 0 0
3855.15 0 0
3963.16 0 0
4074.19 0 0
4188.34 0 0
4305.68 0 0
4426.31 0 0
4550.31 0 0
4677.8 0 0
4808.85 0 0
4943.58 0 0
5082.08 0 0
5224.46 0 0
5370.83 0 0
5521.3 0 0
5675.99 0 0
5835.01 0 0
5998.48 0 0
6166.54 0 0
6339.3 0 0
6516.91 0 0
6699.49 0 0
6887.18 0 0
7080.13 0 0
7278.49 0 0
7482.41 0 0
7692.04 0 0
7907.54 0 0
8129.08 0 0
8356.83 0 0
8590.96 0 0
8831.64 0 0
9079.07 0 0
9333.43 0 0
9594.92 0 0
9863.74 0 0
10140.1 0 0
10424.2 0 0
10716.2 0 0
11016.4 0 0
11325.1 0 0
11642.4 0 0
11968.5 0 0
12303.9 0 0
12648.6 0 0
13002.9 0 0
13367.2 0 0
13741.7 0 0
14126.7 0 0
14522.5 0 0
14929.4 0 0
15347.6 0 0
15777.6 0 0
16219.6 0 0
16674.1 0 0
17141.2 0 0
17621.4 0 0
18115.1 0 0
18622.6 0 0
19144.4 0 0
19680.7 0 0
20232.1 0 0
20799 0 0
21381.7 0 0
21980.7 0 0
22596.5 0 0
23229.6 0 0
23880.4 0 0
24549.4 0 0
25237.2 0 0
25944.3 0 0
26671.1 0 0
27418.4 0 0
28186.5 0 0
28976.2 0 0
29788 0 0
30622.6 0 0
31480.5 0 0
32362.5 0 0
33269.1 0 0
34201.2 0 0
35159.4 0 0
36144.4 0 0
37157.1 0 0
38198.1 0 0
39268.2 0 0
40368.4 0 0
41499.4 0 0
42662 0 0
43857.3 0 0
45086 0 0
46349.1 0 0
47647.6 0 0
48982.6 0 0
50354.9 0 0
51765.6 0 0
53215.9 0 0
54706.8 0 0
56239.5 0 0
57815.1 0 0
59434.9 0 0
61100 0 0
62811.8 0 0
64571.6 0 0
66380.6 0 0
68240.4 0 0
70152.2 0 0
72117.6 0 0
74138.1 0 0
76215.2 0 0
78350.4 0 0
80545.5 0 0
82802.1 0 0
85121.9 0 0
87506.7 0 0
89958.3 0 0
92478.6 0 0
95069.6 0 0
97733 0 0
100471 0 0
103286 0 0
106180 0 0
109154 0 0
112213 0 0
115356 0 0
118588 0 0
121911 0 0
125326 0 0
128837 0 0
132447 0 0
136157 0 0
139972 0 0
143894 0 0
147925 0 0
152069 0 0
156330 0 0
160709 0 0
165212 0 0
169841 0 0
174599 0 0
179490 0 0
184519 0 0
189689 0 0
195003 0 0
200466 0 0
206083 0 0
211856 0 0
217792 0 0
223893 0 0
230166 0 0
236615 0 0
243244 0 0
250058 0 0
257064 0 0
264266 0 0
271670 0 0
279281 0 0
287105 0 0
295149 0 0
303418 0 0
311919 0 0
320658 0 0
329641 0 0
338876 0 0
348371 0 0
358131 0 0
368164 0 0
378479 0 0
389082 0 0
399983 0 0
411189 0 0
422709 0 0
434552 0 0
446726 0 0
459242 0 0
472108 0 0
485335 0 0
498932 0 0
512910 0 0
527280 0 0
542053 0 0
557239 0 0
572851 0 0
588900 0 0
605399 0 0
622360 0 0
639796 0 0
657721 0 0
676147 0 0
695091 0 0
714565 0 0
734584 0 0
755164 0 0
776321 0 0
798071 0 0
820430 0 0
843415 0 0
867045 0 0
891336 0 0
916308 0 0
941979 0 0
968370 0 0
995500 0 0
1.02339e+06 0 0
1.05206e+06 0 0
1.08154e+06 0 0
1.11184e+06 0 0
1.14299e+06 0 0
1.17501e+06 0 0
1.20793e+06 0 0
1.24177e+06 0 0
1.27656e+06 0 0
1.31233e+06 0 0
1.34909e+06 0 0
1.38689e+06 0 0
1.42574e+06 0 0
1.46569e+06 0 0
1.50675e+06 0 0
1.54896e+06 0 0
1.59236e+06 0 0
1.63697e+06 0 0
1.68283e+06 0 0
1.72998e+06 0 0
1.77845e+06 0 0
1.82827e+06 0 0
1.8795e+06 0 0
1.93215e+06 0 0
1.98628e+06 0 0
2.04193e+06 0 0
2.09914e+06 0 0
2.15795e+06 0 0
2.21841e+06 0 0
2.28056e+06 0 0
2.34445e+06 0 0
2.41014e+06 0 0
2.47766e+06 0 0
2.54707e+06 0 0
2.61843e+06 0 0
2.69179e+06 0 0
2.76721e+06 0 0
2.84473e+06 0 0
2.92443e+06 0 0
3.00636e+06 0 0
3.09059e+06 0 0
3.17718e+06 0 0
3.26619e+06 0 0
3.3577e+06 0 0
3.45177e+06 0 0
3.54847e+06 0 0
3.64789e+06 0 0
3.75009e+06 0 0
3.85515e+06 0 0
3.96316e+06 0 0
4.07419e+06 0 0
4.18834e+06 0 0
4.30568e+06 0 0
4.42631e+06 0 0
4.55031e+06 0 0
4.6778e+06 0 0
4.80885e+06 0 0
4.94358e+06 0 0
5.08208e+06 0 0
5.22446e+06 0 0
5.37083e+06 0 0
5.5213e+06 0 0
5.67599e+06 0 0
5.83501e+06 0 0
5.99848e+06 0 0
6.16654e+06 0 0
6.3393e+06 0 0
6.51691e+06 0 0
6.69949e+06 0 0
6.88718e+06 0 0
7.08013e+06 0 0
7.27849e+06 0 0
7.48241e+06 0 0
7.69204e+06 0 0
7.90754e+06 0 0
8.12908e+06 0 0
8.35683e+06 0 0
8.59096e+06 0 0
8.83164e+06 0 0
9.07907e+06 0 0
9.33343e+06 0 0
9.59492e+06 0 0
9.86374e+06 0 0
