1.01401e-05 0 0
1.04242e-05 0 0
1.07162e-05 0 0
1.10164e-05 0 0
1.13251e-05 0 0
1.16424e-05 0 0
1.19685e-05 0 0
1.23039e-05 0 0
1.26486e-05 0 0
1.30029e-05 0 0
1.33672e-05 0 0
1.37417e-05 0 0
1.41267e-05 0 0
1.45225e-05 0 0
1.49294e-05 0 0
1.53476e-05 0 0
1.57776e-05 0 0
1.62196e-05 0 0
1.66741e-05 0 0
1.71412e-05 0 0
1.76214e-05 0 0
1.81151e-05 0 0
1.86226e-05 0 0
1.91444e-05 0 0
1.96807e-05 0 0
2.02321e-05 0 0
2.0799e-05 0 0
2.13817e-05 0 0
2.19807e-05 0 0
2.25965e-05 0 0
2.32296e-05 0 0
2.38804e-05 0 0
2.45494e-05 0 0
2.52372e-05 0 0
2.59443e-05 0 0
2.66711e-05 0 0
2.74184e-05 0 0
2.81865e-05 0 0
2.89762e-05 0 0
2.9788e-05 0 0
3.06226e-05 0 0
3.14805e-05 0 0
3.23625e-05 0 0
3.32691e-05 0 0
3.42012e-05 0 0
3.51594e-05 0 0
3.61444e-05 0 0
3.71571e-05 0 0
3.81981e-05 0 0
3.92682e-05 0 0
4.03684e-05 0 0
4.14994e-05 0 0
4.2662e-05 0 0
4.38573e-05 0 0
4.5086e-05 0 0
4.63491e-05 0 0
4.76476e-05 0 0
4.89826e-05 0 0
5.03549e-05 0 0
5.17656e-05 0 0
5.32159e-05 0 0
5.47068e-05 0 0
5.62395e-05 0 0
5.78151e-05 0 0
5.94349e-05 0 0
6.11e-05 0 0
6.28118e-05 0 0
6.45716e-05 0 0
6.63806e-05 0 0
6.82404e-05 0 0
7.01522e-05 0 0
7.21176e-05 0 0
7.41381e-05 0 0
7.62152e-05 0 0
7.83504e-05 0 0
8.05455e-05 0 0
8.28021e-05 0 0
8.51219e-05 0 0
8.75067e-05 0 0
8.99583e-05 0 0
9.24786e-05 0 0
9.50696e-05 0 0
9.7733e-05 0 0
0.000100471 0 0
0.000103286 0 0
0.00010618 0 0
0.000109154 0 0
0.000112213 0 0
0.000115356 0 0
0.000118588 0 0
0.000121911 0 0
0.000125326 0 0
0.000128837 0 0
0.000132447 0 0
0.000136157 0 0
0.000139972 0 0
0.000143894 0 0
0.000147925 0 0
0.000152069 0 0
0.00015633 0 0
0.000160709 0 0
0.000165212 0 0
0.000169841 0 0
0.000174599 0 0
0.00017949 0 0
0.000184519 0 0
0.000189689 0 0
0.000195003 0 0
0.000200466 0 0
0.000206083 0 0
0.000211856 0 0
0.000217792 0 0
0.000223893 0 0
0.000230166 0 0
0.000236615 0 0
0.000243244 0 0
0.000250058 0 0
0.000257064 0 0
0.000264266 0 0
0.00027167 0 0
0.000279281 0 0
0.000287105 0 0
0.000295149 0 0
0.000303418 0 0
0.000311919 0 0
0.000320658 0 0
0.000329641 0 0
0.000338876 0 0
0.000348371 0 0
0.000358131 0 0
0.000368164 0 0
0.000378479 0 0
0.000389082 0 0
0.000399983 0 0
0.000411189 0 0
0.000422709 0 0
0.000434552 0 0
0.000446726 0 0
0.000459242 0 0
0.000472108 0 0
0.000485335 0 0
0.000498932 0 0
0.00051291 0 0
0.00052728 0 0
0.000542053 0 0
0.000557239 0 0
0.000572851 0 0
0.0005889 0 0
0.000605399 0 0
0.00062236 0 0
0.000639796 0 0
0.000657721 0 0
0.000676147 0 0
0.000695091 0 0
0.000714565 0 0
0.000734584 0 0
0.000755164 0 0
0.000776321 0 0
0.000798071 0 0
0.00082043 0 0
0.000843415 0 0
0.000867045 0 0
0.000891336 0 0
0.000916308 0 0
0.000941979 0 0
0.00096837 0 0
0.0009955 0 0
0.00102339 0 0
0.00105206 0 0
0.00108154 0 0
0.00111184 0 0
0.00114299 0 0
0.00117501 0 0
0.00120793 0 0
0.00124177 0 0
0.00127656 0 0
0.00131233 0 0
0.00134909 0 0
0.00138689 0 0
0.00142574 0 0
0.00146569 0 0
0.00150675 0 0
0.00154896 0 0
0.00159236 0 0
0.00163697 0 0
0.00168283 0 0
0.00172998 0 0
0.00177845 0 0
0.00182827 0 0
0.0018795 0 0
0.00193215 0 0
0.00198628 0 0
0.00204193 0 0
0.00209914 0 0
0.00215795 0 0
0.00221841 0 0
0.00228056 0 0
0.00234445 0 0
0.00241014 0 0
0.00247766 0 0
0.00254707 0 0
0.00261843 0 0
0.00269179 0 0
0.00276721 0 0
0.00284473 0 0
0.00292443 0 0
0.00300636 0 0
0.00309059 0 0
0.00317718 0 0
0.00326619 0 0
0.0033577 0 0
0.00345177 0 0
0.00354847 0 0
0.00364789 0 0
0.00375009 0 0
0.00385515 0 0
0.00396316 0 0
0.00407419 0 0
0.00418834 0 0
0.00430568 0 0
0.00442631 0 0
0.00455031 0 0
0.0046778 0 0
0.00480885 0 0
0.00494358 0 0
0.00508208 0 0
0.00522446 0 0
0.00537083 0 0
0.0055213 0 0
0.00567599 0 0
0.00583501 0 0
0.00599848 0 0
0.00616654 0 0
0.0063393 0 0
0.00651691 0 0
0.00669949 0 0
0.00688718 0 0
0.00708013 0 0
0.00727849 0 0
0.00748241 0 0
0.00769204 0 0
0.00790754 0 0
0.00812908 0 0
0.00835683 0 0
0.00859096 0 0
0.00883164 0 0
0.00907907 0 0
0.00933343 0 0
0.00959492 0 0
0.00986374 0 0
0.0101401 0 0
0.0104242 0 0
0.0107162 0 0
0.0110164 0 0
0.0113251 0 0
0.0116424 0 0
0.0119685 0 0
0.0123039 0 0
0.0126486 0 0
0.0130029 0 0
0.0133672 0 0
0.0137417 0 0
0.0141267 0 0
0.0145225 0 0
0.0149294 0 0
0.0153476 0 0
0.0157776 0 0
0.0162196 0 0
0.0166741 0 0
0.0171412 0 0
0.0176214 0 0
0.0181151 0 0
0.0186226 0 0
0.0191444 0 0
0.0196807 0 0
0.0202321 0 0
0.020799 0 0
0.0213817 0 0
0.0219807 0 0
0.0225965 0 0
0.0232296 0 0
0.0238804 0 0
0.0245494 0 0
0.0252372 0 0
0.0259443 0 0
0.0266711 0 0
0.0274184 0 0
0.0281865 0 0
0.0289762 0 0
0.029788 0 0
0.0306226 0 0
0.0314805 0 0
0.0323625 0 0
0.0332691 0 0
0.0342012 0 0
0.0351594 0 0
0.0361444 0 0
0.0371571 0 0
0.0381981 0 0
0.0392682 0 0
0.0403684 0 0
0.0414994 0 0
0.042662 0 0
0.0438573 0 0
0.045086 0 0
0.0463491 0 0
0.0476476 0 0
0.0489826 0 0
0.0503549 0 0
0.0517656 0 0
0.0532159 0 0
0.0547068 0 0
0.0562395 0 0
0.0578151 0 0
0.0594349 0 0
0.0611 0 0
0.0628118 0 0
0.0645716 0 0
0.0663806 0 0
0.0682404 0 0
0.0701522 0 0
0.0721176 0 0
0.0741381 0 0
0.0762152 0 0
0.0783504 0 0
0.0805455 0 0
0.0828021 0 0
0.0851219 0 0
0.0875067 0 0
0.0899583 0 0
0.0924786 0 0
0.0950696 0 0
0.097733 0 0
0.100471 2.3376e+06 2727.68
0.103286 2.27926e+06 2697.97
0.10618 2.21519e+06 2657.85
0.109154 2.15471e+06 2621.99
0.112213 2.1083e+06 2599.57
0.115356 2.04652e+06 2563.7
0.118588 1.99472e+06 2532.95
0.121911 1.94635e+06 2503.65
0.125326 1.89077e+06 2468.32
0.128837 1.8389e+06 2433.11
0.132447 1.79073e+06 2403.55
0.136157 1.74336e+06 2373.07
0.139972 1.69925e+06 2344.06
0.143894 1.65088e+06 2311.57
0.147925 1.60918e+06 2282.01
0.152069 1.56647e+06 2254.23
0.15633 1.52485e+06 2224.52
0.160709 1.48584e+06 2198.57
0.165212 1.44692e+06 2171.85
0.169841 1.40415e+06 2133.74
0.174599 1.37405e+06 2117.3
0.17949 1.33513e+06 2084.82
0.184519 1.30033e+06 2059
0.189689 1.26778e+06 2037.11
0.195003 1.23496e+06 2013.73
0.200466 1.19938e+06 1979.96
0.206083 1.16948e+06 1958.14
0.211856 1.14095e+06 1936.89
0.217792 1.10827e+06 1908.85
0.223893 1.07657e+06 1883.12
0.230166 1.05035e+06 1860.58
0.236615 1.02177e+06 1834.77
0.243244 995507 1814.39
0.250058 966858 1787.21
0.257064 943208 1766.79
0.264266 918661 1742.06
0.27167 894845 1722.7
0.279281 871015 1699.97
0.287105 846237 1677.17
0.295149 827605 1659.61
0.303418 804153 1634.24
0.311919 781893 1612.71
0.320658 761074 1592.39
0.329641 740008 1571.08
0.338876 719822 1549.15
0.348371 702582 1528.47
0.358131 680404 1505.84
0.368164 663141 1487.7
0.378479 647670 1469.06
0.389082 632996 1457.11
0.399983 614275 1434.19
0.411189 596281 1414.66
0.422709 581148 1395.97
0.434552 565293 1379.52
0.446726 548510 1356.73
0.459242 535216 1342
0.472108 519998 1321.98
0.485335 506313 1303.25
0.498932 494136 1291.51
0.51291 479304 1271.81
0.52728 466882 1254.42
0.542053 455729 1242.3
0.557239 444487 1227.28
0.572851 431324 1207.62
0.5889 421242 1192.17
0.605399 410612 1180.49
0.62236 398798 1162.64
0.639796 387832 1148.55
0.657721 376187 1128.58
0.676147 368645 1121.17
0.695091 357023 1101.09
0.714565 347039 1088.27
0.734584 335810 1068.01
0.755164 327515 1053.7
0.776321 320001 1042.71
0.798071 310591 1027.36
0.82043 302759 1012.33
0.843415 294725 1002.71
0.867045 286464 986.527
0.891336 279269 976.118
0.916308 271793 960.335
0.941979 264621 951.046
0.96837 257309 939.872
0.9955 250326 925.85
1.02339 244522 913.947
1.05206 237322 899.149
1.08154 232862 896.225
1.11184 226156 879.42
1.14299 218447 861.45
1.17501 213218 854.303
1.20793 206401 842.059
1.24177 200881 830.251
1.27656 195843 820.333
1.31233 191227 809.125
1.34909 185474 796.04
1.38689 179464 782.098
1.42574 175175 774
1.46569 171327 766.656
1.50675 166845 755.977
1.54896 163064 750.883
1.59236 157603 736.794
1.63697 152001 721.977
1.68283 149857 719.167
1.72998 145064 706.487
1.77845 141913 699.834
1.82827 137805 690.46
1.8795 134746 685.309
1.93215 129551 665.922
1.98628 126209 658.344
2.04193 123523 652.808
2.09914 120362 645.832
2.15795 116203 633.593
2.21841 113577 626.12
2.28056 111011 620.864
2.34445 107436 609.456
2.41014 104264 599.313
2.47766 101237 591.621
2.54707 98601.1 582.263
2.61843 96261.3 577.169
2.69179 93177.5 569.209
2.76721 91206.1 563.154
2.84473 89010.4 557.265
2.92443 86521.8 549.716
3.00636 84612.1 543.599
3.09059 81769.5 533.437
3.17718 78876.7 521.554
3.26619 77515.2 517.891
3.3577 75683.5 511.019
3.45177 73009.1 502.494
3.54847 71310.3 498.885
3.64789 69001 489.145
3.75009 67025.4 482.528
3.85515 65147.9 476.265
3.96316 63876.9 469.563
4.07419 62142.9 467.482
4.18834 59816.8 454.731
4.30568 58521.6 452.052
4.42631 57620.3 448.314
4.55031 55736.4 441.804
4.6778 54261.5 436.116
4.80885 53500.9 434.682
4.94358 51421.9 426.399
5.08208 49364.8 414.976
5.22446 47681.5 404.023
5.37083 47114.9 405.209
5.5213 45872.6 399.618
5.67599 44492.7 395.886
5.83501 43339.1 387.523
5.99848 42653 385.617
6.16654 40898.2 374.747
6.3393 39806.7 371.429
6.51691 39141.4 367.254
6.69949 38310.7 365.31
6.88718 37262.2 357.722
7.08013 35458.4 349.565
7.27849 34327 347.859
7.48241 34122.5 349.819
7.69204 32713.4 336.896
7.90754 31839.3 332.166
8.12908 31099 327.876
8.35683 30348.3 323.894
8.59096 29622.3 322.321
8.83164 28811.3 317.081
9.07907 28077 315.052
9.33343 27476.6 309.411
9.59492 26657.2 305.816
9.86374 25587.5 297.219
10.1401 24593.8 292.716
10.4242 24488.9 291.808
10.7162 23679.6 288.724
11.0164 22898.6 283.615
11.3251 22236.1 279.12
11.6424 22175.7 280.184
11.9685 21069.6 270.331
12.3039 21618.8 276.373
12.6486 20259 267.977
13.0029 19202 257.414
13.3672 18872.7 258.36
13.7417 18643.1 254.191
14.1267 17995.3 250.883
14.5225 17773.8 250.962
14.9294 16972.7 242.106
15.3476 16714.2 242.503
15.7776 16285.8 240.051
16.2196 15627.7 235.523
16.6741 15216.9 229.504
17.1412 14774.1 228.898
17.6214 14803.2 229.59
18.1151 14374.9 227.088
18.6226 13444.9 215.238
19.1444 13097.5 213.561
19.6807 12636.7 209.832
20.2321 12432.9 208.252
20.799 12021.7 202.264
21.3817 11833.9 201.665
21.9807 11461.9 201.814
22.5965 11068.1 194.865
23.2296 11110.6 196.835
23.8804 10683.4 197.098
24.5494 10563.1 195.814
25.2372 9998.16 186.882
25.9443 9663.63 185.527
26.6711 9814.99 184.646
27.4184 9109.67 177.918
28.1865 8670.96 175.12
28.9762 8738.94 174.016
29.788 8578.05 173.141
30.6226 8281.19 170.192
31.4805 7772.56 163.221
32.3625 8207.79 174.228
33.2691 7812.88 167.72
34.2012 7863.51 168.586
35.1594 7404.87 164.87
36.1444 7055.71 158.429
37.1571 6401.84 146.72
38.1981 6854.9 154.601
39.2682 6465.62 149.54
40.3684 6411.38 152.046
41.4994 6307.83 150.772
42.662 5911.1 144.66
43.8573 6019.09 146.248
45.086 5739.39 143.218
46.3491 5565.4 140.652
47.6476 5285.65 138.421
48.9826 5143.1 134.359
50.3549 5156.62 136.882
51.7656 4956.6 131.597
53.2159 4843.88 131.316
54.7068 4337.21 120.746
56.2395 4366.55 123.532
57.8151 4425.13 123.247
59.4349 4275.99 121.166
61.1 4232.55 122.427
62.8118 3832.89 112.304
64.5716 4002.05 121.649
66.3806 3858.94 117.315
68.2404 3501.51 106.859
70.1522 3636.67 115.739
72.1176 3363.13 108.603
74.1381 3389.11 108.997
76.2152 3325.74 108.096
78.3504 3303.88 109.174
80.5455 3108.9 105.964
82.8021 2998.96 100.336
85.1219 2996.66 101.82
87.5067 3103.49 104.512
89.9583 2846.22 99.0624
92.4786 2692.62 94.0836
95.0696 2630.71 96.2402
97.733 2654.79 95.4586
100.471 2507.16 92.8451
103.286 2382.34 89.3619
106.18 2263.83 86.9068
109.154 2282.85 89.2628
112.213 2342.67 92.7474
115.356 2246.12 87.5784
118.588 2064.02 82.1726
121.911 2085.84 83.3548
125.326 2064.88 84.6714
128.837 1852.66 80.1594
132.447 1850.06 80.4208
136.157 1782.3 81.7306
139.972 1750.15 77.2156
143.894 1724.76 77.9814
147.925 1677.02 76.3006
152.069 1592.82 73.5669
156.33 1548.2 70.6383
160.709 1561.88 73.0612
165.212 1496.56 68.4335
169.841 1362.56 68.0874
174.599 1554.16 76.9181
179.49 1533.48 77.9982
184.519 1492.99 75.2539
189.689 1388.95 68.9776
195.003 1359.86 70.2095
200.466 1255.26 67.8277
206.083 1202.58 61.0747
211.856 1158.35 65.2541
217.792 1093.74 61.768
223.893 1115.51 60.2481
230.166 1216.18 67.5579
236.615 1161.2 65.6138
243.244 868.604 48.9765
250.058 1110.85 65.9807
257.064 850.962 51.6031
264.266 834.559 52.5982
271.67 933.671 58.305
279.281 852.583 50.7297
287.105 854.224 52.8298
295.149 821.887 51.6761
303.418 713.051 48.5172
311.919 671.613 47.0792
320.658 580.948 37.7201
329.641 502.402 33.2686
338.876 434.639 28.8173
348.371 502.616 32.5071
358.131 551.636 38.8703
368.164 655.46 44.7589
378.479 644.266 44.2855
389.082 617.713 43.2584
399.983 537.068 40.2771
411.189 629.856 45.755
422.709 656.202 48.5912
434.552 538.998 41.4679
446.726 678.846 51.9203
459.242 601.872 50.8253
472.108 492.425 41.2861
485.335 565.999 46.4639
498.932 546.073 46.893
512.91 464.063 39.4997
527.28 454.618 38.6132
542.053 450.658 41.6081
557.239 389.909 38.0422
572.851 461.819 38.6729
588.9 423.487 40.2104
605.399 428.665 39.1413
622.36 361.582 33.4559
639.796 351.126 33.2122
657.721 368.531 34.037
676.147 329.536 36.207
695.091 411.916 39.449
714.565 372.38 35.6552
734.584 386.209 37.7092
755.164 340.287 36.6923
776.321 345.848 34.0313
798.071 367.418 37.926
820.43 288.173 28.4522
843.415 346.018 32.952
867.045 282.623 29.8867
891.336 268.259 31.2742
916.308 275.296 32.1856
941.979 302.69 34.8573
968.37 200.649 28.97
995.5 255.162 31.0875
1023.39 269.509 33.6274
1052.06 226.422 25.1314
1081.54 206.942 26.817
1111.84 232.06 26.776
1142.99 204.045 28.1824
1175.01 163.351 21.9122
1207.93 184.774 25.896
1241.77 206.038 26.8968
1276.56 180.065 21.1295
1312.33 160.387 22.6045
1349.09 195.591 25.9734
1386.89 182.155 26.9048
1425.74 176.407 24.5044
1465.69 177.659 25.0383
1506.75 160.963 24.696
1548.96 154.151 22.3781
1592.36 192.617 25.8928
1636.97 187.174 26.2799
1682.83 133.947 22.251
1729.98 152.994 24.698
1778.45 108.686 20.146
1828.27 145.421 23.8667
1879.5 115.981 19.2834
1932.15 93.3735 14.7489
1986.28 146.484 24.8136
2041.93 136.343 24.0317
2099.14 148.815 22.9978
2157.95 117.723 20.9765
2218.41 112.002 17.0625
2280.56 137.485 23.6078
2344.45 77.7451 15.92
2410.14 87.8911 17.3673
2477.66 72.8232 14.0684
2547.07 92.3152 16.4523
2618.43 150.077 24.7035
2691.79 79.6735 16.9069
2767.21 139.3 27.1213
2844.73 89.296 21.629
2924.43 79.7205 16.8692
3006.36 109.082 17.7655
3090.59 124.839 22.5741
3177.18 137.091 24.1122
3266.19 87.2691 16.702
3357.7 88.61 16.6019
3451.77 71.3681 16.5383
3548.47 76.7139 16.3145
3647.89 83.5457 18.8821
3750.09 57.9685 14.4545
3855.15 48.8226 15.0165
3963.16 35.8114 11.0927
4074.19 45.1185 10.4345
4188.34 55.5884 12.5333
4305.68 60.5897 15.214
4426.31 49.591 13.8934
4550.31 54.6876 12.9559
4677.8 44.2477 10.2667
4808.85 54.7019 15.7711
4943.58 34.098 8.07823
5082.08 69.2072 17.2167
5224.46 59 15.1373
5370.83 52.4513 11.7616
5521.3 54.3709 14.2173
5675.99 33.2025 11.1535
5835.01 39.9771 11.9588
5998.48 51.6442 13.2104
6166.54 27.4536 8.10946
6339.3 30.1422 10.6806
6516.91 31.2064 12.1065
6699.49 40.5045 12.7401
6887.18 37.2894 9.74624
7080.13 29.6421 9.49664
7278.49 31.4626 8.64048
7482.41 40.938 12.5545
7692.04 18.9687 6.17178
7907.54 39.932 12.8372
8129.08 36.0874 11.881
8356.83 40.6885 14.138
8590.96 36.5215 12.094
8831.64 17.4683 5.76595
9079.07 20.3672 5.45952
9333.43 21.14 7.59221
9594.92 18.7864 11.7413
9863.74 28.5583 8.24398
10140.1 35.3734 11.6587
10424.2 16.9503 6.18099
10716.2 21.7006 10.3733
11016.4 9.34649 3.97088
11325.1 32.6278 11.3059
11642.4 31.3651 12.8052
11968.5 13.2524 5.01698
12303.9 12.8594 5.69532
12648.6 20.8077 7.98161
13002.9 25.6151 8.22729
13367.2 7.70019 3.41475
13741.7 13.8916 5.3936
14126.7 25.4042 10.9567
14522.5 6.08311 2.41857
14929.4 11.8035 5.28553
15347.6 19.1106 6.09421
15777.6 17.3221 5.79066
16219.6 21.5495 8.68696
16674.1 18.7894 8.56211
17141.2 14.8804 5.04171
17621.4 17.4958 9.60477
18115.1 24.6462 12.5551
18622.6 23.6631 10.303
19144.4 13.4424 5.83207
19680.7 7.02543 3.42341
20232.1 7.53716 3.45737
20799 14.338 4.63759
21381.7 29.4716 11.52
21980.7 9.0736 6.46027
22596.5 30.013 12.2187
23229.6 12.87 4.56361
23880.4 9.72221 7.915
24549.4 10.1501 4.92518
25237.2 20.3366 10.7509
25944.3 4.29466 3.45667
26671.1 9.11978 5.74322
27418.4 10.2038 5.88803
28186.5 1.02557 1.02557
28976.2 9.7568 6.51387
29788 7.24491 4.30528
30622.6 9.59836 6.70322
31480.5 11.3795 7.6338
32362.5 2.26105 1.59881
33269.1 12.6889 5.69108
34201.2 7.58506 3.75326
35159.4 9.62511 8.45309
36144.4 11.9581 6.24615
37157.1 5.97726 4.17311
38198.1 1.0842 1.0842
39268.2 2.86223 2.86223
40368.4 3.60569 1.80719
41499.4 3.68828 2.02688
42662 4.7188 3.46976
43857.3 23.8643 9.64701
45086 4.63164 2.46045
46349.1 1.20756 1.20756
47647.6 1.52345 1.52345
48982.6 7.94958 5.10397
50354.9 1.36942 1.36942
51765.6 12.4148 7.91107
53215.9 6.22371 4.0465
54706.8 3.87508 2.74339
56239.5 4.44551 3.50276
57815.1 0 0
59434.9 3.79975 2.24193
61100 2.71252 2.07737
62811.8 2.32422 1.70951
64571.6 0.143535 0.143535
66380.6 3.93113 3.005
68240.4 10.4625 6.98163
70152.2 3.14889 3.14889
72117.6 7.89628 5.6701
74138.1 5.0557 3.47693
76215.2 2.21057 2.21057
78350.4 3.48334 2.48337
80545.5 9.29354 5.67472
82802.1 0.951879 0.951879
85121.9 1.13396 1.13396
87506.7 2.58235 2.0747
89958.3 10.8174 10.8174
92478.6 6.63686 4.12441
95069.6 1.72351 1.72351
97733 1.26411 1.26411
100471 1.33371 1.33371
103286 1.97646 1.97646
106180 1.21642 1.21642
109154 0.908292 0.908292
112213 3.91973 3.109
115356 1.10211 1.10211
118588 3.59034 3.59034
121911 0.793765 0.793765
125326 0 0
128837 0.423679 0.309051
132447 2.17354 2.17354
136157 0 0
139972 0 0
143894 3.77924 3.77924
147925 0 0
152069 8.59471 8.59471
156330 6.81336 4.40208
160709 2.34948 2.34948
165212 1.72012 1.72012
169841 2.54478 2.54478
174599 0 0
179490 0 0
184519 1.4763 1.4763
189689 0 0
195003 0 0
200466 1.79615 1.79615
206083 7.34805 7.34805
211856 0 0
217792 11.8976 8.81923
223893 1.31111 1.31111
230166 0 0
236615 0 0
243244 1.4428 1.4428
250058 0 0
257064 3.70998 2.68996
264266 0 0
271670 0 0
279281 0.934367 0.934367
287105 1.56198 1.56198
295149 0 0
303418 0 0
311919 0 0
320658 0 0
329641 0 0
338876 0 0
348371 0 0
358131 1.51239 1.51239
368164 0 0
378479 2.86148 2.86148
389082 0 0
399983 2.64251 2.64251
411189 2.26027 2.26027
422709 0 0
434552 0 0
446726 0 0
459242 1.81972 1.81972
472108 0 0
485335 0 0
498932 1.95438 1.95438
512910 0.883735 0.883735
527280 0 0
542053 0 0
557239 0 0
572851 9.50662 9.50662
588900 0 0
605399 0 0
622360 0 0
639796 0 0
657721 0 0
676147 0 0
695091 0 0
714565 0 0
734584 0 0
755164 0 0
776321 0 0
798071 0 0
820430 2.93534 2.93534
843415 0 0
867045 0 0
891336 0 0
916308 0 0
941979 0 0
968370 0 0
995500 0 0
1.02339e+06 0 0
1.05206e+06 0 0
1.08154e+06 0 0
1.11184e+06 0 0
1.14299e+06 0 0
1.17501e+06 0 0
1.20793e+06 0 0
1.24177e+06 0 0
1.27656e+06 0 0
1.31233e+06 0 0
1.34909e+06 0 0
1.38689e+06 0 0
1.42574e+06 0 0
1.46569e+06 0 0
1.50675e+06 0 0
1.54896e+06 0 0
1.59236e+06 0 0
1.63697e+06 0 0
1.68283e+06 0 0
1.72998e+06 0 0
1.77845e+06 0 0
1.82827e+06 0 0
1.8795e+06 0 0
1.93215e+06 0 0
1.98628e+06 0 0
2.04193e+06 0 0
2.09914e+06 0 0
2.15795e+06 0 0
2.21841e+06 0 0
2.28056e+06 0 0
2.34445e+06 0 0
2.41014e+06 0 0
2.47766e+06 0 0
2.54707e+06 0 0
2.61843e+06 0 0
2.69179e+06 0 0
2.76721e+06 0 0
2.84473e+06 0 0
2.92443e+06 2.27205 2.27205
3.00636e+06 0 0
3.09059e+06 0 0
3.17718e+06 2.45747 2.45747
3.26619e+06 1.37642 1.37642
3.3577e+06 0 0
3.45177e+06 0 0
3.54847e+06 0 0
3.64789e+06 0 0
3.75009e+06 0 0
3.85515e+06 6.28156 6.28156
3.96316e+06 0 0
4.07419e+06 0 0
4.18834e+06 0 0
4.30568e+06 0 0
4.42631e+06 0 0
4.55031e+06 0 0
4.6778e+06 0 0
4.80885e+06 0 0
4.94358e+06 0 0
5.08208e+06 0 0
5.22446e+06 0 0
5.37083e+06 0 0
5.5213e+06 0 0
5.67599e+06 0 0
5.83501e+06 0 0
5.99848e+06 0 0
6.16654e+06 0 0
6.3393e+06 0 0
6.51691e+06 0 0
6.69949e+06 0 0
6.88718e+06 0 0
7.08013e+06 0 0
7.27849e+06 0 0
7.48241e+06 0 0
7.69204e+06 0 0
7.90754e+06 0 0
8.12908e+06 0 0
8.35683e+06 0 0
8.59096e+06 0 0
8.83164e+06 0 0
9.07907e+06 3.23086 3.23086
9.33343e+06 0 0
9.59492e+06 0 0
9.86374e+06 0 0
