1.01401e-05 0 0
1.04242e-05 0 0
1.07162e-05 0 0
1.10164e-05 0 0
1.13251e-05 0 0
1.16424e-05 0 0
1.19685e-05 0 0
1.23039e-05 0 0
1.26486e-05 0 0
1.30029e-05 0 0
1.33672e-05 0 0
1.37417e-05 0 0
1.41267e-05 0 0
1.45225e-05 0 0
1.49294e-05 0 0
1.53476e-05 0 0
1.57776e-05 0 0
1.62196e-05 0 0
1.66741e-05 0 0
1.71412e-05 0 0
1.76214e-05 0 0
1.81151e-05 0 0
1.86226e-05 0 0
1.91444e-05 0 0
1.96807e-05 0 0
2.02321e-05 0 0
2.0799e-05 0 0
2.13817e-05 0 0
2.19807e-05 0 0
2.25965e-05 0 0
2.32296e-05 0 0
2.38804e-05 0 0
2.45494e-05 0 0
2.52372e-05 0 0
2.59443e-05 0 0
2.66711e-05 0 0
2.74184e-05 0 0
2.81865e-05 0 0
2.89762e-05 0 0
2.9788e-05 0 0
3.06226e-05 0 0
3.14805e-05 0 0
3.23625e-05 0 0
3.32691e-05 0 0
3.42012e-05 0 0
3.51594e-05 0 0
3.61444e-05 0 0
3.71571e-05 0 0
3.81981e-05 0 0
3.92682e-05 0 0
4.03684e-05 0 0
4.14994e-05 0 0
4.2662e-05 0 0
4.38573e-05 0 0
4.5086e-05 0 0
4.63491e-05 0 0
4.76476e-05 0 0
4.89826e-05 0 0
5.03549e-05 0 0
5.17656e-05 0 0
5.32159e-05 0 0
5.47068e-05 0 0
5.62395e-05 0 0
5.78151e-05 0 0
5.94349e-05 0 0
6.11e-05 0 0
6.28118e-05 0 0
6.45716e-05 0 0
6.63806e-05 0 0
6.82404e-05 0 0
7.01522e-05 0 0
7.21176e-05 0 0
7.41381e-05 0 0
7.62152e-05 0 0
7.83504e-05 0 0
8.05455e-05 0 0
8.28021e-05 0 0
8.51219e-05 0 0
8.75067e-05 0 0
8.99583e-05 0 0
9.24786e-05 0 0
9.50696e-05 0 0
9.7733e-05 0 0
0.000100471 0 0
0.000103286 0 0
0.00010618 0 0
0.000109154 0 0
0.000112213 0 0
0.000115356 0 0
0.000118588 0 0
0.000121911 0 0
0.000125326 0 0
0.000128837 0 0
0.000132447 0 0
0.000136157 0 0
0.000139972 0 0
0.000143894 0 0
0.000147925 0 0
0.000152069 0 0
0.00015633 0 0
0.000160709 0 0
0.000165212 0 0
0.000169841 0 0
0.000174599 0 0
0.00017949 0 0
0.000184519 0 0
0.000189689 0 0
0.000195003 0 0
0.000200466 0 0
0.000206083 0 0
0.000211856 0 0
0.000217792 0 0
0.000223893 0 0
0.000230166 0 0
0.000236615 0 0
0.000243244 0 0
0.000250058 0 0
0.000257064 0 0
0.000264266 0 0
0.00027167 0 0
0.000279281 0 0
0.000287105 0 0
0.000295149 0 0
0.000303418 0 0
0.000311919 0 0
0.000320658 0 0
0.000329641 0 0
0.000338876 0 0
0.000348371 0 0
0.000358131 0 0
0.000368164 0 0
0.000378479 0 0
0.000389082 0 0
0.000399983 0 0
0.000411189 0 0
0.000422709 0 0
0.000434552 0 0
0.000446726 0 0
0.000459242 0 0
0.000472108 0 0
0.000485335 0 0
0.000498932 0 0
0.00051291 0 0
0.00052728 0 0
0.000542053 0 0
0.000557239 0 0
0.000572851 0 0
0.0005889 0 0
0.000605399 0 0
0.00062236 0 0
0.000639796 0 0
0.000657721 0 0
0.000676147 0 0
0.000695091 0 0
0.000714565 0 0
0.000734584 0 0
0.000755164 0 0
0.000776321 0 0
0.000798071 0 0
0.00082043 0 0
0.000843415 0 0
0.000867045 0 0
0.000891336 0 0
0.000916308 0 0
0.000941979 0 0
0.00096837 0 0
0.0009955 0 0
0.00102339 0 0
0.00105206 0 0
0.00108154 0 0
0.00111184 0 0
0.00114299 0 0
0.00117501 0 0
0.00120793 0 0
0.00124177 0 0
0.00127656 0 0
0.00131233 0 0
0.00134909 0 0
0.00138689 0 0
0.00142574 0 0
0.00146569 0 0
0.00150675 0 0
0.00154896 0 0
0.00159236 0 0
0.00163697 0 0
0.00168283 0 0
0.00172998 0 0
0.00177845 0 0
0.00182827 0 0
0.0018795 0 0
0.00193215 0 0
0.00198628 0 0
0.00204193 0 0
0.00209914 0 0
0.00215795 0 0
0.00221841 0 0
0.00228056 0 0
0.00234445 0 0
0.00241014 0 0
0.00247766 0 0
0.00254707 0 0
0.00261843 0 0
0.00269179 0 0
0.00276721 0 0
0.00284473 0 0
0.00292443 0 0
0.00300636 0 0
0.00309059 0 0
0.00317718 0 0
0.00326619 0 0
0.0033577 0 0
0.00345177 0 0
0.00354847 0 0
0.00364789 0 0
0.00375009 0 0
0.00385515 0 0
0.00396316 0 0
0.00407419 0 0
0.00418834 0 0
0.00430568 0 0
0.00442631 0 0
0.00455031 0 0
0.0046778 0 0
0.00480885 0 0
0.00494358 0 0
0.00508208 0 0
0.00522446 0 0
0.00537083 0 0
0.0055213 0 0
0.00567599 0 0
0.00583501 0 0
0.00599848 0 0
0.00616654 0 0
0.0063393 0 0
0.00651691 0 0
0.00669949 0 0
0.00688718 0 0
0.00708013 0 0
0.00727849 0 0
0.00748241 0 0
0.00769204 0 0
0.00790754 0 0
0.00812908 0 0
0.00835683 0 0
0.00859096 0 0
0.00883164 0 0
0.00907907 0 0
0.00933343 0 0
0.00959492 0 0
0.00986374 0 0
0.0101401 0 0
0.0104242 0 0
0.0107162 0 0
0.0110164 0 0
0.0113251 0 0
0.0116424 0 0
0.0119685 0 0
0.0123039 0 0
0.0126486 0 0
0.0130029 0 0
0.0133672 0 0
0.0137417 0 0
0.0141267 0 0
0.0145225 0 0
0.0149294 0 0
0.0153476 0 0
0.0157776 0 0
0.0162196 0 0
0.0166741 0 0
0.0171412 0 0
0.0176214 0 0
0.0181151 0 0
0.0186226 0 0
0.0191444 0 0
0.0196807 0 0
0.0202321 0 0
0.020799 0 0
0.0213817 0 0
0.0219807 0 0
0.0225965 0 0
0.0232296 0 0
0.0238804 0 0
0.0245494 0 0
0.0252372 0 0
0.0259443 0 0
0.0266711 0 0
0.0274184 0 0
0.0281865 0 0
0.0289762 0 0
0.029788 0 0
0.0306226 0 0
0.0314805 0 0
0.0323625 0 0
0.0332691 0 0
0.0342012 0 0
0.0351594 0 0
0.0361444 0 0
0.0371571 0 0
0.0381981 0 0
0.0392682 0 0
0.0403684 0 0
0.0414994 0 0
0.042662 0 0
0.0438573 0 0
0.045086 0 0
0.0463491 0 0
0.0476476 0 0
0.0489826 0 0
0.0503549 0 0
0.0517656 0 0
0.0532159 0 0
0.0547068 0 0
0.0562395 0 0
0.0578151 0 0
0.0594349 0 0
0.0611 0 0
0.0628118 0 0
0.0645716 0 0
0.0663806 0 0
0.0682404 0 0
0.0701522 0 0
0.0721176 0 0
0.0741381 0 0
0.0762152 0 0
0.0783504 0 0
0.0805455 0 0
0.0828021 0 0
0.0851219 0 0
0.0875067 0 0
0.0899583 0 0
0.0924786 0 0
0.0950696 0 0
0.097733 0 0
0.100471 2.56937e+06 3015.44
0.103286 2.49227e+06 2968.04
0.10618 2.423e+06 2927.41
0.109154 2.35927e+06 2885.4
0.112213 2.29314e+06 2846.92
0.115356 2.23836e+06 2814.47
0.118588 2.17538e+06 2773.32
0.121911 2.10705e+06 2726.91
0.125326 2.05364e+06 2695.95
0.128837 1.99763e+06 2657.28
0.132447 1.94062e+06 2618.67
0.136157 1.89438e+06 2592.04
0.139972 1.83479e+06 2544.11
0.143894 1.79066e+06 2520.56
0.147925 1.73941e+06 2478.34
0.152069 1.69052e+06 2444.94
0.15633 1.64771e+06 2413.69
0.160709 1.59649e+06 2374.19
0.165212 1.55894e+06 2347.54
0.169841 1.52005e+06 2322.13
0.174599 1.47251e+06 2281.1
0.17949 1.43523e+06 2254.55
0.184519 1.39417e+06 2218.01
0.189689 1.35347e+06 2188.51
0.195003 1.32012e+06 2158.09
0.200466 1.2855e+06 2131.03
0.206083 1.25209e+06 2105.68
0.211856 1.21371e+06 2070.69
0.217792 1.18e+06 2040
0.223893 1.15192e+06 2017.82
0.230166 1.11807e+06 1986.55
0.236615 1.08732e+06 1957.78
0.243244 1.05545e+06 1930.84
0.250058 1.03058e+06 1910.87
0.257064 1.00203e+06 1884.14
0.264266 975148 1855.6
0.27167 944255 1825.59
0.279281 921733 1806.09
0.287105 896504 1777.37
0.295149 872118 1758.44
0.303418 848971 1734.07
0.311919 823304 1705.15
0.320658 800685 1684.29
0.329641 778653 1659.5
0.338876 759210 1639.32
0.348371 738897 1616.14
0.358131 717533 1590.57
0.368164 698462 1570.18
0.378479 677732 1548.56
0.389082 662026 1530.72
0.399983 642797 1506.7
0.411189 625985 1488.72
0.422709 609124 1470.39
0.434552 593000 1447.6
0.446726 575726 1425.38
0.459242 562861 1410.52
0.472108 543817 1386.05
0.485335 529584 1368.33
0.498932 513989 1346.08
0.51291 499468 1324.95
0.52728 488292 1313.32
0.542053 473334 1290.67
0.557239 461372 1272.37
0.572851 447382 1255.56
0.5889 433765 1238
0.605399 424756 1225.62
0.62236 412979 1208.67
0.639796 402804 1190.29
0.657721 392721 1180.16
0.676147 378337 1150.21
0.695091 369136 1141.16
0.714565 358711 1124.81
0.734584 350967 1113.05
0.755164 340849 1095.67
0.776321 331462 1080.87
0.798071 322433 1069.47
0.82043 312447 1048.59
0.843415 303690 1037.77
0.867045 296798 1027.4
0.891336 290130 1013.24
0.916308 280586 994.173
0.941979 273821 985.216
0.96837 265934 969.453
0.9955 257837 954.748
1.02339 250379 941.129
1.05206 243351 925.06
1.08154 237632 916.277
1.11184 230987 903.748
1.14299 224948 891.695
1.17501 216015 871.371
1.20793 213636 867.52
1.24177 206982 855.339
1.27656 201310 843.371
1.31233 195245 830.519
1.34909 190554 820.492
1.38689 184104 806.522
1.42574 180830 800.762
1.46569 175671 787.324
1.50675 170744 779.986
1.54896 166770 772.605
1.59236 160829 753.221
1.63697 156595 741.794
1.68283 151714 734.408
1.72998 148138 722.819
1.77845 145381 716.518
1.82827 139417 697.805
1.8795 136468 696.61
1.93215 133496 689.527
1.98628 129554 676.616
2.04193 126546 671.301
2.09914 120806 650.843
2.15795 118857 647.058
2.21841 115917 638.161
2.28056 112811 629.39
2.34445 109207 621.671
2.41014 105487 607.957
2.47766 104162 608.211
2.54707 99991.9 595.136
2.61843 97206.8 583.489
2.69179 95602.2 581.265
2.76721 91923.6 571.562
2.84473 90270.8 563.369
2.92443 88098 559.234
3.00636 85454.2 551.438
3.09059 83052.9 540.941
3.17718 81004.8 533.955
3.26619 78669.3 528.155
3.3577 76649.4 519.899
3.45177 75048.2 518.753
3.54847 71967.1 503.578
3.64789 70409.3 497.238
3.75009 67797.6 489.091
3.85515 66996.6 488.248
3.96316 64490.9 477.987
4.07419 63428.9 474.929
4.18834 61558.7 469.785
4.30568 59999.6 460.683
4.42631 57373.1 451.333
4.55031 56470.1 446.68
4.6778 54368.6 436.989
4.80885 52918 430.419
4.94358 51389.9 427.453
5.08208 51414.9 430.741
5.22446 49483.8 418.542
5.37083 47783.2 411.05
5.5213 46830.6 409.386
5.67599 44977.8 396.889
5.83501 44415.2 397.858
5.99848 43081.4 391.402
6.16654 41520.9 385.236
6.3393 40378 378.583
6.51691 39549.7 371.225
6.69949 38357.6 367.33
6.88718 36837.6 361.854
7.08013 36396.2 359.251
7.27849 34556.8 344.973
7.48241 34317.1 347.113
7.69204 32700.6 335.308
7.90754 32367.2 338.535
8.12908 32093.6 338.17
8.35683 30983.7 330.594
8.59096 30245.6 327.642
8.83164 29271.6 322.635
9.07907 28008.3 313.391
9.33343 27032.5 308.143
9.59492 26683.3 308.19
9.86374 26224.2 303.381
10.1401 25379.7 299.335
10.4242 25348.6 304.322
10.7162 23924.7 290.837
11.0164 23418.3 291.862
11.3251 22283.3 279.541
11.6424 21790.8 277.762
11.9685 21777.7 278.576
12.3039 20817.2 270.727
12.6486 20077.7 264.324
13.0029 19530.1 261.53
13.3672 19058.8 259.211
13.7417 18608.9 256.879
14.1267 18043.6 254.166
14.5225 17704.9 251.621
14.9294 17179 247.686
15.3476 16624.3 244.017
15.7776 15912.8 236.168
16.2196 16112.1 236.909
16.6741 15126.9 229.703
17.1412 14852.3 230.447
17.6214 14408.2 223.379
18.1151 14134.6 225.435
18.6226 13737.7 217.767
19.1444 13415.2 218.715
19.6807 13285.5 220.966
20.2321 12857 215.382
20.799 12251.9 208.476
21.3817 11838.9 206.556
21.9807 11833.7 205.547
22.5965 11503.1 201.77
23.2296 11212.1 198.631
23.8804 10918.8 196.431
24.5494 10094 183.159
25.2372 10063.5 187.761
25.9443 9649.92 181.17
26.6711 9535.21 184.776
27.4184 9444.86 183.634
28.1865 9155.53 181.514
28.9762 8779.28 172.357
29.788 8593.12 176.559
30.6226 8539.3 175.813
31.4805 8376.85 172.408
32.3625 8093.51 169.503
33.2691 7545.29 162.892
34.2012 7356.63 160.47
35.1594 7478.19 164.738
36.1444 7102.94 158.53
37.1571 6788.6 153.438
38.1981 6606.03 153.995
39.2682 6430.19 150.301
40.3684 6113.2 147.779
41.4994 6197.52 149.826
42.662 5974.17 144.659
43.8573 5494.12 134.72
45.086 5949.88 147.574
46.3491 5376.34 134.342
47.6476 5449.68 138.028
48.9826 5396.53 138.482
50.3549 5121.86 136.167
51.7656 5061.78 135.385
53.2159 4889.91 130.95
54.7068 4711.72 129.985
56.2395 4477.89 124.392
57.8151 4517.67 124.835
59.4349 4438.87 125.087
61.1 4274.97 123.665
62.8118 4103.6 121.741
64.5716 3691.66 112.002
66.3806 4052.09 120.973
68.2404 3575.03 111.691
70.1522 3900.23 122.306
72.1176 3401.35 109.713
74.1381 3704.95 120.078
76.2152 3307.94 106.88
78.3504 3258.24 107.63
80.5455 3093.04 106.148
82.8021 3014.61 102.623
85.1219 3027.85 100.915
87.5067 2903.87 101.443
89.9583 2925.67 102.64
92.4786 2718.66 96.4834
95.0696 2833 101.725
97.733 2677.21 96.8538
100.471 2306.98 85.4904
103.286 2472.32 93.6295
106.18 2476.22 93.4944
109.154 2561.68 96.416
112.213 2206.63 86.5787
115.356 2119.02 86.7855
118.588 2284.64 90.2329
121.911 2196 91.5554
125.326 2102.34 85.7873
128.837 2013.34 84.5528
132.447 1991.32 82.5286
136.157 1821.82 79.9297
139.972 1813.14 80.3641
143.894 1897.15 81.2095
147.925 1676.39 76.7317
152.069 1583.31 71.9364
156.33 1668.34 74.9431
160.709 1703.92 79.5444
165.212 1537.1 73.4624
169.841 1605.97 74.0737
174.599 1424.03 71.6358
179.49 1424.57 71.4307
184.519 1349.61 70.414
189.689 1346.51 70.7119
195.003 1385.37 70.5214
200.466 1210.69 63.1292
206.083 1304.85 66.8317
211.856 1244.09 68.0246
217.792 1182.03 65.5388
223.893 1080.83 59.7256
230.166 1041.64 61.2946
236.615 957.11 57.7291
243.244 1141.06 64.288
250.058 1067.55 66.7451
257.064 974.203 59.6189
264.266 1011.43 61.1548
271.67 861.032 54.4246
279.281 916.815 55.2424
287.105 885.74 55.6876
295.149 842.916 53.6271
303.418 987.172 60.6338
311.919 826 52.7785
320.658 745.319 52.7554
329.641 733.275 48.9346
338.876 817.768 57.3599
348.371 728.251 49.739
358.131 724.916 52.1706
368.164 733.998 50.2401
378.479 661.418 49.7605
389.082 604.304 42.814
399.983 561.053 40.3565
411.189 650.608 45.7896
422.709 548.104 44.8171
434.552 590.089 46.1551
446.726 574.835 46.0351
459.242 550.414 41.9075
472.108 557.973 45.1215
485.335 447.55 37.6825
498.932 552.918 44.8225
512.91 405.529 34.8134
527.28 521.47 44.386
542.053 418.845 35.3545
557.239 513.003 43.3452
572.851 433.844 38.8014
588.9 437.786 41.0527
605.399 384.043 34.9324
622.36 382.266 33.8693
639.796 443.506 40.3661
657.721 367.994 36.2474
676.147 380.068 37.7164
695.091 335.204 32.5803
714.565 356.981 35.0083
734.584 296.375 31.3115
755.164 339.249 38.5
776.321 361.792 37.3013
798.071 365.852 36.2566
820.43 328.299 34.933
843.415 247.267 27.6316
867.045 310.911 34.2917
891.336 248.511 28.1894
916.308 256.656 28.1235
941.979 243.819 30.2231
968.37 214.746 25.8945
995.5 228.044 27.9177
1023.39 289.109 34.0552
1052.06 243.232 30.9012
1081.54 244.507 30.7007
1111.84 201.028 25.5029
1142.99 182.542 22.4813
1175.01 248.548 30.8534
1207.93 186.689 27.2566
1241.77 206.812 28.4279
1276.56 181.985 25.5362
1312.33 254.351 32.7645
1349.09 188.719 24.9925
1386.89 165.086 21.1317
1425.74 221.992 29.6764
1465.69 128.436 18.4184
1506.75 168.598 23.7702
1548.96 163.61 22.9332
1592.36 155.98 20.7605
1636.97 171.421 25.314
1682.83 171.597 26.269
1729.98 141.944 22.3834
1778.45 123.998 20.5623
1828.27 133.459 20.6417
1879.5 191.797 28.8399
1932.15 99.397 14.5802
1986.28 134.359 22.27
2041.93 131.298 22.0873
2099.14 119.753 17.7183
2157.95 103.059 16.4096
2218.41 105.063 20.7409
2280.56 108.714 20.417
2344.45 108.001 18.209
2410.14 105.835 18.0458
2477.66 97.209 20.4746
2547.07 113.133 21.7331
2618.43 86.6131 15.8007
2691.79 100.141 19.2188
2767.21 128.454 21.8767
2844.73 79.952 14.7141
2924.43 69.0633 14.6864
3006.36 87.4605 21.2609
3090.59 68.9434 16.2692
3177.18 115.321 19.526
3266.19 76.3601 18.9521
3357.7 98.5756 20.9682
3451.77 81.6144 17.4938
3548.47 82.0025 19.8298
3647.89 65.9716 16.4604
3750.09 67.9664 14.5849
3855.15 54.2365 12.8859
3963.16 78.1842 16.7365
4074.19 52.4894 11.4736
4188.34 68.1558 14.174
4305.68 49.1845 10.2646
4426.31 62.8431 13.1534
4550.31 97.8217 24.3904
4677.8 52.6562 9.54724
4808.85 51.2609 11.8895
4943.58 35.6187 11.712
5082.08 32.2394 8.62734
5224.46 39.8396 11.0545
5370.83 37.0082 8.74813
5521.3 63.6697 15.6356
5675.99 32.2404 8.86361
5835.01 37.8875 11.0898
5998.48 21.1256 5.98113
6166.54 56.5848 15.1934
6339.3 55.9816 14.8272
6516.91 21.3043 6.83151
6699.49 40.3443 10.4235
6887.18 17.4059 5.09623
7080.13 38.972 11.0097
7278.49 49.141 14.4376
7482.41 25.6185 7.93416
7692.04 28.7357 8.57413
7907.54 16.6179 5.66752
8129.08 32.1835 12.285
8356.83 44.9462 14.0995
8590.96 48.8944 18.0773
8831.64 19.8421 6.58807
9079.07 30.6172 10.6189
9333.43 62.7476 17.6017
9594.92 23.5251 9.32302
9863.74 31.4098 12.0079
10140.1 13.5831 4.21203
10424.2 25.9987 11.4241
10716.2 16.2185 9.15934
11016.4 19.3603 6.95815
11325.1 29.2687 10.7217
11642.4 14.622 5.69901
11968.5 20.0695 6.08284
12303.9 12.4585 4.44674
12648.6 12.3231 8.13133
13002.9 15.2637 6.80361
13367.2 18.1311 8.02767
13741.7 19.1072 9.99715
14126.7 20.1172 8.88906
14522.5 16.7343 5.89736
14929.4 11.5699 3.78733
15347.6 8.11515 3.76702
15777.6 18.4125 9.11816
16219.6 19.4352 6.42269
16674.1 20.0694 8.96642
17141.2 7.08039 2.72024
17621.4 16.2685 7.22664
18115.1 4.8664 2.72104
18622.6 16.3742 5.46025
19144.4 17.3078 9.87328
19680.7 1.9064 1.87897
20232.1 27.772 13.5881
20799 9.98221 5.51657
21381.7 3.06153 1.59716
21980.7 22.3162 7.09065
22596.5 17.4841 8.21626
23229.6 6.30557 3.7459
23880.4 3.92392 2.27374
24549.4 5.89258 4.94228
25237.2 2.28074 2.28074
25944.3 26.6406 15.6107
26671.1 11.2076 6.13836
27418.4 8.25049 4.87786
28186.5 3.26959 1.93073
28976.2 5.14668 3.04175
29788 6.82545 3.086
30622.6 8.23118 4.87062
31480.5 9.87631 7.33055
32362.5 3.33749 1.96973
33269.1 1.65248 1.16995
34201.2 6.00994 2.59932
35159.4 6.78056 3.73527
36144.4 4.76088 2.85256
37157.1 3.70411 2.7176
38198.1 5.17196 3.47969
39268.2 2.41554 1.74411
40368.4 4.2647 3.47676
41499.4 2.01106 1.4233
42662 10.5202 8.86131
43857.3 4.48133 3.19451
45086 1.02611 1.02611
46349.1 7.39192 4.43431
47647.6 8.43823 4.96697
48982.6 7.36748 4.21292
50354.9 6.81689 5.52852
51765.6 5.29207 2.79897
53215.9 1.54325 1.54325
54706.8 4.5297 3.58681
56239.5 2.28366 2.28366
57815.1 7.10643 7.10643
59434.9 4.60719 3.64326
61100 13.0746 10.3366
62811.8 0 0
64571.6 0.0216315 0.0216315
66380.6 23.8763 12.966
68240.4 6.32045 3.26592
70152.2 1.3436 1.3436
72117.6 0 0
74138.1 0.814509 0.814509
76215.2 6.03388 2.82372
78350.4 0.836308 0.836308
80545.5 0 0
82802.1 0 0
85121.9 0 0
87506.7 3.90351 2.26282
89958.3 4.12556 2.49725
92478.6 8.19337 4.85417
95069.6 0.315623 0.274051
97733 13.3873 13.3873
100471 2.02408 1.46202
103286 1.26609 1.26609
106180 1.68947 1.68947
109154 1.06383 1.06383
112213 2.23327 1.59013
115356 10.8638 8.592
118588 0 0
121911 3.002 3.002
125326 5.28279 4.09102
128837 0 0
132447 6.45399 5.26813
136157 1.61108 1.61108
139972 0 0
143894 6.21641 4.0032
147925 4.7155 3.98472
152069 5.96198 4.01346
156330 0 0
160709 0 0
165212 0 0
169841 0 0
174599 3.22898 1.9011
179490 3.05536 3.05536
184519 2.53187 1.82026
189689 0 0
195003 1.02567 1.02567
200466 0 0
206083 0.11697 0.11697
211856 0 0
217792 2.87546 2.87546
223893 0 0
230166 0 0
236615 3.64543 2.65597
243244 0 0
250058 3.50856 2.8137
257064 1.85543 1.85543
264266 1.52139 1.52139
271670 0 0
279281 0 0
287105 2.41296 1.78046
295149 2.45233 1.73455
303418 0.843094 0.843094
311919 3.04924 2.19795
320658 1.1521 1.1521
329641 0 0
338876 0 0
348371 0.133386 0.133386
358131 0 0
368164 0.0136011 0.0136011
378479 0 0
389082 3.89904 2.29849
399983 0 0
411189 0 0
422709 0 0
434552 1.90805 1.90805
446726 0 0
459242 1.40139 1.40139
472108 1.21708 1.17982
485335 0 0
498932 0 0
512910 0 0
527280 1.14639 1.14639
542053 1.22618 1.22618
557239 0 0
572851 0 0
588900 0 0
605399 0 0
622360 9.35858 9.35858
639796 0 0
657721 1.66208 1.17541
676147 0 0
695091 0 0
714565 0.988225 0.988225
734584 0 0
755164 1.32313 1.32313
776321 0 0
798071 0 0
820430 8.3793 6.28629
843415 0 0
867045 2.87159 2.03954
891336 0 0
916308 0 0
941979 0 0
968370 0 0
995500 0 0
1.02339e+06 0 0
1.05206e+06 1.10963 1.10963
1.08154e+06 0.340451 0.340451
1.11184e+06 0 0
1.14299e+06 0 0
1.17501e+06 0 0
1.20793e+06 0 0
1.24177e+06 0 0
1.27656e+06 0 0
1.31233e+06 0 0
1.34909e+06 0 0
1.38689e+06 1.78014 1.78014
1.42574e+06 0 0
1.46569e+06 0 0
1.50675e+06 0 0
1.54896e+06 0 0
1.59236e+06 0 0
1.63697e+06 0 0
1.68283e+06 0 0
1.72998e+06 0 0
1.77845e+06 0 0
1.82827e+06 0 0
1.8795e+06 0 0
1.93215e+06 0 0
1.98628e+06 0 0
2.04193e+06 0 0
2.09914e+06 0 0
2.15795e+06 0 0
2.21841e+06 0 0
2.28056e+06 0 0
2.34445e+06 0 0
2.41014e+06 0 0
2.47766e+06 0 0
2.54707e+06 0 0
2.61843e+06 0 0
2.69179e+06 0 0
2.76721e+06 0 0
2.84473e+06 0 0
2.92443e+06 0 0
3.00636e+06 0 0
3.09059e+06 0 0
3.17718e+06 0 0
3.26619e+06 0 0
3.3577e+06 0 0
3.45177e+06 0 0
3.54847e+06 0 0
3.64789e+06 0 0
3.75009e+06 0 0
3.85515e+06 0 0
3.96316e+06 0 0
4.07419e+06 0 0
4.18834e+06 0 0
4.30568e+06 0 0
4.42631e+06 0 0
4.55031e+06 0 0
4.6778e+06 0 0
4.80885e+06 0 0
4.94358e+06 0 0
5.08208e+06 0 0
5.22446e+06 0 0
5.37083e+06 0 0
5.5213e+06 0 0
5.67599e+06 0 0
5.83501e+06 0 0
5.99848e+06 0 0
6.16654e+06 0 0
6.3393e+06 0 0
6.51691e+06 0 0
6.69949e+06 7.4573 7.4573
6.88718e+06 0 0
7.08013e+06 0 0
7.27849e+06 0 0
7.48241e+06 0 0
7.69204e+06 1.56147 1.56147
7.90754e+06 0 0
8.12908e+06 0 0
8.35683e+06 0 0
8.59096e+06 0 0
8.83164e+06 0 0
9.07907e+06 0 0
9.33343e+06 0 0
9.59492e+06 0 0
9.86374e+06 0 0
