1.01401e-05 0 0
1.04242e-05 0 0
1.07162e-05 0 0
1.10164e-05 0 0
1.13251e-05 0 0
1.16424e-05 0 0
1.19685e-05 0 0
1.23039e-05 0 0
1.26486e-05 0 0
1.30029e-05 0 0
1.33672e-05 0 0
1.37417e-05 0 0
1.41267e-05 0 0
1.45225e-05 0 0
1.49294e-05 0 0
1.53476e-05 0 0
1.57776e-05 0 0
1.62196e-05 0 0
1.66741e-05 0 0
1.71412e-05 0 0
1.76214e-05 0 0
1.81151e-05 0 0
1.86226e-05 0 0
1.91444e-05 0 0
1.96807e-05 0 0
2.02321e-05 0 0
2.0799e-05 0 0
2.13817e-05 0 0
2.19807e-05 0 0
2.25965e-05 0 0
2.32296e-05 0 0
2.38804e-05 0 0
2.45494e-05 0 0
2.52372e-05 0 0
2.59443e-05 0 0
2.66711e-05 0 0
2.74184e-05 0 0
2.81865e-05 0 0
2.89762e-05 0 0
2.9788e-05 0 0
3.06226e-05 0 0
3.14805e-05 0 0
3.23625e-05 0 0
3.32691e-05 0 0
3.42012e-05 0 0
3.51594e-05 0 0
3.61444e-05 0 0
3.71571e-05 0 0
3.81981e-05 0 0
3.92682e-05 0 0
4.03684e-05 0 0
4.14994e-05 0 0
4.2662e-05 0 0
4.38573e-05 0 0
4.5086e-05 0 0
4.63491e-05 0 0
4.76476e-05 0 0
4.89826e-05 0 0
5.03549e-05 0 0
5.17656e-05 0 0
5.32159e-05 0 0
5.47068e-05 0 0
5.62395e-05 0 0
5.78151e-05 0 0
5.94349e-05 0 0
6.11e-05 0 0
6.28118e-05 0 0
6.45716e-05 0 0
6.63806e-05 0 0
6.82404e-05 0 0
7.01522e-05 0 0
7.21176e-05 0 0
7.41381e-05 0 0
7.62152e-05 0 0
7.83504e-05 0 0
8.05455e-05 0 0
8.28021e-05 0 0
8.51219e-05 0 0
8.75067e-05 0 0
8.99583e-05 0 0
9.24786e-05 0 0
9.50696e-05 0 0
9.7733e-05 0 0
0.000100471 0 0
0.000103286 0 0
0.00010618 0 0
0.000109154 0 0
0.000112213 0 0
0.000115356 0 0
0.000118588 0 0
0.000121911 0 0
0.000125326 0 0
0.000128837 0 0
0.000132447 0 0
0.000136157 0 0
0.000139972 0 0
0.000143894 0 0
0.000147925 0 0
0.000152069 0 0
0.00015633 0 0
0.000160709 0 0
0.000165212 0 0
0.000169841 0 0
0.000174599 0 0
0.00017949 0 0
0.000184519 0 0
0.000189689 0 0
0.000195003 0 0
0.000200466 0 0
0.000206083 0 0
0.000211856 0 0
0.000217792 0 0
0.000223893 0 0
0.000230166 0 0
0.000236615 0 0
0.000243244 0 0
0.000250058 0 0
0.000257064 0 0
0.000264266 0 0
0.00027167 0 0
0.000279281 0 0
0.000287105 0 0
0.000295149 0 0
0.000303418 0 0
0.000311919 0 0
0.000320658 0 0
0.000329641 0 0
0.000338876 0 0
0.000348371 0 0
0.000358131 0 0
0.000368164 0 0
0.000378479 0 0
0.000389082 0 0
0.000399983 0 0
0.000411189 0 0
0.000422709 0 0
0.000434552 0 0
0.000446726 0 0
0.000459242 0 0
0.000472108 0 0
0.000485335 0 0
0.000498932 0 0
0.00051291 0 0
0.00052728 0 0
0.000542053 0 0
0.000557239 0 0
0.000572851 0 0
0.0005889 0 0
0.000605399 0 0
0.00062236 0 0
0.000639796 0 0
0.000657721 0 0
0.000676147 0 0
0.000695091 0 0
0.000714565 0 0
0.000734584 0 0
0.000755164 0 0
0.000776321 0 0
0.000798071 0 0
0.00082043 0 0
0.000843415 0 0
0.000867045 0 0
0.000891336 0 0
0.000916308 0 0
0.000941979 0 0
0.00096837 0 0
0.0009955 0 0
0.00102339 0 0
0.00105206 0 0
0.00108154 0 0
0.00111184 0 0
0.00114299 0 0
0.00117501 0 0
0.00120793 0 0
0.00124177 0 0
0.00127656 0 0
0.00131233 0 0
0.00134909 0 0
0.00138689 0 0
0.00142574 0 0
0.00146569 0 0
0.00150675 0 0
0.00154896 0 0
0.00159236 0 0
0.00163697 0 0
0.00168283 0 0
0.00172998 0 0
0.00177845 0 0
0.00182827 0 0
0.0018795 0 0
0.00193215 0 0
0.00198628 0 0
0.00204193 0 0
0.00209914 0 0
0.00215795 0 0
0.00221841 0 0
0.00228056 0 0
0.00234445 0 0
0.00241014 0 0
0.00247766 0 0
0.00254707 0 0
0.00261843 0 0
0.00269179 0 0
0.00276721 0 0
0.00284473 0 0
0.00292443 0 0
0.00300636 0 0
0.00309059 0 0
0.00317718 0 0
0.00326619 0 0
0.0033577 0 0
0.00345177 0 0
0.00354847 0 0
0.00364789 0 0
0.00375009 0 0
0.00385515 0 0
0.00396316 0 0
0.00407419 0 0
0.00418834 0 0
0.00430568 0 0
0.00442631 0 0
0.00455031 0 0
0.0046778 0 0
0.00480885 0 0
0.00494358 0 0
0.00508208 0 0
0.00522446 0 0
0.00537083 0 0
0.0055213 0 0
0.00567599 0 0
0.00583501 0 0
0.00599848 0 0
0.00616654 0 0
0.0063393 0 0
0.00651691 0 0
0.00669949 0 0
0.00688718 0 0
0.00708013 0 0
0.00727849 0 0
0.00748241 0 0
0.00769204 0 0
0.00790754 0 0
0.00812908 0 0
0.00835683 0 0
0.00859096 0 0
0.00883164 0 0
0.00907907 0 0
0.00933343 0 0
0.00959492 0 0
0.00986374 0 0
0.0101401 0 0
0.0104242 0 0
0.0107162 0 0
0.0110164 0 0
0.0113251 0 0
0.0116424 0 0
0.0119685 0 0
0.0123039 0 0
0.0126486 0 0
0.0130029 0 0
0.0133672 0 0
0.0137417 0 0
0.0141267 0 0
0.0145225 0 0
0.0149294 0 0
0.0153476 0 0
0.0157776 0 0
0.0162196 0 0
0.0166741 0 0
0.0171412 0 0
0.0176214 0 0
0.0181151 0 0
0.0186226 0 0
0.0191444 0 0
0.0196807 0 0
0.0202321 0 0
0.020799 0 0
0.0213817 0 0
0.0219807 0 0
0.0225965 0 0
0.0232296 0 0
0.0238804 0 0
0.0245494 0 0
0.0252372 0 0
0.0259443 0 0
0.0266711 0 0
0.0274184 0 0
0.0281865 0 0
0.0289762 0 0
0.029788 0 0
0.0306226 0 0
0.0314805 0 0
0.0323625 0 0
0.0332691 0 0
0.0342012 0 0
0.0351594 0 0
0.0361444 0 0
0.0371571 0 0
0.0381981 0 0
0.0392682 0 0
0.0403684 0 0
0.0414994 0 0
0.042662 0 0
0.0438573 0 0
0.045086 0 0
0.0463491 0 0
0.0476476 0 0
0.0489826 0 0
0.0503549 0 0
0.0517656 0 0
0.0532159 0 0
0.0547068 0 0
0.0562395 0 0
0.0578151 0 0
0.0594349 0 0
0.0611 0 0
0.0628118 0 0
0.0645716 0 0
0.0663806 0 0
0.0682404 0 0
0.0701522 0 0
0.0721176 0 0
0.0741381 0 0
0.0762152 0 0
0.0783504 0 0
0.0805455 0 0
0.0828021 0 0
0.0851219 0 0
0.0875067 0 0
0.0899583 0 0
0.0924786 0 0
0.0950696 0 0
0.097733 0 0
0.100471 2.22832e+06 2600.66
0.103286 2.17399e+06 2573.75
0.10618 2.11532e+06 2539.97
0.109154 2.05889e+06 2504.22
0.112213 2.00492e+06 2476.53
0.115356 1.95479e+06 2447.56
0.118588 1.90012e+06 2413.57
0.121911 1.8508e+06 2381.92
0.125326 1.80589e+06 2355.74
0.128837 1.76161e+06 2329.31
0.132447 1.70393e+06 2288.95
0.136157 1.66494e+06 2265.16
0.139972 1.62584e+06 2242.7
0.143894 1.57582e+06 2204.02
0.147925 1.53761e+06 2178.45
0.152069 1.49507e+06 2150
0.15633 1.45703e+06 2124.58
0.160709 1.41627e+06 2095.31
0.165212 1.38178e+06 2069.89
0.169841 1.34487e+06 2044.46
0.174599 1.31082e+06 2021.43
0.17949 1.2737e+06 1990.66
0.184519 1.23828e+06 1963.78
0.189689 1.21012e+06 1941.38
0.195003 1.17638e+06 1916.51
0.200466 1.14439e+06 1890.28
0.206083 1.11912e+06 1872.48
0.211856 1.0864e+06 1841.31
0.217792 1.05812e+06 1821.71
0.223893 1.02818e+06 1797.5
0.230166 1.00185e+06 1774.51
0.236615 975938 1753.34
0.243244 949960 1731.92
0.250058 924529 1708.33
0.257064 898791 1682.81
0.264266 875420 1663.14
0.27167 850498 1641.5
0.279281 826904 1611.99
0.287105 808323 1600.96
0.295149 787209 1579.3
0.303418 764804 1557.64
0.311919 745714 1538.99
0.320658 724575 1516.92
0.329641 708351 1499.84
0.338876 685002 1476.45
0.348371 669957 1458.67
0.358131 651211 1442.26
0.368164 631844 1420.32
0.378479 617505 1404.74
0.389082 599290 1384.56
0.399983 584196 1364.9
0.411189 566886 1344.84
0.422709 553749 1329.39
0.434552 538862 1313.28
0.446726 523582 1290.89
0.459242 507123 1269.06
0.472108 493373 1256.53
0.485335 484360 1248.48
0.498932 468045 1225
0.51291 456290 1207.74
0.52728 446040 1197.47
0.542053 435204 1182.76
0.557239 419532 1157.28
0.572851 409023 1146.05
0.5889 399952 1134.26
0.605399 387298 1115.05
0.62236 378704 1106.12
0.639796 366644 1086.12
0.657721 357143 1070.96
0.676147 347728 1057.07
0.695091 339575 1046.55
0.714565 331124 1032.93
0.734584 319109 1015.36
0.755164 312925 1005.58
0.776321 304162 990.761
0.798071 295297 975.786
0.82043 288028 965.921
0.843415 280088 952.198
0.867045 273534 942.367
0.891336 265151 927.646
0.916308 257427 912.658
0.941979 250598 900.546
0.96837 244460 891.882
0.9955 239034 879.925
1.02339 230594 867.708
1.05206 225002 855.755
1.08154 220181 847.608
1.11184 212313 828.946
1.14299 207634 820.999
1.17501 201436 809.021
1.20793 197041 802.734
1.24177 191442 792.353
1.27656 187004 778.892
1.31233 181370 769.303
1.34909 175591 758.893
1.38689 172165 751.901
1.42574 168243 740.833
1.46569 161995 727.645
1.50675 157613 719.581
1.54896 155134 716.719
1.59236 150110 701.979
1.63697 145995 692.965
1.68283 141707 684.47
1.72998 137974 672.018
1.77845 134134 663.182
1.82827 130749 657.332
1.8795 126864 646.671
1.93215 124125 636.493
1.98628 120603 630.657
2.04193 117594 622.597
2.09914 112680 608.579
2.15795 111072 602.762
2.21841 108159 598.883
2.28056 105377 587.717
2.34445 100864 570.953
2.41014 99370.9 573.943
2.47766 97421.7 567.752
2.54707 95159.5 559.598
2.61843 91477.1 550.208
2.69179 88270.5 537.866
2.76721 86311.3 534.048
2.84473 83443 522.608
2.92443 81200.2 515.282
3.00636 79405.7 511.689
3.09059 76684.9 501.298
3.17718 74991.1 491.526
3.26619 73281.7 492.626
3.3577 70795.1 482.025
3.45177 69337.7 474.763
3.54847 67483.7 472.43
3.64789 65657.7 464.734
3.75009 63141.5 457.839
3.85515 63319.3 458.137
3.96316 59890.2 441.004
4.07419 58226.5 437.781
4.18834 57181.9 433.695
4.30568 55459.6 424.342
4.42631 54462.6 424.612
4.55031 52457.2 416.51
4.6778 51344.1 410.711
4.80885 50183.4 406.064
4.94358 48674.8 403.003
5.08208 47133.7 396.487
5.22446 45575.4 388.815
5.37083 44344.8 382.371
5.5213 43621.7 381.157
5.67599 42526.7 371.718
5.83501 40617.1 367.083
5.99848 40136.8 364.133
6.16654 39179.7 359.347
6.3393 37871.1 355.626
6.51691 36651.1 345.524
6.69949 35697.1 345.067
6.88718 35494.3 343.122
7.08013 33843.9 333.523
7.27849 33112.8 334.791
7.48241 31766.3 324.605
7.69204 30807.9 317.031
7.90754 30659.9 320.096
8.12908 29311.3 309.777
8.35683 28701.7 307.871
8.59096 27429.2 298.523
8.83164 27117.9 299.539
9.07907 26067 292.437
9.33343 25943.6 297.251
9.59492 25300.1 289.995
9.86374 24552.6 287.8
10.1401 23409.6 272.924
10.4242 23211 281.707
10.7162 23140.4 277.906
11.0164 21545.9 266.381
11.3251 21633.5 270.271
11.6424 20334.2 258.441
11.9685 20511.3 264.092
12.3039 19533.4 257.081
12.6486 19208 252.384
13.0029 18658 249.661
13.3672 18339.8 248.334
13.7417 17689.5 242.999
14.1267 17064.7 234.685
14.5225 16625.8 235.164
14.9294 16271.2 233.595
15.3476 15565.2 226.92
15.7776 14816.7 219.905
16.2196 15254.4 225.596
16.6741 14451.9 218.877
17.1412 14146.6 218.131
17.6214 13319.1 208.445
18.1151 13143.5 207.174
18.6226 12756.4 205.106
19.1444 12410.4 201.516
19.6807 12504.9 205.344
20.2321 11686.2 196.601
20.799 11700.4 197.384
21.3817 11359.8 193.33
21.9807 10848.7 189.699
22.5965 10597 188.718
23.2296 10476 183.75
23.8804 10032.3 184.134
24.5494 10034.9 184.876
25.2372 9595.78 179.179
25.9443 9196.06 172.794
26.6711 9523.51 182.704
27.4184 9030.24 174.494
28.1865 8415.42 166.46
28.9762 8512.7 169.252
29.788 8299.77 167.688
30.6226 8001.66 161.416
31.4805 7970.68 166.333
32.3625 7675.67 160.174
33.2691 7428.04 157.33
34.2012 7057.79 151.492
35.1594 7087.4 155.006
36.1444 6437.37 145.067
37.1571 6255.42 143.728
38.1981 6416.76 146.836
39.2682 6134.89 144.164
40.3684 6110.38 145.229
41.4994 5869.67 140.209
42.662 5531.28 135.889
43.8573 5375.37 131.146
45.086 5315.18 130.5
46.3491 5194.1 133.259
47.6476 5077.13 127.993
48.9826 5096.16 130.189
50.3549 4674.94 123.997
51.7656 4550.05 123.264
53.2159 4676.46 125.317
54.7068 4290.8 116.776
56.2395 4343.09 121.909
57.8151 4365.45 121.124
59.4349 4010.97 115.29
61.1 3950.84 117.525
62.8118 3815.93 114.721
64.5716 3716.9 112.972
66.3806 3717.24 109.894
68.2404 3799.15 113.153
70.1522 3478.54 107.246
72.1176 3538.05 113.101
74.1381 3179.05 98.8652
76.2152 3261.97 104.127
78.3504 3148.91 99.791
80.5455 2812.41 94.3002
82.8021 3206.18 108.148
85.1219 2876.85 101.399
87.5067 2903.7 99.7929
89.9583 2625.97 90.9003
92.4786 2526.86 91.355
95.0696 2547.99 90.5705
97.733 2331.97 90.017
100.471 2392.1 89.7585
103.286 2390.94 90.1506
106.18 2201.64 85.5957
109.154 2294.52 85.8862
112.213 2264.81 89.4648
115.356 2138.72 85.2424
118.588 2070.21 84.2429
121.911 1949.75 79.9837
125.326 1946.25 80.2214
128.837 1928.15 79.9134
132.447 1762.65 75.4786
136.157 1619.36 70.6979
139.972 1803.57 78.0184
143.894 1647.88 75.0665
147.925 1567.4 73.3753
152.069 1532.29 70.3427
156.33 1535.48 73.2834
160.709 1645.55 74.5612
165.212 1471.23 71.0999
169.841 1451.69 67.9517
174.599 1404.81 68.4897
179.49 1344.6 65.4632
184.519 1109.28 58.5329
189.689 1190.69 62.2247
195.003 1331.7 68.1373
200.466 1154.04 60.4917
206.083 1167.34 60.4509
211.856 1187.74 62.5578
217.792 1034.45 57.6536
223.893 1108.76 62.1262
230.166 1155.4 63.1035
236.615 1032.46 60.291
243.244 958.293 55.2135
250.058 943.905 54.7752
257.064 962.26 60.9119
264.266 853.768 51.3731
271.67 903.647 54.3513
279.281 759.047 47.1047
287.105 779.12 46.842
295.149 771.155 48.4699
303.418 699.866 45.1481
311.919 624.526 40.2471
320.658 608.881 38.7381
329.641 422.415 28.1921
338.876 472 28.6744
348.371 501.365 33.1476
358.131 603.352 43.8026
368.164 549.834 38.7538
378.479 524.63 41.6329
389.082 559.467 42.8481
399.983 563.453 41.5268
411.189 484.121 37.426
422.709 578.164 44.7576
434.552 487.415 40.0715
446.726 498.37 40.0928
459.242 561.024 41.8872
472.108 504.696 37.978
485.335 561.855 44.1401
498.932 540.427 43.1102
512.91 516.348 42.541
527.28 461.199 37.6918
542.053 484.44 43.4323
557.239 436.581 35.6014
572.851 371.345 32.538
588.9 434.503 39.061
605.399 380.01 37.0639
622.36 424.999 35.9961
639.796 358.6 33.8404
657.721 363.998 35.537
676.147 316.416 32.3886
695.091 337.641 34.0149
714.565 336.449 33.7064
734.584 297.444 28.0229
755.164 327.152 34.2158
776.321 285.193 32.136
798.071 372.602 35.7665
820.43 361.547 36.8454
843.415 262.98 27.692
867.045 291.439 28.0123
891.336 241.25 27.2
916.308 280.358 30.2692
941.979 274.525 32.8361
968.37 241.72 30.3722
995.5 247.631 29.6273
1023.39 215.382 25.6152
1052.06 245.058 30.4294
1081.54 216.286 29.055
1111.84 230.793 28.7817
1142.99 212.327 27.2288
1175.01 208.392 28.8049
1207.93 205.534 30.3147
1241.77 153.618 20.8761
1276.56 222.181 28.3068
1312.33 183.682 24.528
1349.09 167.069 21.6471
1386.89 161.585 24.13
1425.74 157.563 22.6443
1465.69 132.088 18.7698
1506.75 153.226 24.0886
1548.96 140.38 22.3756
1592.36 186.589 25.42
1636.97 159.967 23.038
1682.83 127.761 20.5649
1729.98 126.034 20.7412
1778.45 107.923 17.7667
1828.27 134.256 20.8234
1879.5 104.426 19.0616
1932.15 147.306 24.3545
1986.28 82.6894 14.0256
2041.93 124.238 21.2939
2099.14 90.9514 16.0557
2157.95 118.767 20.7405
2218.41 144.28 23.7881
2280.56 100.929 17.4333
2344.45 106.86 17.4769
2410.14 98.3302 17.699
2477.66 116.538 20.1794
2547.07 96.3553 17.721
2618.43 69.1655 14.5763
2691.79 91.1478 16.6528
2767.21 52.7771 12.996
2844.73 82.3244 14.8891
2924.43 89.6268 15.3543
3006.36 80.0195 16.5335
3090.59 69.8394 13.9312
3177.18 80.8652 20.2075
3266.19 81.1488 19.1755
3357.7 111.975 20.6547
3451.77 51.4938 12.8872
3548.47 88.4463 18.8509
3647.89 75.8239 14.9444
3750.09 58.2648 14.8548
3855.15 91.4572 16.4103
3963.16 74.3385 15.7967
4074.19 62.3814 12.3092
4188.34 86.4165 20.2402
4305.68 36.4031 10.4596
4426.31 49.3887 12.9405
4550.31 29.1156 7.74578
4677.8 42.947 12.9384
4808.85 58.3519 13.2681
4943.58 36.9331 8.28555
5082.08 48.143 14.5908
5224.46 55.2957 12.1946
5370.83 38.736 10.4565
5521.3 53.0682 15.1553
5675.99 61.826 13.4984
5835.01 28.9305 8.84896
5998.48 50.9596 11.8131
6166.54 26.3138 7.7559
6339.3 34.2615 8.18289
6516.91 50.441 14.9212
6699.49 46.6684 13.1947
6887.18 38.1147 12.7882
7080.13 54.5706 12.9957
7278.49 15.3554 4.85545
7482.41 37.9761 10.3801
7692.04 29.071 8.31187
7907.54 33.9672 9.99542
8129.08 22.0865 5.94292
8356.83 28.5324 9.03869
8590.96 10.4151 4.90243
8831.64 28.9138 7.96297
9079.07 12.7088 6.2068
9333.43 35.6841 13.2141
9594.92 7.59796 2.81531
9863.74 19.3817 6.47201
10140.1 20.5349 8.39015
10424.2 10.3168 5.02957
10716.2 9.82274 3.49197
11016.4 10.649 3.96827
11325.1 14.5498 6.3309
11642.4 25.7489 9.10007
11968.5 11.0136 4.36882
12303.9 10.8271 5.95502
12648.6 15.8257 6.58629
13002.9 13.7978 6.07068
13367.2 5.19559 2.93512
13741.7 8.48934 3.11198
14126.7 27.2798 10.4606
14522.5 11.3872 4.72119
14929.4 20.2747 10.5201
15347.6 13.285 4.89343
15777.6 12.2904 4.34905
16219.6 21.0709 11.5444
16674.1 20.9899 8.86765
17141.2 24.193 10.0486
17621.4 9.82754 4.85432
18115.1 11.4242 3.92657
18622.6 42.9303 15.7283
19144.4 7.04563 3.05878
19680.7 11.781 5.14367
20232.1 10.1063 3.762
20799 12.4103 7.77996
21381.7 18.043 10.4636
21980.7 13.3942 8.34466
22596.5 15.8132 7.11014
23229.6 7.62913 4.25046
23880.4 21.0628 9.91387
24549.4 8.38277 3.9953
25237.2 12.1483 6.40991
25944.3 2.14768 1.26996
26671.1 6.29714 3.88039
27418.4 10.9253 4.67214
28186.5 3.25672 1.9189
28976.2 18.5869 7.65378
29788 5.37831 2.73388
30622.6 4.37811 2.64246
31480.5 6.55378 4.28973
32362.5 12.0956 6.7115
33269.1 3.56613 2.10954
34201.2 10.7604 4.79792
35159.4 2.22818 1.68404
36144.4 5.16801 2.36625
37157.1 6.9153 4.19228
38198.1 11.1747 5.04156
39268.2 1.47489 1.47489
40368.4 7.98085 3.96151
41499.4 15.7911 10.1628
42662 4.52028 2.69065
43857.3 5.5525 3.04919
45086 2.20142 1.59845
46349.1 2.621 1.97371
47647.6 8.39142 7.64593
48982.6 5.96458 3.69441
50354.9 1.44342 1.44342
51765.6 2.2444 2.19712
53215.9 2.24966 1.59914
54706.8 2.28409 1.62822
56239.5 3.76794 1.86763
57815.1 12.8693 7.03591
59434.9 8.41156 4.7529
61100 2.11435 1.51192
62811.8 5.16622 4.39267
64571.6 19.1892 10.7032
66380.6 1.8084 1.2923
68240.4 3.18773 1.85708
70152.2 10.1956 7.65697
72117.6 9.90328 8.72328
74138.1 0 0
76215.2 2.06315 1.46019
78350.4 2.12872 1.55572
80545.5 6.66911 4.08372
82802.1 2.60939 1.84758
85121.9 0 0
87506.7 4.15445 2.60477
89958.3 2.5848 1.85121
92478.6 1.98758 1.40545
95069.6 1.05219 1.05219
97733 2.32786 2.32786
100471 0.299612 0.299612
103286 3.52341 3.52341
106180 2.17906 2.17906
109154 0 0
112213 1.58435 1.58435
115356 1.70257 1.70257
118588 0 0
121911 4.45602 2.66612
125326 0.877156 0.877156
128837 2.69521 1.72746
132447 1.61046 1.14713
136157 9.92606 8.88179
139972 0.240909 0.240909
143894 1.62487 1.15187
147925 0.873477 0.873477
152069 4.69253 4.45481
156330 0 0
160709 1.85752 1.85752
165212 0.336833 0.336833
169841 2.99431 2.33211
174599 5.19604 5.19604
179490 0 0
184519 0 0
189689 0.964563 0.964563
195003 1.56417 1.56417
200466 0.852513 0.852513
206083 0 0
211856 6.03424 5.24371
217792 0 0
223893 0 0
230166 3.98238 3.98238
236615 1.55454 1.55454
243244 0 0
250058 0 0
257064 0 0
264266 1.04883 1.04883
271670 1.52661 1.52661
279281 1.01823 1.01823
287105 0 0
295149 0 0
303418 0 0
311919 0 0
320658 0 0
329641 0 0
338876 3.29651 3.29651
348371 0 0
358131 0.689145 0.689145
368164 0 0
378479 0 0
389082 0 0
399983 0 0
411189 0 0
422709 0 0
434552 0.696068 0.696068
446726 0.0128385 0.0128385
459242 0 0
472108 0 0
485335 0 0
498932 0.614039 0.614039
512910 0 0
527280 0 0
542053 0 0
557239 0.73314 0.73314
572851 0 0
588900 0 0
605399 0 0
622360 0 0
639796 0 0
657721 0.302179 0.302179
676147 0 0
695091 0 0
714565 0 0
734584 0 0
755164 0 0
776321 0 0
798071 0.234995 0.234995
820430 0 0
843415 0 0
867045 0 0
891336 0 0
916308 0 0
941979 0 0
968370 1.50805 1.06647
995500 0 0
1.02339e+06 0 0
1.05206e+06 0 0
1.08154e+06 0 0
1.11184e+06 0 0
1.14299e+06 0 0
1.17501e+06 0 0
1.20793e+06 0 0
1.24177e+06 0 0
1.27656e+06 0 0
1.31233e+06 0 0
1.34909e+06 0 0
1.38689e+06 0 0
1.42574e+06 0 0
1.46569e+06 3.33949 3.33949
1.50675e+06 0 0
1.54896e+06 0 0
1.59236e+06 0 0
1.63697e+06 0 0
1.68283e+06 0 0
1.72998e+06 1.67212 1.67212
1.77845e+06 2.46087 2.46087
1.82827e+06 0 0
1.8795e+06 0 0
1.93215e+06 0 0
1.98628e+06 0.837166 0.837166
2.04193e+06 0 0
2.09914e+06 0 0
2.15795e+06 0 0
2.21841e+06 0 0
2.28056e+06 0 0
2.34445e+06 0 0
2.41014e+06 0 0
2.47766e+06 0 0
2.54707e+06 0 0
2.61843e+06 0 0
2.69179e+06 0 0
2.76721e+06 0 0
2.84473e+06 0 0
2.92443e+06 0 0
3.00636e+06 0 0
3.09059e+06 0 0
3.17718e+06 0 0
3.26619e+06 0 0
3.3577e+06 0 0
3.45177e+06 0 0
3.54847e+06 0 0
3.64789e+06 0 0
3.75009e+06 0 0
3.85515e+06 0 0
3.96316e+06 0 0
4.07419e+06 0 0
4.18834e+06 0 0
4.30568e+06 0 0
4.42631e+06 0 0
4.55031e+06 0 0
4.6778e+06 0 0
4.80885e+06 0 0
4.94358e+06 0 0
5.08208e+06 0 0
5.22446e+06 0 0
5.37083e+06 0 0
5.5213e+06 0 0
5.67599e+06 0 0
5.83501e+06 0 0
5.99848e+06 0 0
6.16654e+06 0 0
6.3393e+06 0 0
6.51691e+06 0 0
6.69949e+06 0 0
6.88718e+06 0 0
7.08013e+06 0 0
7.27849e+06 0 0
7.48241e+06 0 0
7.69204e+06 0 0
7.90754e+06 0 0
8.12908e+06 0 0
8.35683e+06 0 0
8.59096e+06 0 0
8.83164e+06 0 0
9.07907e+06 0 0
9.33343e+06 0 0
9.59492e+06 0 0
9.86374e+06 0 0
