1.01401e-05 98.26 5.89707
1.04242e-05 93.4336 5.8514
1.07162e-05 105.648 6.12437
1.10164e-05 101.595 6.07889
1.13251e-05 115.739 6.81094
1.16424e-05 111.7 6.22169
1.19685e-05 130.831 7.26937
1.23039e-05 133.578 7.12227
1.26486e-05 128.368 6.96499
1.30029e-05 135.388 6.99694
1.33672e-05 125.859 6.73975
1.37417e-05 148.338 7.63489
1.41267e-05 161.334 8.15844
1.45225e-05 166.994 8.27407
1.49294e-05 174.306 8.81559
1.53476e-05 177.363 8.81392
1.57776e-05 176.739 8.6362
1.62196e-05 209.763 9.57504
1.66741e-05 219.011 10.0872
1.71412e-05 198.4 9.52307
1.76214e-05 235.255 10.5615
1.81151e-05 232.624 10.281
1.86226e-05 230.873 10.3194
1.91444e-05 240.226 10.4011
1.96807e-05 263.382 11.0194
2.02321e-05 272.617 11.1525
2.0799e-05 257.607 11.098
2.13817e-05 297.363 12.2014
2.19807e-05 321.768 12.667
2.25965e-05 324.235 12.8043
2.32296e-05 331.986 12.8358
2.38804e-05 344.332 13.2064
2.45494e-05 347.046 13.3524
2.52372e-05 361.192 13.8165
2.59443e-05 396.531 14.4166
2.66711e-05 406.133 14.8176
2.74184e-05 408.252 14.6716
2.81865e-05 432.256 15.2156
2.89762e-05 450.697 15.8248
2.9788e-05 442.315 15.8009
3.06226e-05 498.701 16.5686
3.14805e-05 493.67 16.8472
3.23625e-05 520.414 17.3387
3.32691e-05 561.182 18.2623
3.42012e-05 550.809 18.0801
3.51594e-05 586.579 18.6624
3.61444e-05 628.178 19.3107
3.71571e-05 655.379 19.951
3.81981e-05 654.228 19.937
3.92682e-05 722.815 21.4021
4.03684e-05 715.734 21.6885
4.14994e-05 745.656 21.3475
4.2662e-05 764.327 21.8598
4.38573e-05 817.898 23.1892
4.5086e-05 821.223 23.2657
4.63491e-05 905.547 24.6717
4.76476e-05 957.403 24.958
4.89826e-05 995.702 25.9868
5.03549e-05 977.442 25.2582
5.17656e-05 1084.67 27.7354
5.32159e-05 1067.15 27.4664
5.47068e-05 1158.51 28.4963
5.62395e-05 1206.89 29.7827
5.78151e-05 1259.59 30.8665
5.94349e-05 1271.79 30.7655
6.11e-05 1314.52 31.2467
6.28118e-05 1361.09 31.8596
6.45716e-05 1432.41 32.7284
6.63806e-05 1423.46 33.0053
6.82404e-05 1577.93 35.5129
7.01522e-05 1605.98 35.0079
7.21176e-05 1648.06 36.5409
7.41381e-05 1722.52 36.0132
7.62152e-05 1862.75 38.5803
7.83504e-05 1876.2 38.4679
8.05455e-05 1951.6 39.7631
8.28021e-05 2082.83 41.8079
8.51219e-05 2096.07 41.8103
8.75067e-05 2268.63 43.7281
8.99583e-05 2348.45 45.699
9.24786e-05 2302.58 43.5573
9.50696e-05 2466.51 46.1613
9.7733e-05 2539.53 46.7305
0.000100471 2682.94 48.9875
0.000103286 2769.26 49.9849
0.00010618 2846.79 50.8086
0.000109154 2994.31 51.5144
0.000112213 3000 51.7185
0.000115356 3210.53 54.4387
0.000118588 3388.58 56.2593
0.000121911 3509.88 57.5764
0.000125326 3596.61 59.3474
0.000128837 3750.39 60.2674
0.000132447 3885.29 61.8302
0.000136157 3989.06 61.7992
0.000139972 4316.87 65.2214
0.000143894 4402.7 66.5338
0.000147925 4543.04 67.569
0.000152069 4640.62 68.5006
0.00015633 4952.9 70.9405
0.000160709 5037.41 72.5247
0.000165212 5361.57 74.1513
0.000169841 5345.73 74.9311
0.000174599 5570.64 76.7114
0.00017949 5862.6 79.2153
0.000184519 6098.85 81.3799
0.000189689 6446.02 83.0705
0.000195003 6465.32 83.9838
0.000200466 6815.41 87.3388
0.000206083 7171.08 89.7817
0.000211856 7364.2 91.3513
0.000217792 7517.68 92.4475
0.000223893 7830.6 94.5013
0.000230166 8230.26 97.7253
0.000236615 8213.4 97.0703
0.000243244 8935.92 102.298
0.000250058 9279.27 104.578
0.000257064 9386.85 104.852
0.000264266 9798.03 108.852
0.00027167 10261.3 111.807
0.000279281 10468.7 113.444
0.000287105 11008.7 115.959
0.000295149 11143.5 116.958
0.000303418 11817.4 122.013
0.000311919 12242 125.105
0.000320658 12637.4 126.98
0.000329641 13141.9 131.107
0.000338876 13619.1 133.458
0.000348371 14030.9 135.059
0.000358131 14469.6 138.354
0.000368164 15021.1 141.186
0.000378479 15591.9 144.312
0.000389082 16235.3 147.589
0.000399983 16835.9 151.016
0.000411189 17431.1 154.249
0.000422709 17893.1 157.455
0.000434552 18669.3 160.686
0.000446726 19386.1 165.064
0.000459242 19825.7 167.417
0.000472108 20718.6 171.483
0.000485335 21322.8 173.637
0.000498932 22189.4 179.183
0.00051291 23178.4 184.03
0.00052728 24036.7 187.648
0.000542053 24694.7 190.686
0.000557239 25474.1 193.879
0.000572851 26685.1 201.079
0.0005889 27517.4 204.88
0.000605399 28122.1 206.453
0.00062236 29504.6 213.436
0.000639796 30683.6 218.181
0.000657721 31576.5 222.642
0.000676147 32434.5 224.495
0.000695091 33596.8 229.397
0.000714565 34790.1 235.954
0.000734584 35998.5 241.265
0.000755164 37277.4 245.123
0.000776321 39288.4 254.316
0.000798071 39965 255.092
0.00082043 41317.8 261.533
0.000843415 42743.8 266.591
0.000867045 44099.5 271.795
0.000891336 46083.8 279.214
0.000916308 47465.7 283.432
0.000941979 49187.2 290.478
0.00096837 50779.8 294.937
0.0009955 52778.4 303.34
0.00102339 54171.7 307.846
0.00105206 56220.8 315.089
0.00108154 57175.9 318.118
0.00111184 59319.9 325.133
0.00114299 61498.5 332.146
0.00117501 64350.8 341.535
0.00120793 65777.1 345.713
0.00124177 67814 351.564
0.00127656 70429 359.51
0.00131233 73729.4 371.072
0.00134909 75217.9 373.715
0.00138689 76908 380.271
0.00142574 79789.4 388.053
0.00146569 82465.7 396.612
0.00150675 85642.2 404.397
0.00154896 88688.3 411.602
0.00159236 90937.3 419.235
0.00163697 94184.6 427.558
0.00168283 97653 439.551
0.00172998 100587 447.235
0.00177845 103756 453.868
0.00182827 106594 461.485
0.0018795 109416 468.79
0.00193215 113497 478.038
0.00198628 116310 483.329
0.00204193 121006 497.65
0.00209914 124602 507.982
0.00215795 127704 512.284
0.00221841 131345 522.203
0.00228056 137445 536.603
0.00234445 140950 544.928
0.00241014 145106 556.342
0.00247766 148746 561.605
0.00254707 153954 575.047
0.00261843 158288 584.705
0.00269179 162346 593.447
0.00276721 168998 607.319
0.00284473 173883 615.732
0.00292443 179835 631.023
0.00300636 183838 638.505
0.00309059 189458 649.875
0.00317718 194711 659.803
0.00326619 200773 671.274
0.0033577 206380 681.809
0.00345177 212837 697.542
0.00354847 219907 711.056
0.00364789 225381 720.975
0.00375009 231745 733.39
0.00385515 237760 743.244
0.00396316 244292 755.209
0.00407419 251386 768.215
0.00418834 259263 782.33
0.00430568 266565 795.949
0.00442631 272693 805.953
0.00455031 279801 820.116
0.0046778 288211 831.887
0.00480885 295182 845.115
0.00494358 303244 858.154
0.00508208 312273 872.614
0.00522446 319797 884.194
0.00537083 328472 898.627
0.0055213 336988 912.411
0.00567599 347008 928.207
0.00583501 353148 937.155
0.00599848 364033 955.372
0.00616654 374157 972.239
0.0063393 384058 986.352
0.00651691 390349 996.685
0.00669949 401098 1011.41
0.00688718 411780 1027.22
0.00708013 421905 1042.03
0.00727849 430891 1054.09
0.00748241 442263 1072.79
0.00769204 452228 1088.82
0.00790754 461640 1097.52
0.00812908 471090 1111.8
0.00835683 481574 1126.89
0.00859096 494527 1143.87
0.00883164 504825 1157.7
0.00907907 513594 1170.07
0.00933343 528108 1191.06
0.00959492 535607 1199.91
0.00986374 546275 1214.04
0.0101401 560016 1234
0.0104242 568054 1240.75
0.0107162 580840 1259.54
0.0110164 590183 1268.61
0.0113251 602114 1285.84
0.0116424 612911 1301.77
0.0119685 624495 1314.98
0.0123039 635911 1332.27
0.0126486 647777 1345.77
0.0130029 658569 1359.7
0.0133672 668516 1372.14
0.0137417 678478 1385.03
0.0141267 691041 1397.71
0.0145225 699243 1408.83
0.0149294 709969 1422.54
0.0153476 719306 1433.3
0.0157776 730052 1446.31
0.0162196 738111 1456.96
0.0166741 749625 1474.37
0.0171412 758046 1481.55
0.0176214 765061 1487.58
0.0181151 772896 1500.58
0.0186226 780655 1509
0.0191444 789892 1522.12
0.0196807 796571 1531.81
0.0202321 801140 1536.37
0.020799 807652 1544.56
0.0213817 814044 1552.99
0.0219807 816760 1555.6
0.0225965 824111 1567.5
0.0232296 829209 1575.68
0.0238804 832218 1579.79
0.0245494 832110 1581.05
0.0252372 832479 1581.88
0.0259443 835934 1585.93
0.0266711 838049 1592.74
0.0274184 839022 1596.76
0.0281865 836025 1594.44
0.0289762 837930 1599.53
0.029788 836400 1601.17
0.0306226 832700 1600.42
0.0314805 828000 1596.06
0.0323625 824890 1593.47
0.0332691 815847 1587.05
0.0342012 814152 1588.09
0.0351594 803791 1577.13
0.0361444 797018 1574.67
0.0371571 790041 1570.41
0.0381981 780940 1564.35
0.0392682 767097 1546.02
0.0403684 757004 1537.92
0.0414994 745065 1530.38
0.042662 733421 1519.7
0.0438573 722972 1510.16
0.045086 706473 1493.4
0.0463491 695170 1486.59
0.0476476 676101 1464.86
0.0489826 659813 1452.39
0.0503549 643095 1429.16
0.0517656 627363 1419.04
0.0532159 613175 1401.58
0.0547068 591050 1376.36
0.0562395 573405 1358.76
0.0578151 556715 1338.65
0.0594349 535761 1314.53
0.0611 517329 1295.29
0.0628118 495920 1267.49
0.0645716 476586 1243.95
0.0663806 457081 1218.84
0.0682404 437271 1197.68
0.0701522 414514 1161.31
0.0721176 395947 1136.94
0.0741381 376399 1108.89
0.0762152 358019 1080.27
0.0783504 337818 1053.52
0.0805455 318602 1022.51
0.0828021 297364 987.785
0.0851219 280491 959.975
0.0875067 264508 934.912
0.0899583 245612 901.365
0.0924786 228762 871.67
0.0950696 211121 836.637
0.097733 197188 813.657
0.100471 180452 775.171
0.103286 166695 744.635
0.10618 153640 719.746
0.109154 140584 688.093
0.112213 126855 652.236
0.115356 115802 623.879
0.118588 104960 592.391
0.121911 94220.3 562.079
0.125326 84697.9 534.099
0.128837 75479.6 503.426
0.132447 67647.2 479.597
0.136157 59893.1 447.383
0.139972 52962.6 422.918
0.143894 47456.2 404.493
0.147925 40875.7 370.134
0.152069 36189.1 351.233
0.15633 30854.8 325.3
0.160709 27007.6 302.91
0.165212 22548.9 276.885
0.169841 19652.8 260.518
0.174599 17074 240.198
0.17949 14411.1 223.299
0.184519 12217.6 206.191
0.189689 9785.18 182.065
0.195003 8236.69 166.479
0.200466 6787.56 151.343
0.206083 5889.82 147.934
0.211856 4741.98 129.258
0.217792 3928.76 119.051
0.223893 2838.27 97.3026
0.230166 2304.26 87.9529
0.236615 2019.87 85.4479
0.243244 1586.57 74.4977
0.250058 1202.95 64.64
0.257064 978.705 59.8053
0.264266 694.333 52.0022
0.27167 612.319 46.2939
0.279281 399.993 34.7716
0.287105 331.881 34.1911
0.295149 211.14 27.728
0.303418 163.717 21.9051
0.311919 100.961 16.9366
0.320658 82.7549 16.5846
0.329641 54.5911 10.7461
0.338876 46.1558 14.1019
0.348371 29.7014 7.90435
0.358131 21.0641 7.92908
0.368164 15.5572 5.15802
0.378479 8.0283 3.9331
0.389082 5.73902 2.63009
0.399983 8.55892 5.34658
0.411189 2.44064 2.44064
0.422709 0 0
0.434552 10.6614 8.35317
0.446726 0.294868 0.294868
0.459242 0 0
0.472108 0 0
0.485335 0 0
0.498932 0 0
0.51291 0 0
0.52728 0 0
0.542053 0 0
0.557239 0 0
0.572851 0 0
0.5889 0 0
0.605399 0 0
0.62236 0 0
0.639796 0 0
0.657721 0 0
0.676147 0 0
0.695091 0 0
0.714565 0 0
0.734584 0 0
0.755164 0 0
0.776321 0 0
0.798071 0 0
0.82043 0 0
0.843415 0 0
0.867045 0 0
0.891336 0 0
0.916308 0 0
0.941979 0 0
0.96837 0 0
0.9955 0 0
1.02339 0 0
1.05206 0 0
1.08154 0 0
1.11184 0 0
1.14299 0 0
1.17501 0 0
1.20793 0 0
1.24177 0 0
1.27656 0 0
1.31233 0 0
1.34909 0 0
1.38689 0 0
1.42574 0 0
1.46569 0 0
1.50675 0 0
1.54896 0 0
1.59236 0 0
1.63697 0 0
1.68283 0 0
1.72998 0 0
1.77845 0 0
1.82827 0 0
1.8795 0 0
1.93215 0 0
1.98628 0 0
2.04193 0 0
2.09914 0 0
2.15795 0 0
2.21841 0 0
2.28056 0 0
2.34445 0 0
2.41014 0 0
2.47766 0 0
2.54707 0 0
2.61843 0 0
2.69179 0 0
2.76721 0 0
2.84473 0 0
2.92443 0 0
3.00636 0 0
3.09059 0 0
3.17718 0 0
3.26619 0 0
3.3577 0 0
3.45177 0 0
3.54847 0 0
3.64789 0 0
3.75009 0 0
3.85515 0 0
3.96316 0 0
4.07419 0 0
4.18834 0 0
4.30568 0 0
4.42631 0 0
4.55031 0 0
4.6778 0 0
4.80885 0 0
4.94358 0 0
5.08208 0 0
5.22446 0 0
5.37083 0 0
5.5213 0 0
5.67599 0 0
5.83501 0 0
5.99848 0 0
6.16654 0 0
6.3393 0 0
6.51691 0 0
6.69949 0 0
6.88718 0 0
7.08013 0 0
7.27849 0 0
7.48241 0 0
7.69204 0 0
7.90754 0 0
8.12908 0 0
8.35683 0 0
8.59096 0 0
8.83164 0 0
9.07907 0 0
9.33343 0 0
9.59492 0 0
9.86374 0 0
10.1401 0 0
10.4242 0 0
10.7162 0 0
11.0164 0 0
11.3251 0 0
11.6424 0 0
11.9685 0 0
12.3039 0 0
12.6486 0 0
13.0029 0 0
13.3672 0 0
13.7417 0 0
14.1267 0 0
14.5225 0 0
14.9294 0 0
15.3476 0 0
15.7776 0 0
16.2196 0 0
16.6741 0 0
17.1412 0 0
17.6214 0 0
18.1151 0 0
18.6226 0 0
19.1444 0 0
19.6807 0 0
20.2321 0 0
20.799 0 0
21.3817 0 0
21.9807 0 0
22.5965 0 0
23.2296 0 0
23.8804 0 0
24.5494 0 0
25.2372 0 0
25.9443 0 0
26.6711 0 0
27.4184 0 0
28.1865 0 0
28.9762 0 0
29.788 0 0
30.6226 0 0
31.4805 0 0
32.3625 0 0
33.2691 0 0
34.2012 0 0
35.1594 0 0
36.1444 0 0
37.1571 0 0
38.1981 0 0
39.2682 0 0
40.3684 0 0
41.4994 0 0
42.662 0 0
43.8573 0 0
45.086 0 0
46.3491 0 0
47.6476 0 0
48.9826 0 0
50.3549 0 0
51.7656 0 0
53.2159 0 0
54.7068 0 0
56.2395 0 0
57.8151 0 0
59.4349 0 0
61.1 0 0
62.8118 0 0
64.5716 0 0
66.3806 0 0
68.2404 0 0
70.1522 0 0
72.1176 0 0
74.1381 0 0
76.2152 0 0
78.3504 0 0
80.5455 0 0
82.8021 0 0
85.1219 0 0
87.5067 0 0
89.9583 0 0
92.4786 0 0
95.0696 0 0
97.733 0 0
100.471 0 0
103.286 0 0
106.18 0 0
109.154 0 0
112.213 0 0
115.356 0 0
118.588 0 0
121.911 0 0
125.326 0 0
128.837 0 0
132.447 0 0
136.157 0 0
139.972 0 0
143.894 0 0
147.925 0 0
152.069 0 0
156.33 0 0
160.709 0 0
165.212 0 0
169.841 0 0
174.599 0 0
179.49 0 0
184.519 0 0
189.689 0 0
195.003 0 0
200.466 0 0
206.083 0 0
211.856 0 0
217.792 0 0
223.893 0 0
230.166 0 0
236.615 0 0
243.244 0 0
250.058 0 0
257.064 0 0
264.266 0 0
271.67 0 0
279.281 0 0
287.105 0 0
295.149 0 0
303.418 0 0
311.919 0 0
320.658 0 0
329.641 0 0
338.876 0 0
348.371 0 0
358.131 0 0
368.164 0 0
378.479 0 0
389.082 0 0
399.983 0 0
411.189 0 0
422.709 0 0
434.552 0 0
446.726 0 0
459.242 0 0
472.108 0 0
485.335 0 0
498.932 0 0
512.91 0 0
527.28 0 0
542.053 0 0
557.239 0 0
572.851 0 0
588.9 0 0
605.399 0 0
622.36 0 0
639.796 0 0
657.721 0 0
676.147 0 0
695.091 0 0
714.565 0 0
734.584 0 0
755.164 0 0
776.321 0 0
798.071 0 0
820.43 0 0
843.415 0 0
867.045 0 0
891.336 0 0
916.308 0 0
941.979 0 0
968.37 0 0
995.5 0 0
1023.39 0 0
1052.06 0 0
1081.54 0 0
1111.84 0 0
1142.99 0 0
1175.01 0 0
1207.93 0 0
1241.77 0 0
1276.56 0 0
1312.33 0 0
1349.09 0 0
1386.89 0 0
1425.74 0 0
1465.69 0 0
1506.75 0 0
1548.96 0 0
1592.36 0 0
1636.97 0 0
1682.83 0 0
1729.98 0 0
1778.45 0 0
1828.27 0 0
1879.5 0 0
1932.15 0 0
1986.28 0 0
2041.93 0 0
2099.14 0 0
2157.95 0 0
2218.41 0 0
2280.56 0 0
2344.45 0 0
2410.14 0 0
2477.66 0 0
2547.07 0 0
2618.43 0 0
2691.79 0 0
2767.21 0 0
2844.73 0 0
2924.43 0 0
3006.36 0 0
3090.59 0 0
3177.18 0 0
3266.19 0 0
3357.7 0 0
3451.77 0 0
3548.47 0 0
3647.89 0 0
3750.09 0 0
3855.15 0 0
3963.16 0 0
4074.19 0 0
4188.34 0 0
4305.68 0 0
4426.31 0 0
4550.31 0 0
4677.8 0 0
4808.85 0 0
4943.58 0 0
5082.08 0 0
5224.46 0 0
5370.83 0 0
5521.3 0 0
5675.99 0 0
5835.01 0 0
5998.48 0 0
6166.54 0 0
6339.3 0 0
6516.91 0 0
6699.49 0 0
6887.18 0 0
7080.13 0 0
7278.49 0 0
7482.41 0 0
7692.04 0 0
7907.54 0 0
8129.08 0 0
8356.83 0 0
8590.96 0 0
8831.64 0 0
9079.07 0 0
9333.43 0 0
9594.92 0 0
9863.74 0 0
10140.1 0 0
10424.2 0 0
10716.2 0 0
11016.4 0 0
11325.1 0 0
11642.4 0 0
11968.5 0 0
12303.9 0 0
12648.6 0 0
13002.9 0 0
13367.2 0 0
13741.7 0 0
14126.7 0 0
14522.5 0 0
14929.4 0 0
15347.6 0 0
15777.6 0 0
16219.6 0 0
16674.1 0 0
17141.2 0 0
17621.4 0 0
18115.1 0 0
18622.6 0 0
19144.4 0 0
19680.7 0 0
20232.1 0 0
20799 0 0
21381.7 0 0
21980.7 0 0
22596.5 0 0
23229.6 0 0
23880.4 0 0
24549.4 0 0
25237.2 0 0
25944.3 0 0
26671.1 0 0
27418.4 0 0
28186.5 0 0
28976.2 0 0
29788 0 0
30622.6 0 0
31480.5 0 0
32362.5 0 0
33269.1 0 0
34201.2 0 0
35159.4 0 0
36144.4 0 0
37157.1 0 0
38198.1 0 0
39268.2 0 0
40368.4 0 0
41499.4 0 0
42662 0 0
43857.3 0 0
45086 0 0
46349.1 0 0
47647.6 0 0
48982.6 0 0
50354.9 0 0
51765.6 0 0
53215.9 0 0
54706.8 0 0
56239.5 0 0
57815.1 0 0
59434.9 0 0
61100 0 0
62811.8 0 0
64571.6 0 0
66380.6 0 0
68240.4 0 0
70152.2 0 0
72117.6 0 0
74138.1 0 0
76215.2 0 0
78350.4 0 0
80545.5 0 0
82802.1 0 0
85121.9 0 0
87506.7 0 0
89958.3 0 0
92478.6 0 0
95069.6 0 0
97733 0 0
100471 0 0
103286 0 0
106180 0 0
109154 0 0
112213 0 0
115356 0 0
118588 0 0
121911 0 0
125326 0 0
128837 0 0
132447 0 0
136157 0 0
139972 0 0
143894 0 0
147925 0 0
152069 0 0
156330 0 0
160709 0 0
165212 0 0
169841 0 0
174599 0 0
179490 0 0
184519 0 0
189689 0 0
195003 0 0
200466 0 0
206083 0 0
211856 0 0
217792 0 0
223893 0 0
230166 0 0
236615 0 0
243244 0 0
250058 0 0
257064 0 0
264266 0 0
271670 0 0
279281 0 0
287105 0 0
295149 0 0
303418 0 0
311919 0 0
320658 0 0
329641 0 0
338876 0 0
348371 0 0
358131 0 0
368164 0 0
378479 0 0
389082 0 0
399983 0 0
411189 0 0
422709 0 0
434552 0 0
446726 0 0
459242 0 0
472108 0 0
485335 0 0
498932 0 0
512910 0 0
527280 0 0
542053 0 0
557239 0 0
572851 0 0
588900 0 0
605399 0 0
622360 0 0
639796 0 0
657721 0 0
676147 0 0
695091 0 0
714565 0 0
734584 0 0
755164 0 0
776321 0 0
798071 0 0
820430 0 0
843415 0 0
867045 0 0
891336 0 0
916308 0 0
941979 0 0
968370 0 0
995500 0 0
1.02339e+06 0 0
1.05206e+06 0 0
1.08154e+06 0 0
1.11184e+06 0 0
1.14299e+06 0 0
1.17501e+06 0 0
1.20793e+06 0 0
1.24177e+06 0 0
1.27656e+06 0 0
1.31233e+06 0 0
1.34909e+06 0 0
1.38689e+06 0 0
1.42574e+06 0 0
1.46569e+06 0 0
1.50675e+06 0 0
1.54896e+06 0 0
1.59236e+06 0 0
1.63697e+06 0 0
1.68283e+06 0 0
1.72998e+06 0 0
1.77845e+06 0 0
1.82827e+06 0 0
1.8795e+06 0 0
1.93215e+06 0 0
1.98628e+06 0 0
2.04193e+06 0 0
2.09914e+06 0 0
2.15795e+06 0 0
2.21841e+06 0 0
2.28056e+06 0 0
2.34445e+06 0 0
2.41014e+06 0 0
2.47766e+06 0 0
2.54707e+06 0 0
2.61843e+06 0 0
2.69179e+06 0 0
2.76721e+06 0 0
2.84473e+06 0 0
2.92443e+06 0 0
3.00636e+06 0 0
3.09059e+06 0 0
3.17718e+06 0 0
3.26619e+06 0 0
3.3577e+06 0 0
3.45177e+06 0 0
3.54847e+06 0 0
3.64789e+06 0 0
3.75009e+06 0 0
3.85515e+06 0 0
3.96316e+06 0 0
4.07419e+06 0 0
4.18834e+06 0 0
4.30568e+06 0 0
4.42631e+06 0 0
4.55031e+06 0 0
4.6778e+06 0 0
4.80885e+06 0 0
4.94358e+06 0 0
5.08208e+06 0 0
5.22446e+06 0 0
5.37083e+06 0 0
5.5213e+06 0 0
5.67599e+06 0 0
5.83501e+06 0 0
5.99848e+06 0 0
6.16654e+06 0 0
6.3393e+06 0 0
6.51691e+06 0 0
6.69949e+06 0 0
6.88718e+06 0 0
7.08013e+06 0 0
7.27849e+06 0 0
7.48241e+06 0 0
7.69204e+06 0 0
7.90754e+06 0 0
8.12908e+06 0 0
8.35683e+06 0 0
8.59096e+06 0 0
8.83164e+06 0 0
9.07907e+06 0 0
9.33343e+06 0 0
9.59492e+06 0 0
9.86374e+06 0 0
