1.01401e-05 0 0
1.04242e-05 0 0
1.07162e-05 0 0
1.10164e-05 0 0
1.13251e-05 0 0
1.16424e-05 0 0
1.19685e-05 0 0
1.23039e-05 0 0
1.26486e-05 0 0
1.30029e-05 0 0
1.33672e-05 0 0
1.37417e-05 0 0
1.41267e-05 0 0
1.45225e-05 0 0
1.49294e-05 0 0
1.53476e-05 0 0
1.57776e-05 0 0
1.62196e-05 0 0
1.66741e-05 0 0
1.71412e-05 0 0
1.76214e-05 0 0
1.81151e-05 0 0
1.86226e-05 0 0
1.91444e-05 0 0
1.96807e-05 0 0
2.02321e-05 0 0
2.0799e-05 0 0
2.13817e-05 0 0
2.19807e-05 0 0
2.25965e-05 0 0
2.32296e-05 0 0
2.38804e-05 0 0
2.45494e-05 0 0
2.52372e-05 0 0
2.59443e-05 0 0
2.66711e-05 0 0
2.74184e-05 0 0
2.81865e-05 0 0
2.89762e-05 0 0
2.9788e-05 0 0
3.06226e-05 0 0
3.14805e-05 0 0
3.23625e-05 0 0
3.32691e-05 0 0
3.42012e-05 0 0
3.51594e-05 0 0
3.61444e-05 0 0
3.71571e-05 0 0
3.81981e-05 0 0
3.92682e-05 0 0
4.03684e-05 0 0
4.14994e-05 0 0
4.2662e-05 0 0
4.38573e-05 0 0
4.5086e-05 0 0
4.63491e-05 0 0
4.76476e-05 0 0
4.89826e-05 0 0
5.03549e-05 0 0
5.17656e-05 0 0
5.32159e-05 0 0
5.47068e-05 0 0
5.62395e-05 0 0
5.78151e-05 0 0
5.94349e-05 0 0
6.11e-05 0 0
6.28118e-05 0 0
6.45716e-05 0 0
6.63806e-05 0 0
6.82404e-05 0 0
7.01522e-05 0 0
7.21176e-05 0 0
7.41381e-05 0 0
7.62152e-05 0 0
7.83504e-05 0 0
8.05455e-05 0 0
8.28021e-05 0 0
8.51219e-05 0 0
8.75067e-05 0 0
8.99583e-05 0 0
9.24786e-05 0 0
9.50696e-05 0 0
9.7733e-05 0 0
0.000100471 0 0
0.000103286 0 0
0.00010618 0 0
0.000109154 0 0
0.000112213 0 0
0.000115356 0 0
0.000118588 0 0
0.000121911 0 0
0.000125326 0 0
0.000128837 0 0
0.000132447 0 0
0.000136157 0 0
0.000139972 0 0
0.000143894 0 0
0.000147925 0 0
0.000152069 0 0
0.00015633 0 0
0.000160709 0 0
0.000165212 0 0
0.000169841 0 0
0.000174599 0 0
0.00017949 0 0
0.000184519 0 0
0.000189689 0 0
0.000195003 0 0
0.000200466 0 0
0.000206083 0 0
0.000211856 0 0
0.000217792 0 0
0.000223893 0 0
0.000230166 0 0
0.000236615 0 0
0.000243244 0 0
0.000250058 0 0
0.000257064 0 0
0.000264266 0 0
0.00027167 0 0
0.000279281 0 0
0.000287105 0 0
0.000295149 0 0
0.000303418 0 0
0.000311919 0 0
0.000320658 0 0
0.000329641 0 0
0.000338876 0 0
0.000348371 0 0
0.000358131 0 0
0.000368164 0 0
0.000378479 0 0
0.000389082 0 0
0.000399983 0 0
0.000411189 0 0
0.000422709 0 0
0.000434552 0 0
0.000446726 0 0
0.000459242 0 0
0.000472108 0 0
0.000485335 0 0
0.000498932 0 0
0.00051291 0 0
0.00052728 0 0
0.000542053 0 0
0.000557239 0 0
0.000572851 0 0
0.0005889 0 0
0.000605399 0 0
0.00062236 0 0
0.000639796 0 0
0.000657721 0 0
0.000676147 0 0
0.000695091 0 0
0.000714565 0 0
0.000734584 0 0
0.000755164 0 0
0.000776321 0 0
0.000798071 0 0
0.00082043 0 0
0.000843415 0 0
0.000867045 0 0
0.000891336 0 0
0.000916308 0 0
0.000941979 0 0
0.00096837 0 0
0.0009955 0 0
0.00102339 0 0
0.00105206 0 0
0.00108154 0 0
0.00111184 0 0
0.00114299 0 0
0.00117501 0 0
0.00120793 0 0
0.00124177 0 0
0.00127656 0 0
0.00131233 0 0
0.00134909 0 0
0.00138689 0 0
0.00142574 0 0
0.00146569 0 0
0.00150675 0 0
0.00154896 0 0
0.00159236 0 0
0.00163697 0 0
0.00168283 0 0
0.00172998 0 0
0.00177845 0 0
0.00182827 0 0
0.0018795 0 0
0.00193215 0 0
0.00198628 0 0
0.00204193 0 0
0.00209914 0 0
0.00215795 0 0
0.00221841 0 0
0.00228056 0 0
0.00234445 0 0
0.00241014 0 0
0.00247766 0 0
0.00254707 0 0
0.00261843 0 0
0.00269179 0 0
0.00276721 0 0
0.00284473 0 0
0.00292443 0 0
0.00300636 0 0
0.00309059 0 0
0.00317718 0 0
0.00326619 0 0
0.0033577 0 0
0.00345177 0 0
0.00354847 0 0
0.00364789 0 0
0.00375009 0 0
0.00385515 0 0
0.00396316 0 0
0.00407419 0 0
0.00418834 0 0
0.00430568 0 0
0.00442631 0 0
0.00455031 0 0
0.0046778 0 0
0.00480885 0 0
0.00494358 0 0
0.00508208 0 0
0.00522446 0 0
0.00537083 0 0
0.0055213 0 0
0.00567599 0 0
0.00583501 0 0
0.00599848 0 0
0.00616654 0 0
0.0063393 0 0
0.00651691 0 0
0.00669949 0 0
0.00688718 0 0
0.00708013 0 0
0.00727849 0 0
0.00748241 0 0
0.00769204 0 0
0.00790754 0 0
0.00812908 0 0
0.00835683 0 0
0.00859096 0 0
0.00883164 0 0
0.00907907 0 0
0.00933343 0 0
0.00959492 0 0
0.00986374 0 0
0.0101401 0 0
0.0104242 0 0
0.0107162 0 0
0.0110164 0 0
0.0113251 0 0
0.0116424 0 0
0.0119685 0 0
0.0123039 0 0
0.0126486 0 0
0.0130029 0 0
0.0133672 0 0
0.0137417 0 0
0.0141267 0 0
0.0145225 0 0
0.0149294 0 0
0.0153476 0 0
0.0157776 0 0
0.0162196 0 0
0.0166741 0 0
0.0171412 0 0
0.0176214 0 0
0.0181151 0 0
0.0186226 0 0
0.0191444 0 0
0.0196807 0 0
0.0202321 0 0
0.020799 0 0
0.0213817 0 0
0.0219807 0 0
0.0225965 0 0
0.0232296 0 0
0.0238804 0 0
0.0245494 0 0
0.0252372 0 0
0.0259443 0 0
0.0266711 0 0
0.0274184 0 0
0.0281865 0 0
0.0289762 0 0
0.029788 0 0
0.0306226 0 0
0.0314805 0 0
0.0323625 0 0
0.0332691 0 0
0.0342012 0 0
0.0351594 0 0
0.0361444 0 0
0.0371571 0 0
0.0381981 0 0
0.0392682 0 0
0.0403684 0 0
0.0414994 0 0
0.042662 0 0
0.0438573 0 0
0.045086 0 0
0.0463491 0 0
0.0476476 0 0
0.0489826 0 0
0.0503549 0 0
0.0517656 0 0
0.0532159 0 0
0.0547068 0 0
0.0562395 0 0
0.0578151 0 0
0.0594349 0 0
0.0611 0 0
0.0628118 0 0
0.0645716 0 0
0.0663806 0 0
0.0682404 0 0
0.0701522 0 0
0.0721176 0 0
0.0741381 0 0
0.0762152 0 0
0.0783504 0 0
0.0805455 0 0
0.0828021 0 0
0.0851219 0 0
0.0875067 0 0
0.0899583 0 0
0.0924786 0 0
0.0950696 0 0
0.097733 0 0
0.100471 1.16215e+06 1427.85
0.103286 1.13421e+06 1412.89
0.10618 1.10927e+06 1401.96
0.109154 1.08138e+06 1385.98
0.112213 1.05524e+06 1372.43
0.115356 1.02839e+06 1358.74
0.118588 1.00729e+06 1350.87
0.121911 983052 1339.4
0.125326 956916 1321.02
0.128837 935681 1310.47
0.132447 910641 1295.67
0.136157 890709 1286.37
0.139972 866331 1268.19
0.143894 847517 1259.71
0.147925 826715 1243.77
0.152069 805165 1232.07
0.15633 786619 1221.01
0.160709 765579 1207.08
0.165212 748873 1195.61
0.169841 729418 1181.93
0.174599 711774 1170.17
0.17949 695730 1161.5
0.184519 676159 1146.01
0.189689 661988 1137.21
0.195003 645013 1125.57
0.200466 629612 1114.2
0.206083 613711 1102.49
0.211856 596630 1086.94
0.217792 583319 1079.07
0.223893 566083 1059.05
0.230166 552240 1051.32
0.236615 540864 1042.29
0.243244 527001 1032.99
0.250058 514139 1020.17
0.257064 500412 1008.95
0.264266 489153 1001.76
0.27167 475040 989.44
0.279281 464770 980.189
0.287105 453187 973.017
0.295149 442654 961.247
0.303418 431273 945.434
0.311919 419087 936.669
0.320658 409344 926.878
0.329641 399699 917.352
0.338876 387601 901.805
0.348371 377916 895.042
0.358131 368243 883.851
0.368164 359527 875.978
0.378479 350328 864.157
0.389082 340440 851.494
0.399983 331628 844.853
0.411189 325437 840.206
0.422709 314385 821.123
0.434552 307285 815.201
0.446726 300463 807.412
0.459242 292142 796.672
0.472108 285150 789.835
0.485335 277014 778.347
0.498932 269183 766.173
0.51291 261910 757.665
0.52728 255633 749.927
0.542053 249500 741.67
0.557239 243193 732.882
0.572851 236386 722.676
0.5889 228078 706.872
0.605399 222821 701.8
0.62236 217541 692.069
0.639796 213018 690.281
0.657721 206990 678.323
0.676147 201765 671.814
0.695091 196627 664.082
0.714565 190438 652.015
0.734584 186575 647.022
0.755164 181185 638.541
0.776321 175983 628.161
0.798071 171754 619.847
0.82043 167000 614.037
0.843415 162753 605.128
0.867045 157563 594.502
0.891336 154170 591.321
0.916308 148493 574.408
0.941979 145011 569.848
0.96837 142304 568.179
0.9955 137348 557.118
1.02339 134157 548.934
1.05206 129902 539.064
1.08154 126478 533.672
1.11184 123204 527.477
1.14299 120351 522.665
1.17501 116035 510.22
1.20793 113203 504.553
1.24177 110202 498.11
1.27656 107960 494.782
1.31233 103429 480.458
1.34909 100756 473.941
1.38689 97700.9 466.63
1.42574 95276.9 460.138
1.46569 93391.4 457.221
1.50675 89811.8 446.595
1.54896 87227.8 439.619
1.59236 85337.4 433.57
1.63697 83159.8 432.337
1.68283 80115.1 420.36
1.72998 77961.7 411.421
1.77845 75409.6 404.899
1.82827 73649.1 402.062
1.8795 70291.8 384.962
1.93215 68568.1 384.958
1.98628 66210 377.309
2.04193 64413.9 369.605
2.09914 62713.8 363.529
2.15795 60399.8 353.722
2.21841 58821.4 350.896
2.28056 56591 341.319
2.34445 54163.7 331.949
2.41014 52283.5 321.527
2.47766 50835.3 317.524
2.54707 49314.4 312.64
2.61843 47436.7 303.65
2.69179 45710 293.685
2.76721 43759.6 285.699
2.84473 42045 278.116
2.92443 39285.7 259.113
3.00636 38074.3 255.632
3.09059 36037.6 242.7
3.17718 34458.5 233.367
3.26619 32585.6 222.909
3.3577 30713 212.084
3.45177 28332 195.974
3.54847 26660.4 186.233
3.64789 24615.9 172.577
3.75009 22436.6 158.989
3.85515 20046.8 141.805
3.96316 17891.3 126.852
4.07419 14997.3 107.441
4.18834 12427.3 90.8629
4.30568 9555.97 70.9492
4.42631 6648.56 51.3881
4.55031 3838.81 30.979
4.6778 1630.85 13.5222
4.80885 376.743 3.16842
4.94358 203.01 1.73129
5.08208 988.682 8.56437
5.22446 2985.72 25.8382
5.37083 5799.21 49.0483
5.5213 8449.28 70.7967
5.67599 10913.4 92.2244
5.83501 13008.4 112.857
5.99848 14621.4 131.295
6.16654 16102.7 149.91
6.3393 16895.4 161.97
6.51691 17820.4 178.068
6.69949 18262.5 187.926
6.88718 18488.3 194.008
7.08013 19244.1 204.182
7.27849 18706.3 206.651
7.48241 18971.2 214.781
7.69204 18793 216.621
7.90754 18510 214.075
8.12908 18351.9 216.812
8.35683 18576.9 224.001
8.59096 17717 215.079
8.83164 17231.9 218.318
9.07907 17320.6 222.675
9.33343 16503.9 211.891
9.59492 16367.2 216.595
9.86374 15902.6 214.58
10.1401 15602.4 211.509
10.4242 15260.4 206.618
10.7162 15118.4 209.083
11.0164 14453.5 201.645
11.3251 14517.9 208.336
11.6424 13814.4 200.859
11.9685 13766.3 204.417
12.3039 13211.1 197.542
12.6486 12868 195.18
13.0029 12251.2 186.949
13.3672 12103.8 185.188
13.7417 11633.2 183.35
14.1267 11394.6 183.37
14.5225 11155.7 180.143
14.9294 10988.3 178.244
15.3476 10480.7 174.302
15.7776 10296.6 175.694
16.2196 9982.73 171.03
16.6741 9795.45 171.9
17.1412 9496.59 168.513
17.6214 9183.51 166.936
18.1151 9151.93 167.022
18.6226 8641.09 159.066
19.1444 8511.58 155.591
19.6807 8393.74 160.623
20.2321 8209.11 156.332
20.799 7953.6 154.984
21.3817 7683.04 150.392
21.9807 7531.28 149.402
22.5965 7277.98 147.511
23.2296 7296.08 152.483
23.8804 7146.41 151.085
24.5494 6509.82 139.45
25.2372 6368.14 138.196
25.9443 6477.42 139.137
26.6711 6134.66 135.757
27.4184 6143.64 138.083
28.1865 5933.88 134.355
28.9762 5727.49 132.852
29.788 5520.1 129.595
30.6226 5363.38 128.834
31.4805 5030.16 122.961
32.3625 4917.92 118.708
33.2691 4938.6 121.608
34.2012 4827.11 120.068
35.1594 4887.88 124.6
36.1444 4514.94 118.055
37.1571 4639.65 121.694
38.1981 4088.69 108.741
39.2682 4009.51 105.14
40.3684 4003.03 109.39
41.4994 3842.29 105.118
42.662 3952.64 111.359
43.8573 3605.12 100.658
45.086 3808.97 109.262
46.3491 3546.94 105.442
47.6476 3423.27 99.5676
48.9826 3346.75 95.4171
50.3549 3204.6 100.559
51.7656 3184.9 96.0206
53.2159 3097.22 96.6119
54.7068 2897.56 93.2945
56.2395 2873.62 91.6123
57.8151 1348.07 37.3248
59.4349 1444.74 40.8917
61.1 1672.15 49.2663
62.8118 2402.47 78.135
64.5716 2424.58 83.2304
66.3806 2373.49 80.9853
68.2404 2419.81 84.5305
70.1522 2226.5 81.0133
72.1176 2367.33 87.0585
74.1381 2201.58 78.7001
76.2152 1982.33 75.6731
78.3504 398.751 13.2817
80.5455 2062.36 78.0576
82.8021 2018.43 80.3376
85.1219 2087.76 83.665
87.5067 1850.18 74.1115
89.9583 1816.35 72.1691
92.4786 1894.09 79.7097
95.0696 1688.87 70.3349
97.733 1749.37 75.7062
100.471 1584.85 67.5147
103.286 1628.63 72.2357
106.18 1429.8 62.9269
109.154 1519.34 69.7756
112.213 1609.86 70.387
115.356 1496.76 66.3771
118.588 1417.04 67.5898
121.911 1106.52 50.0155
125.326 1422.18 67.4904
128.837 1282.6 60.9022
132.447 1224.43 60.4704
136.157 1307.56 65.817
139.972 1226.16 63.5043
143.894 647.717 27.1272
147.925 1065.52 54.6114
152.069 992.779 50.9121
156.33 1084.98 57.5861
160.709 1025.13 55.6429
165.212 914.272 49.9049
169.841 940.995 53.5716
174.599 876.431 49.1771
179.49 854.384 47.8818
184.519 871.16 50.1297
189.689 307.233 15.6537
195.003 895.778 56.658
200.466 698.603 41.6105
206.083 892.278 58.0907
211.856 769.419 46.8482
217.792 815.236 52.4688
223.893 781.468 50.0093
230.166 715.795 45.8201
236.615 646.679 47.4311
243.244 681.235 45.739
250.058 680.635 45.228
257.064 646.731 43.5322
264.266 605.343 45.2311
271.67 569.744 40.3736
279.281 561.287 40.791
287.105 583.436 42.1551
295.149 460.868 33.728
303.418 586.467 44.1738
311.919 521.03 36.1481
320.658 531.15 40.5528
329.641 210.692 13.7256
338.876 443.313 36.0411
348.371 539.182 42.376
358.131 526.804 43.3236
368.164 408.631 33.0654
378.479 444.374 36.2098
389.082 389.659 31.2075
399.983 232.149 17.0697
411.189 306.81 29.0932
422.709 399.93 36.3741
434.552 397.418 34.6734
446.726 379.003 34.9401
459.242 310.572 30.4404
472.108 307.449 28.914
485.335 311.942 30.4221
498.932 334.297 32.0534
512.91 352.465 36.8271
527.28 310.242 31.8486
542.053 292.118 28.5318
557.239 275.448 30.4438
572.851 302.413 28.7202
588.9 266.932 29.1322
605.399 269.103 28.3167
622.36 161.997 16.4601
639.796 256.302 29.4667
657.721 251.161 26.0008
676.147 232.683 25.1207
695.091 167.588 16.9036
714.565 195.408 22.7477
734.584 216.51 24.3418
755.164 208.685 26.4346
776.321 197.53 22.5825
798.071 168.97 17.7699
820.43 154.663 17.9617
843.415 176.055 23.85
867.045 176.626 20.0636
891.336 143.524 18.6304
916.308 177.913 23.3316
941.979 188.672 25.3311
968.37 168.983 22.94
995.5 140.899 19.9231
1023.39 135.735 19.2709
1052.06 180.066 22.4518
1081.54 135.422 18.2113
1111.84 135.634 19.0627
1142.99 148.031 18.7593
1175.01 119.92 20.144
1207.93 142.608 20.9427
1241.77 150.253 22.7572
1276.56 95.285 15.7379
1312.33 109.071 17.2879
1349.09 97.5474 19.994
1386.89 138.456 22.0977
1425.74 101.814 16.7024
1465.69 104.475 14.2793
1506.75 130.959 23.7982
1548.96 97.8786 15.9695
1592.36 116.755 22.9636
1636.97 88.8874 14.7992
1682.83 87.0536 14.4024
1729.98 64.386 9.17106
1778.45 87.7989 12.9316
1828.27 121.144 20.7485
1879.5 86.6354 12.1855
1932.15 64.6013 10.5972
1986.28 67.9143 10.828
2041.93 76.0792 16.0722
2099.14 91.0348 13.691
2157.95 84.4987 15.638
2218.41 45.9414 8.93074
2280.56 68.4342 12.7052
2344.45 78.3671 17.5562
2410.14 42.0158 7.56919
2477.66 54.4923 9.68895
2547.07 75.9161 13.8043
2618.43 49.6463 8.85554
2691.79 55.6755 9.55382
2767.21 56.8564 13.0845
2844.73 54.2711 12.6901
2924.43 60.8587 14.3721
3006.36 37.3129 10.5336
3090.59 79.5155 16.7365
3177.18 36.1104 9.10246
3266.19 50.8171 11.8356
3357.7 34.582 7.63194
3451.77 46.4474 12.6544
3548.47 53.0071 14.2345
3647.89 57.4668 14.5174
3750.09 40.6803 9.98409
3855.15 35.6554 10.3644
3963.16 59.7943 17.3292
4074.19 36.6144 11.3145
4188.34 38.0919 8.52991
4305.68 59.4409 16.0845
4426.31 25.9917 7.58597
4550.31 52.936 12.8225
4677.8 30.315 7.65172
4808.85 23.3888 5.58795
4943.58 32.542 8.81798
5082.08 27.994 8.95932
5224.46 33.3468 7.22471
5370.83 20.6896 6.51584
5521.3 42.6367 12.3372
5675.99 32.0684 10.6625
5835.01 21.2189 6.3929
5998.48 18.5002 5.89562
6166.54 33.6572 8.20887
6339.3 30.5665 7.74382
6516.91 22.0358 8.39663
6699.49 29.7883 11.5053
6887.18 23.2139 8.26089
7080.13 20.4708 5.13036
7278.49 30.6756 9.72136
7482.41 25.6056 10.364
7692.04 17.9062 6.39421
7907.54 14.2002 5.01488
8129.08 16.5099 4.83734
8356.83 28.2193 15.2142
8590.96 16.2342 4.01408
8831.64 28.6644 11.1766
9079.07 24.5164 7.71527
9333.43 13.4676 7.13848
9594.92 8.69009 3.07353
9863.74 12.8235 4.63665
10140.1 16.7599 6.06335
10424.2 16.1548 10.0548
10716.2 10.2883 4.74055
11016.4 12.5027 4.67006
11325.1 13.5544 5.09793
11642.4 7.59556 2.70232
11968.5 11.9215 5.3348
12303.9 12.1609 8.66932
12648.6 8.74298 3.41055
13002.9 18.1148 6.46515
13367.2 23.8665 8.94142
13741.7 16.0988 5.55619
14126.7 8.88315 3.58301
14522.5 2.74216 1.24796
14929.4 10.0731 4.973
15347.6 7.43531 2.42305
15777.6 12.4619 6.16615
16219.6 15.4907 6.60842
16674.1 4.92821 1.82142
17141.2 9.15904 3.53644
17621.4 7.55186 3.23387
18115.1 3.64085 1.71982
18622.6 6.01779 3.59235
19144.4 12.4709 9.66581
19680.7 4.65408 2.42276
20232.1 17.0824 5.86483
20799 19.7789 12.7809
21381.7 0 0
21980.7 2.67715 1.99705
22596.5 2.73486 1.78267
23229.6 8.70143 3.57495
23880.4 2.96493 1.37182
24549.4 1.21832 0.869523
25237.2 10.28 3.42682
25944.3 4.26322 2.09171
26671.1 9.8708 5.88978
27418.4 0.597253 0.597253
28186.5 3.46748 1.43056
28976.2 11.7868 7.52105
29788 13.3628 9.69734
30622.6 3.46255 1.62431
31480.5 5.36257 2.2369
32362.5 2.84156 1.55743
33269.1 3.65623 1.92404
34201.2 2.13803 1.08868
35159.4 7.33893 5.38838
36144.4 1.19646 0.703814
37157.1 6.40706 3.72757
38198.1 0.790756 0.715547
39268.2 1.76984 1.2545
40368.4 0 0
41499.4 3.14489 2.5434
42662 3.61186 1.9043
43857.3 2.26693 1.34187
45086 2.85141 2.85141
46349.1 5.30104 2.73331
47647.6 0.760849 0.756299
48982.6 0 0
50354.9 8.42418 6.65753
51765.6 2.68418 1.56149
53215.9 4.69243 2.87439
54706.8 1.4419 1.11099
56239.5 0.151641 0.151641
57815.1 0.84264 0.84264
59434.9 2.46006 1.25632
61100 0 0
62811.8 4.35453 4.27588
64571.6 0.0432632 0.0432632
66380.6 0.87476 0.87476
68240.4 0.547147 0.547147
70152.2 4.61517 3.85702
72117.6 0 0
74138.1 0.950764 0.950764
76215.2 2.19782 2.19782
78350.4 6.8395 4.12246
80545.5 6.35595 5.93202
82802.1 1.53983 1.24512
85121.9 3.69162 3.31231
87506.7 0 0
89958.3 2.98086 1.81494
92478.6 0.412506 0.412506
95069.6 1.70872 1.34693
97733 1.8014 1.13808
100471 0.385288 0.385288
103286 0.544375 0.544375
106180 7.68471 6.13522
109154 4.79487 3.25173
112213 0.95224 0.674208
115356 0 0
118588 0 0
121911 0.0592341 0.0592341
125326 0.167179 0.167179
128837 1.5117 1.16461
132447 3.70177 3.60318
136157 0 0
139972 4.89101 4.89101
143894 2.87742 2.17228
147925 0.512671 0.499624
152069 0 0
156330 0 0
160709 0.275357 0.275357
165212 0.514828 0.514828
169841 0.38748 0.38748
174599 0 0
179490 0.121311 0.121311
184519 0 0
189689 0 0
195003 0 0
200466 1.44223 1.44223
206083 0 0
211856 2.07991 2.07991
217792 0 0
223893 0.230942 0.230942
230166 2.96592 1.95926
236615 0.381588 0.381588
243244 0 0
250058 0 0
257064 0 0
264266 0.813169 0.813169
271670 0 0
279281 2.58259 2.06216
287105 0 0
295149 0 0
303418 0 0
311919 0 0
320658 1.36435 1.36435
329641 0 0
338876 0 0
348371 0.46785 0.46785
358131 2.16866 1.28441
368164 3.22755 2.57406
378479 0 0
389082 0 0
399983 0 0
411189 0 0
422709 0 0
434552 1.56111 1.56111
446726 0 0
459242 3.56738 3.56738
472108 1.31484 0.960551
485335 0 0
498932 0 0
512910 0 0
527280 0.281586 0.281586
542053 0 0
557239 0 0
572851 0 0
588900 0 0
605399 0 0
622360 0 0
639796 0 0
657721 0 0
676147 0 0
695091 0 0
714565 1.57066 1.57066
734584 1.3599 1.3599
755164 0 0
776321 0 0
798071 0 0
820430 0 0
843415 0 0
867045 0 0
891336 0 0
916308 0 0
941979 0.113332 0.113332
968370 0 0
995500 0.7672 0.7672
1.02339e+06 0 0
1.05206e+06 0 0
1.08154e+06 0 0
1.11184e+06 0 0
1.14299e+06 0 0
1.17501e+06 0 0
1.20793e+06 0 0
1.24177e+06 0 0
1.27656e+06 0 0
1.31233e+06 0 0
1.34909e+06 0 0
1.38689e+06 0 0
1.42574e+06 0 0
1.46569e+06 0 0
1.50675e+06 0 0
1.54896e+06 0 0
1.59236e+06 0 0
1.63697e+06 0 0
1.68283e+06 0 0
1.72998e+06 0 0
1.77845e+06 0 0
1.82827e+06 0 0
1.8795e+06 0 0
1.93215e+06 0 0
1.98628e+06 0 0
2.04193e+06 0 0
2.09914e+06 0 0
2.15795e+06 0 0
2.21841e+06 0 0
2.28056e+06 0 0
2.34445e+06 0 0
2.41014e+06 0 0
2.47766e+06 0 0
2.54707e+06 0 0
2.61843e+06 0 0
2.69179e+06 0 0
2.76721e+06 0 0
2.84473e+06 0 0
2.92443e+06 0 0
3.00636e+06 0 0
3.09059e+06 0 0
3.17718e+06 0 0
3.26619e+06 0 0
3.3577e+06 0 0
3.45177e+06 0 0
3.54847e+06 0 0
3.64789e+06 0 0
3.75009e+06 0 0
3.85515e+06 0 0
3.96316e+06 0 0
4.07419e+06 0 0
4.18834e+06 0 0
4.30568e+06 0 0
4.42631e+06 0 0
4.55031e+06 0 0
4.6778e+06 0 0
4.80885e+06 0 0
4.94358e+06 0 0
5.08208e+06 0 0
5.22446e+06 0 0
5.37083e+06 0 0
5.5213e+06 0 0
5.67599e+06 0 0
5.83501e+06 0 0
5.99848e+06 0 0
6.16654e+06 0 0
6.3393e+06 0 0
6.51691e+06 0 0
6.69949e+06 0 0
6.88718e+06 0 0
7.08013e+06 0 0
7.27849e+06 0 0
7.48241e+06 0 0
7.69204e+06 0 0
7.90754e+06 0 0
8.12908e+06 0 0
8.35683e+06 0.454194 0.454194
8.59096e+06 0 0
8.83164e+06 0 0
9.07907e+06 0 0
9.33343e+06 0 0
9.59492e+06 0 0
9.86374e+06 0 0
