1.01401e-05 23.1487 1.31787
1.04242e-05 20.4301 1.25635
1.07162e-05 21.7511 1.21424
1.10164e-05 19.266 1.09854
1.13251e-05 22.1868 1.19466
1.16424e-05 23.4942 1.28486
1.19685e-05 24.9766 1.32908
1.23039e-05 24.598 1.33941
1.26486e-05 25.9403 1.41992
1.30029e-05 28.4317 1.50744
1.33672e-05 28.927 1.50163
1.37417e-05 29.011 1.43723
1.41267e-05 31.958 1.63386
1.45225e-05 32.9702 1.68667
1.49294e-05 33.3928 1.66271
1.53476e-05 34.2776 1.66843
1.57776e-05 37.1486 1.76371
1.62196e-05 42.0112 1.92979
1.66741e-05 40.2078 1.87783
1.71412e-05 36.6679 1.75253
1.76214e-05 40.0416 1.82655
1.81151e-05 43.7173 2.01246
1.86226e-05 46.8243 2.08964
1.91444e-05 50.8506 2.16807
1.96807e-05 48.9855 2.07521
2.02321e-05 47.5446 2.08973
2.0799e-05 55.7924 2.31102
2.13817e-05 55.1373 2.35827
2.19807e-05 56.1544 2.30703
2.25965e-05 60.3244 2.48819
2.32296e-05 65.9121 2.57003
2.38804e-05 63.8004 2.58958
2.45494e-05 73.8263 2.81293
2.52372e-05 72.2924 2.78006
2.59443e-05 79.1476 2.87037
2.66711e-05 80.0786 2.89103
2.74184e-05 85.1271 3.09263
2.81865e-05 81.0947 2.8972
2.89762e-05 89.4044 3.19739
2.9788e-05 93.6736 3.2823
3.06226e-05 105.029 3.51672
3.14805e-05 105.436 3.63258
3.23625e-05 109.681 3.61327
3.32691e-05 109.335 3.67188
3.42012e-05 111.905 3.6986
3.51594e-05 117.253 3.79361
3.61444e-05 121.838 3.85178
3.71571e-05 131.873 4.16096
3.81981e-05 139.708 4.27225
3.92682e-05 139.36 4.34785
4.03684e-05 148.858 4.38789
4.14994e-05 160.876 4.63711
4.2662e-05 160.05 4.67722
4.38573e-05 164.643 4.75772
4.5086e-05 174.32 4.95775
4.63491e-05 181.914 5.10546
4.76476e-05 180.346 5.0591
4.89826e-05 190.43 5.22034
5.03549e-05 195.653 5.268
5.17656e-05 229.177 5.87704
5.32159e-05 222.914 5.77437
5.47068e-05 238.726 6.06291
5.62395e-05 248.399 6.36224
5.78151e-05 260.21 6.49252
5.94349e-05 252.261 6.31997
6.11e-05 280.728 6.80479
6.28118e-05 272.197 6.67949
6.45716e-05 295.793 7.02062
6.63806e-05 312.97 7.30157
6.82404e-05 323.848 7.55536
7.01522e-05 331.878 7.47636
7.21176e-05 356.49 8.05936
7.41381e-05 356.31 7.9706
7.62152e-05 373.493 8.14103
7.83504e-05 394.517 8.46854
8.05455e-05 399.555 8.52121
8.28021e-05 419.607 8.8182
8.51219e-05 468.299 9.53207
8.75067e-05 465.382 9.33091
8.99583e-05 490.967 9.87906
9.24786e-05 505.034 9.90598
9.50696e-05 541.934 10.4739
9.7733e-05 533.954 10.3361
0.000100471 588.458 11.0288
0.000103286 594.074 11.0808
0.00010618 602.595 11.026
0.000109154 664.717 11.958
0.000112213 683.877 12.1246
0.000115356 708.234 12.4081
0.000118588 740.819 12.8765
0.000121911 769.993 13.2434
0.000125326 798.631 13.5487
0.000128837 832.608 13.9372
0.000132447 840.144 13.9286
0.000136157 887.283 14.4715
0.000139972 919.79 14.708
0.000143894 962.95 15.2021
0.000147925 1022.82 15.8249
0.000152069 1049.07 16.143
0.00015633 1101.5 16.4449
0.000160709 1139.15 16.8557
0.000165212 1170.92 17.2269
0.000169841 1230.72 17.7516
0.000174599 1270.65 18.0832
0.00017949 1339.36 19.0351
0.000184519 1398.15 19.4315
0.000189689 1485.88 20.2555
0.000195003 1490.94 20.1939
0.000200466 1592.61 20.9115
0.000206083 1640.99 21.2821
0.000211856 1706.97 21.9227
0.000217792 1767.01 22.4436
0.000223893 1821.93 22.8458
0.000230166 1938.4 23.9345
0.000236615 1997.06 24.5196
0.000243244 2074.29 25.1404
0.000250058 2148.93 25.5209
0.000257064 2281.31 26.5806
0.000264266 2396.46 27.4232
0.00027167 2476.23 27.791
0.000279281 2579.72 28.7198
0.000287105 2663.54 29.5336
0.000295149 2763.82 29.7973
0.000303418 2879.08 30.8677
0.000311919 3001.64 31.8598
0.000320658 3125.39 32.5572
0.000329641 3214.01 32.8801
0.000338876 3375.63 34.1494
0.000348371 3453.75 34.6842
0.000358131 3608.21 35.4656
0.000368164 3769.16 36.4483
0.000378479 3957.18 37.5599
0.000389082 4079.45 38.5276
0.000399983 4160.9 38.829
0.000411189 4414.67 40.4166
0.000422709 4656.15 41.6205
0.000434552 4844.24 42.8854
0.000446726 4904.81 43.1844
0.000459242 5119.49 44.498
0.000472108 5367.4 45.5903
0.000485335 5617.17 47.0072
0.000498932 5810.79 47.8668
0.00051291 6070.13 49.1478
0.00052728 6267.04 50.4696
0.000542053 6528.22 51.6224
0.000557239 6718.36 52.4676
0.000572851 7012.07 53.9602
0.0005889 7308.7 54.8853
0.000605399 7555.07 56.6175
0.00062236 7792.28 57.634
0.000639796 8067.72 59.181
0.000657721 8563.45 61.3326
0.000676147 8825.33 62.7512
0.000695091 9096.79 63.2176
0.000714565 9491.46 65.2448
0.000734584 9903.07 67.066
0.000755164 10205.9 68.3604
0.000776321 10632.7 70.2826
0.000798071 10983 71.3676
0.00082043 11394.9 73.1215
0.000843415 11821.2 75.014
0.000867045 12301.5 76.6905
0.000891336 12671.3 78.2245
0.000916308 13236.3 80.5809
0.000941979 13908.8 83.0019
0.00096837 14347.1 84.2303
0.0009955 14914.1 86.451
0.00102339 15583.6 89.1305
0.00105206 16028 90.5655
0.00108154 16663 92.9805
0.00111184 17079.8 94.2121
0.00114299 17860.7 96.9614
0.00117501 18423.2 99.0483
0.00120793 19146 101.123
0.00124177 19908.9 103.351
0.00127656 20875.7 106.937
0.00131233 21384.4 108.236
0.00134909 22060.9 110.408
0.00138689 22877 112.978
0.00142574 23798.8 115.952
0.00146569 24528.7 117.962
0.00150675 25506.4 120.875
0.00154896 26307.7 123.164
0.00159236 27316.9 126.114
0.00163697 28477.8 129.943
0.00168283 29123.4 131.186
0.00172998 30371.9 134.792
0.00177845 31738 138.73
0.00182827 32900.7 142.013
0.0018795 33878.7 144.129
0.00193215 34957 147.088
0.00198628 36213.1 150.137
0.00204193 37510.3 154.007
0.00209914 38814.6 157.576
0.00215795 40334.9 161.344
0.00221841 41646.6 164.237
0.00228056 43193.5 168.452
0.00234445 44381.1 170.633
0.00241014 45858.6 174.523
0.00247766 47349.8 178.133
0.00254707 49379.1 183.363
0.00261843 50853.3 185.629
0.00269179 52813 190.866
0.00276721 54459.8 194.42
0.00284473 56301.8 198.958
0.00292443 58010.5 202.33
0.00300636 60157.2 206.748
0.00309059 62007.3 211.082
0.00317718 64579 217.012
0.00326619 66411.7 220.562
0.0033577 68803.5 225.384
0.00345177 70774.7 229.038
0.00354847 72917.9 233.925
0.00364789 75287.6 238.655
0.00375009 77583.3 243.135
0.00385515 80635.5 248.606
0.00396316 83028.4 253.245
0.00407419 85410.6 258.584
0.00418834 88391.1 263.474
0.00430568 91184.9 269.272
0.00442631 93838.5 273.298
0.00455031 96100.9 276.698
0.0046778 100096 284.95
0.00480885 102185 288.181
0.00494358 105694 294.769
0.00508208 108992 300.211
0.00522446 111830 306.005
0.00537083 115628 312.821
0.0055213 118687 317.844
0.00567599 122469 324.155
0.00583501 126350 331.056
0.00599848 129440 336.118
0.00616654 133032 342.602
0.0063393 136877 347.848
0.00651691 141735 355.855
0.00669949 144855 360.766
0.00688718 148616 367.118
0.00708013 153079 374.307
0.00727849 158343 383.288
0.00748241 162034 387.664
0.00769204 165551 393.701
0.00790754 169966 401.346
0.00812908 174655 407.372
0.00835683 179109 414.484
0.00859096 183517 421.082
0.00883164 187980 428.3
0.00907907 192765 435.363
0.00933343 197391 443.11
0.00959492 201817 447.697
0.00986374 207649 457.247
0.0101401 211249 462.413
0.0104242 216911 470.521
0.0107162 221519 477.291
0.0110164 226990 484.675
0.0113251 231758 491.338
0.0116424 235867 496.883
0.0119685 241218 505.155
0.0123039 246859 513.231
0.0126486 252024 522.023
0.0130029 256779 527.248
0.0133672 261803 534.519
0.0137417 266911 542.803
0.0141267 271452 547.784
0.0145225 275979 554.582
0.0149294 280908 561.5
0.0153476 286355 569.036
0.0157776 291253 575.954
0.0162196 295313 583.433
0.0166741 300766 590.567
0.0171412 306435 598.927
0.0176214 309044 603.301
0.0181151 312872 609.91
0.0186226 316998 614.272
0.0191444 320687 620.971
0.0196807 325105 627.263
0.0202321 328909 632.143
0.020799 332786 639.577
0.0213817 335787 644.199
0.0219807 338248 647.931
0.0225965 341386 654.313
0.0232296 344441 660.586
0.0238804 347360 664.98
0.0245494 350012 668.498
0.0252372 350871 673.288
0.0259443 353281 677.597
0.0266711 353968 681.461
0.0274184 356413 684.547
0.0281865 355119 686.118
0.0289762 354682 688.18
0.029788 356711 691.888
0.0306226 355772 694.336
0.0314805 354846 694.842
0.0323625 354635 697.643
0.0332691 353780 699.845
0.0342012 351744 699.627
0.0351594 349311 699.633
0.0361444 345909 696.235
0.0371571 344911 698.951
0.0381981 340646 696.079
0.0392682 338182 696.732
0.0403684 333157 693.56
0.0414994 330125 693.536
0.042662 324376 688.36
0.0438573 320336 687.974
0.045086 314459 683.587
0.0463491 308572 677.728
0.0476476 301429 669.151
0.0489826 295238 667.496
0.0503549 289816 663.276
0.0517656 283055 659.933
0.0532159 276032 651.996
0.0547068 268134 643.391
0.0562395 259981 635.648
0.0578151 251922 628.56
0.0594349 244546 621.689
0.0611 236809 614.829
0.0628118 227351 602.726
0.0645716 218103 588.036
0.0663806 209839 581.257
0.0682404 201234 570.746
0.0701522 192941 559.682
0.0721176 183709 548.889
0.0741381 174982 536.277
0.0762152 165637 522.094
0.0783504 157286 512.659
0.0805455 149636 500.787
0.0828021 140500 488.201
0.0851219 131702 472.767
0.0875067 124675 460.987
0.0899583 116250 447.466
0.0924786 108385 432.786
0.0950696 100530 415.131
0.097733 92759.5 401.028
0.100471 86018.7 389.058
0.103286 79851.7 376.065
0.10618 72741.8 356.563
0.109154 67117.4 344.686
0.112213 60502.7 326.061
0.115356 55855.3 317.192
0.118588 49873.1 299.538
0.121911 45634.3 288.215
0.125326 41061.3 274.414
0.128837 37049.6 260.247
0.132447 32631.8 244.842
0.136157 29396.5 234.427
0.139972 25941.6 220.976
0.143894 22628.9 205.447
0.147925 19913.3 190.902
0.152069 17647.9 181.876
0.15633 15203.6 170.155
0.160709 13006.5 157.242
0.165212 11480.8 150.481
0.169841 9743.11 135.75
0.174599 8265.54 125.259
0.17949 7065.99 117.06
0.184519 5908.64 107.665
0.189689 4985.98 98.7834
0.195003 4226.38 92.976
0.200466 3459.98 82.0451
0.206083 2851.47 75.0505
0.211856 2324.63 67.8965
0.217792 1933.79 62.887
0.223893 1476.11 53.2742
0.230166 1280.58 51.1455
0.236615 940.273 42.9728
0.243244 782.184 40.2055
0.250058 601.255 34.5153
0.257064 458.57 27.9325
0.264266 369.707 26.5586
0.27167 278.553 24.4014
0.279281 240.098 23.987
0.287105 146.997 16.9521
0.295149 103.162 13.0125
0.303418 94.9748 12.7652
0.311919 87.2733 14.2223
0.320658 37.5828 7.01701
0.329641 41.4835 10.5882
0.338876 20.6187 4.4639
0.348371 28.8644 10.5561
0.358131 12.1008 4.31601
0.368164 4.0974 1.88403
0.378479 2.5257 1.18021
0.389082 7.78992 3.78087
0.399983 4.58674 2.72081
0.411189 0.983336 0.69578
0.422709 1.84205 1.39007
0.434552 0 0
0.446726 0 0
0.459242 1.02116 1.02116
0.472108 0 0
0.485335 0 0
0.498932 0 0
0.51291 0 0
0.52728 0 0
0.542053 0 0
0.557239 0 0
0.572851 0 0
0.5889 0 0
0.605399 0 0
0.62236 0 0
0.639796 0 0
0.657721 0 0
0.676147 0 0
0.695091 0 0
0.714565 0 0
0.734584 0 0
0.755164 0 0
0.776321 0 0
0.798071 0 0
0.82043 0 0
0.843415 0 0
0.867045 0 0
0.891336 0 0
0.916308 0 0
0.941979 0 0
0.96837 0 0
0.9955 0 0
1.02339 0 0
1.05206 0 0
1.08154 0 0
1.11184 0 0
1.14299 0 0
1.17501 0 0
1.20793 0 0
1.24177 0 0
1.27656 0 0
1.31233 0 0
1.34909 0 0
1.38689 0 0
1.42574 0 0
1.46569 0 0
1.50675 0 0
1.54896 0 0
1.59236 0 0
1.63697 0 0
1.68283 0 0
1.72998 0 0
1.77845 0 0
1.82827 0 0
1.8795 0 0
1.93215 0 0
1.98628 0 0
2.04193 0 0
2.09914 0 0
2.15795 0 0
2.21841 0 0
2.28056 0 0
2.34445 0 0
2.41014 0 0
2.47766 0 0
2.54707 0 0
2.61843 0 0
2.69179 0 0
2.76721 0 0
2.84473 0 0
2.92443 0 0
3.00636 0 0
3.09059 0 0
3.17718 0 0
3.26619 0 0
3.3577 0 0
3.45177 0 0
3.54847 0 0
3.64789 0 0
3.75009 0 0
3.85515 0 0
3.96316 0 0
4.07419 0 0
4.18834 0 0
4.30568 0 0
4.42631 0 0
4.55031 0 0
4.6778 0 0
4.80885 0 0
4.94358 0 0
5.08208 0 0
5.22446 0 0
5.37083 0 0
5.5213 0 0
5.67599 0 0
5.83501 0 0
5.99848 0 0
6.16654 0 0
6.3393 0 0
6.51691 0 0
6.69949 0 0
6.88718 0 0
7.08013 0 0
7.27849 0 0
7.48241 0 0
7.69204 0 0
7.90754 0 0
8.12908 0 0
8.35683 0 0
8.59096 0 0
8.83164 0 0
9.07907 0 0
9.33343 0 0
9.59492 0 0
9.86374 0 0
10.1401 0 0
10.4242 0 0
10.7162 0 0
11.0164 0 0
11.3251 0 0
11.6424 0 0
11.9685 0 0
12.3039 0 0
12.6486 0 0
13.0029 0 0
13.3672 0 0
13.7417 0 0
14.1267 0 0
14.5225 0 0
14.9294 0 0
15.3476 0 0
15.7776 0 0
16.2196 0 0
16.6741 0 0
17.1412 0 0
17.6214 0 0
18.1151 0 0
18.6226 0 0
19.1444 0 0
19.6807 0 0
20.2321 0 0
20.799 0 0
21.3817 0 0
21.9807 0 0
22.5965 0 0
23.2296 0 0
23.8804 0 0
24.5494 0 0
25.2372 0 0
25.9443 0 0
26.6711 0 0
27.4184 0 0
28.1865 0 0
28.9762 0 0
29.788 0 0
30.6226 0 0
31.4805 0 0
32.3625 0 0
33.2691 0 0
34.2012 0 0
35.1594 0 0
36.1444 0 0
37.1571 0 0
38.1981 0 0
39.2682 0 0
40.3684 0 0
41.4994 0 0
42.662 0 0
43.8573 0 0
45.086 0 0
46.3491 0 0
47.6476 0 0
48.9826 0 0
50.3549 0 0
51.7656 0 0
53.2159 0 0
54.7068 0 0
56.2395 0 0
57.8151 0 0
59.4349 0 0
61.1 0 0
62.8118 0 0
64.5716 0 0
66.3806 0 0
68.2404 0 0
70.1522 0 0
72.1176 0 0
74.1381 0 0
76.2152 0 0
78.3504 0 0
80.5455 0 0
82.8021 0 0
85.1219 0 0
87.5067 0 0
89.9583 0 0
92.4786 0 0
95.0696 0 0
97.733 0 0
100.471 0 0
103.286 0 0
106.18 0 0
109.154 0 0
112.213 0 0
115.356 0 0
118.588 0 0
121.911 0 0
125.326 0 0
128.837 0 0
132.447 0 0
136.157 0 0
139.972 0 0
143.894 0 0
147.925 0 0
152.069 0 0
156.33 0 0
160.709 0 0
165.212 0 0
169.841 0 0
174.599 0 0
179.49 0 0
184.519 0 0
189.689 0 0
195.003 0 0
200.466 0 0
206.083 0 0
211.856 0 0
217.792 0 0
223.893 0 0
230.166 0 0
236.615 0 0
243.244 0 0
250.058 0 0
257.064 0 0
264.266 0 0
271.67 0 0
279.281 0 0
287.105 0 0
295.149 0 0
303.418 0 0
311.919 0 0
320.658 0 0
329.641 0 0
338.876 0 0
348.371 0 0
358.131 0 0
368.164 0 0
378.479 0 0
389.082 0 0
399.983 0 0
411.189 0 0
422.709 0 0
434.552 0 0
446.726 0 0
459.242 0 0
472.108 0 0
485.335 0 0
498.932 0 0
512.91 0 0
527.28 0 0
542.053 0 0
557.239 0 0
572.851 0 0
588.9 0 0
605.399 0 0
622.36 0 0
639.796 0 0
657.721 0 0
676.147 0 0
695.091 0 0
714.565 0 0
734.584 0 0
755.164 0 0
776.321 0 0
798.071 0 0
820.43 0 0
843.415 0 0
867.045 0 0
891.336 0 0
916.308 0 0
941.979 0 0
968.37 0 0
995.5 0 0
1023.39 0 0
1052.06 0 0
1081.54 0 0
1111.84 0 0
1142.99 0 0
1175.01 0 0
1207.93 0 0
1241.77 0 0
1276.56 0 0
1312.33 0 0
1349.09 0 0
1386.89 0 0
1425.74 0 0
1465.69 0 0
1506.75 0 0
1548.96 0 0
1592.36 0 0
1636.97 0 0
1682.83 0 0
1729.98 0 0
1778.45 0 0
1828.27 0 0
1879.5 0 0
1932.15 0 0
1986.28 0 0
2041.93 0 0
2099.14 0 0
2157.95 0 0
2218.41 0 0
2280.56 0 0
2344.45 0 0
2410.14 0 0
2477.66 0 0
2547.07 0 0
2618.43 0 0
2691.79 0 0
2767.21 0 0
2844.73 0 0
2924.43 0 0
3006.36 0 0
3090.59 0 0
3177.18 0 0
3266.19 0 0
3357.7 0 0
3451.77 0 0
3548.47 0 0
3647.89 0 0
3750.09 0 0
3855.15 0 0
3963.16 0 0
4074.19 0 0
4188.34 0 0
4305.68 0 0
4426.31 0 0
4550.31 0 0
4677.8 0 0
4808.85 0 0
4943.58 0 0
5082.08 0 0
5224.46 0 0
5370.83 0 0
5521.3 0 0
5675.99 0 0
5835.01 0 0
5998.48 0 0
6166.54 0 0
6339.3 0 0
6516.91 0 0
6699.49 0 0
6887.18 0 0
7080.13 0 0
7278.49 0 0
7482.41 0 0
7692.04 0 0
7907.54 0 0
8129.08 0 0
8356.83 0 0
8590.96 0 0
8831.64 0 0
9079.07 0 0
9333.43 0 0
9594.92 0 0
9863.74 0 0
10140.1 0 0
10424.2 0 0
10716.2 0 0
11016.4 0 0
11325.1 0 0
11642.4 0 0
11968.5 0 0
12303.9 0 0
12648.6 0 0
13002.9 0 0
13367.2 0 0
13741.7 0 0
14126.7 0 0
14522.5 0 0
14929.4 0 0
15347.6 0 0
15777.6 0 0
16219.6 0 0
16674.1 0 0
17141.2 0 0
17621.4 0 0
18115.1 0 0
18622.6 0 0
19144.4 0 0
19680.7 0 0
20232.1 0 0
20799 0 0
21381.7 0 0
21980.7 0 0
22596.5 0 0
23229.6 0 0
23880.4 0 0
24549.4 0 0
25237.2 0 0
25944.3 0 0
26671.1 0 0
27418.4 0 0
28186.5 0 0
28976.2 0 0
29788 0 0
30622.6 0 0
31480.5 0 0
32362.5 0 0
33269.1 0 0
34201.2 0 0
35159.4 0 0
36144.4 0 0
37157.1 0 0
38198.1 0 0
39268.2 0 0
40368.4 0 0
41499.4 0 0
42662 0 0
43857.3 0 0
45086 0 0
46349.1 0 0
47647.6 0 0
48982.6 0 0
50354.9 0 0
51765.6 0 0
53215.9 0 0
54706.8 0 0
56239.5 0 0
57815.1 0 0
59434.9 0 0
61100 0 0
62811.8 0 0
64571.6 0 0
66380.6 0 0
68240.4 0 0
70152.2 0 0
72117.6 0 0
74138.1 0 0
76215.2 0 0
78350.4 0 0
80545.5 0 0
82802.1 0 0
85121.9 0 0
87506.7 0 0
89958.3 0 0
92478.6 0 0
95069.6 0 0
97733 0 0
100471 0 0
103286 0 0
106180 0 0
109154 0 0
112213 0 0
115356 0 0
118588 0 0
121911 0 0
125326 0 0
128837 0 0
132447 0 0
136157 0 0
139972 0 0
143894 0 0
147925 0 0
152069 0 0
156330 0 0
160709 0 0
165212 0 0
169841 0 0
174599 0 0
179490 0 0
184519 0 0
189689 0 0
195003 0 0
200466 0 0
206083 0 0
211856 0 0
217792 0 0
223893 0 0
230166 0 0
236615 0 0
243244 0 0
250058 0 0
257064 0 0
264266 0 0
271670 0 0
279281 0 0
287105 0 0
295149 0 0
303418 0 0
311919 0 0
320658 0 0
329641 0 0
338876 0 0
348371 0 0
358131 0 0
368164 0 0
378479 0 0
389082 0 0
399983 0 0
411189 0 0
422709 0 0
434552 0 0
446726 0 0
459242 0 0
472108 0 0
485335 0 0
498932 0 0
512910 0 0
527280 0 0
542053 0 0
557239 0 0
572851 0 0
588900 0 0
605399 0 0
622360 0 0
639796 0 0
657721 0 0
676147 0 0
695091 0 0
714565 0 0
734584 0 0
755164 0 0
776321 0 0
798071 0 0
820430 0 0
843415 0 0
867045 0 0
891336 0 0
916308 0 0
941979 0 0
968370 0 0
995500 0 0
1.02339e+06 0 0
1.05206e+06 0 0
1.08154e+06 0 0
1.11184e+06 0 0
1.14299e+06 0 0
1.17501e+06 0 0
1.20793e+06 0 0
1.24177e+06 0 0
1.27656e+06 0 0
1.31233e+06 0 0
1.34909e+06 0 0
1.38689e+06 0 0
1.42574e+06 0 0
1.46569e+06 0 0
1.50675e+06 0 0
1.54896e+06 0 0
1.59236e+06 0 0
1.63697e+06 0 0
1.68283e+06 0 0
1.72998e+06 0 0
1.77845e+06 0 0
1.82827e+06 0 0
1.8795e+06 0 0
1.93215e+06 0 0
1.98628e+06 0 0
2.04193e+06 0 0
2.09914e+06 0 0
2.15795e+06 0 0
2.21841e+06 0 0
2.28056e+06 0 0
2.34445e+06 0 0
2.41014e+06 0 0
2.47766e+06 0 0
2.54707e+06 0 0
2.61843e+06 0 0
2.69179e+06 0 0
2.76721e+06 0 0
2.84473e+06 0 0
2.92443e+06 0 0
3.00636e+06 0 0
3.09059e+06 0 0
3.17718e+06 0 0
3.26619e+06 0 0
3.3577e+06 0 0
3.45177e+06 0 0
3.54847e+06 0 0
3.64789e+06 0 0
3.75009e+06 0 0
3.85515e+06 0 0
3.96316e+06 0 0
4.07419e+06 0 0
4.18834e+06 0 0
4.30568e+06 0 0
4.42631e+06 0 0
4.55031e+06 0 0
4.6778e+06 0 0
4.80885e+06 0 0
4.94358e+06 0 0
5.08208e+06 0 0
5.22446e+06 0 0
5.37083e+06 0 0
5.5213e+06 0 0
5.67599e+06 0 0
5.83501e+06 0 0
5.99848e+06 0 0
6.16654e+06 0 0
6.3393e+06 0 0
6.51691e+06 0 0
6.69949e+06 0 0
6.88718e+06 0 0
7.08013e+06 0 0
7.27849e+06 0 0
7.48241e+06 0 0
7.69204e+06 0 0
7.90754e+06 0 0
8.12908e+06 0 0
8.35683e+06 0 0
8.59096e+06 0 0
8.83164e+06 0 0
9.07907e+06 0 0
9.33343e+06 0 0
9.59492e+06 0 0
9.86374e+06 0 0
