1.01401e-05 18.1489 1.17636
1.04242e-05 18.5094 1.11071
1.07162e-05 19.8326 1.13499
1.10164e-05 21.2792 1.22472
1.13251e-05 21.3596 1.27241
1.16424e-05 22.3724 1.27747
1.19685e-05 25.3194 1.38764
1.23039e-05 25.8012 1.38165
1.26486e-05 28.0599 1.46256
1.30029e-05 27.1477 1.43661
1.33672e-05 29.5818 1.54175
1.37417e-05 27.609 1.43397
1.41267e-05 29.0142 1.51582
1.45225e-05 30.1684 1.51984
1.49294e-05 32.4812 1.68151
1.53476e-05 35.5972 1.71279
1.57776e-05 36.674 1.76707
1.62196e-05 38.8975 1.7975
1.66741e-05 38.7943 1.91898
1.71412e-05 40.6625 1.89042
1.76214e-05 38.5587 1.77495
1.81151e-05 42.6056 1.91587
1.86226e-05 48.4756 2.16134
1.91444e-05 47.2837 2.09971
1.96807e-05 46.8686 2.03549
2.02321e-05 55.6362 2.35907
2.0799e-05 55.3807 2.38997
2.13817e-05 58.0098 2.43081
2.19807e-05 60.5145 2.536
2.25965e-05 61.3921 2.43216
2.32296e-05 69.8161 2.67774
2.38804e-05 67.3994 2.63305
2.45494e-05 72.4413 2.77021
2.52372e-05 70.7031 2.72292
2.59443e-05 72.8521 2.82246
2.66711e-05 83.3299 3.10851
2.74184e-05 85.429 3.04835
2.81865e-05 85.0665 3.13552
2.89762e-05 89.5597 3.26329
2.9788e-05 93.1873 3.28288
3.06226e-05 99.9588 3.46453
3.14805e-05 105.798 3.51306
3.23625e-05 107.211 3.61896
3.32691e-05 110.923 3.7158
3.42012e-05 116.75 3.73294
3.51594e-05 118.118 3.87994
3.61444e-05 119.125 3.90589
3.71571e-05 129.71 4.11522
3.81981e-05 133.047 4.08177
3.92682e-05 139.52 4.28368
4.03684e-05 146.891 4.41024
4.14994e-05 151.792 4.64384
4.2662e-05 158.397 4.57924
4.38573e-05 170.092 5.05666
4.5086e-05 172.924 4.91273
4.63491e-05 186.815 5.23001
4.76476e-05 184.369 5.13722
4.89826e-05 198.165 5.32457
5.03549e-05 209.295 5.65391
5.17656e-05 209.895 5.59847
5.32159e-05 220.36 5.70832
5.47068e-05 219.271 5.80981
5.62395e-05 240.683 6.12382
5.78151e-05 255.716 6.43327
5.94349e-05 261.397 6.54712
6.11e-05 276.319 6.8071
6.28118e-05 292.228 7.08422
6.45716e-05 304.606 7.15363
6.63806e-05 317.548 7.44958
6.82404e-05 319.287 7.36771
7.01522e-05 343.941 7.96402
7.21176e-05 348.948 7.86102
7.41381e-05 367.434 8.11254
7.62152e-05 371.8 8.07146
7.83504e-05 398.646 8.60375
8.05455e-05 403.009 8.75708
8.28021e-05 428.129 8.89421
8.51219e-05 446.954 9.4874
8.75067e-05 460.899 9.47065
8.99583e-05 484.617 9.73805
9.24786e-05 500.951 9.90103
9.50696e-05 529.71 10.2431
9.7733e-05 549.982 10.6273
0.000100471 566.919 10.8457
0.000103286 579.718 10.9988
0.00010618 604.531 11.2871
0.000109154 650.907 11.8355
0.000112213 685.018 11.9828
0.000115356 714.676 12.5264
0.000118588 722.191 12.5062
0.000121911 766.222 13.1791
0.000125326 811.812 13.7717
0.000128837 814.643 13.8641
0.000132447 854.446 14.2394
0.000136157 913.813 14.8484
0.000139972 921.567 14.7212
0.000143894 958.559 15.1708
0.000147925 1038.51 16.0634
0.000152069 1019.04 16.0849
0.00015633 1101.99 16.7304
0.000160709 1149.39 17.1319
0.000165212 1194.53 17.5424
0.000169841 1284.46 18.5317
0.000174599 1320.62 18.6436
0.00017949 1364.9 19.1737
0.000184519 1413.57 19.644
0.000189689 1467.64 20.3595
0.000195003 1569.47 21.223
0.000200466 1601.34 21.3445
0.000206083 1638.23 21.4312
0.000211856 1736.61 22.4242
0.000217792 1769.86 22.7353
0.000223893 1850.7 23.5088
0.000230166 1916.87 23.8029
0.000236615 2030.5 24.8434
0.000243244 2111.8 25.5262
0.000250058 2197.19 25.9591
0.000257064 2342.18 27.0234
0.000264266 2355.24 27.428
0.00027167 2418.09 27.8195
0.000279281 2598.89 29.0529
0.000287105 2662.55 29.4011
0.000295149 2800.76 30.7367
0.000303418 2933.94 31.241
0.000311919 2983.23 31.829
0.000320658 3160.77 33.0485
0.000329641 3227.23 33.3138
0.000338876 3455.35 34.9625
0.000348371 3551.65 35.8148
0.000358131 3658.4 35.9493
0.000368164 3816.14 37.158
0.000378479 3987.41 37.9193
0.000389082 4152.14 39.0556
0.000399983 4257.31 39.6717
0.000411189 4487.73 40.937
0.000422709 4645.35 41.8014
0.000434552 4934.33 43.8854
0.000446726 5038.04 44.4475
0.000459242 5175.87 44.8805
0.000472108 5420.58 46.4875
0.000485335 5646.33 47.6976
0.000498932 5897.76 49.023
0.00051291 6103.53 49.9417
0.00052728 6408.88 51.3596
0.000542053 6493.13 52.1894
0.000557239 6805.8 53.5825
0.000572851 7166.87 55.2352
0.0005889 7314.85 55.9834
0.000605399 7822.22 58.4739
0.00062236 7995.46 59.783
0.000639796 8224.98 60.3601
0.000657721 8683.6 62.35
0.000676147 8992.14 63.9339
0.000695091 9134.34 64.4635
0.000714565 9694.94 67.129
0.000734584 10078.3 68.3734
0.000755164 10532.3 70.6489
0.000776321 10732.1 71.4332
0.000798071 11372.2 73.7164
0.00082043 11699.8 75.2245
0.000843415 12181.3 77.4255
0.000867045 12510.3 78.6094
0.000891336 13151.1 80.9719
0.000916308 13601.9 82.7127
0.000941979 14141.5 84.9792
0.00096837 14601.2 86.9964
0.0009955 15295.1 89.0045
0.00102339 15714.6 90.6102
0.00105206 16525.4 93.5591
0.00108154 17139.5 96.2301
0.00111184 17712.7 97.6601
0.00114299 18196.1 99.0454
0.00117501 19129.5 102.707
0.00120793 19643.7 104.369
0.00124177 20355.1 106.25
0.00127656 21107 108.933
0.00131233 21978.2 111.728
0.00134909 22742.4 114.047
0.00138689 23687.9 117.113
0.00142574 24475.9 119.198
0.00146569 25547.7 122.559
0.00150675 26427 125.145
0.00154896 27311 127.997
0.00159236 28086.9 130.242
0.00163697 29745.9 135.285
0.00168283 30330.1 136.899
0.00172998 31511.5 140.143
0.00177845 32298.3 141.998
0.00182827 33691.3 146.15
0.0018795 35158.6 149.998
0.00193215 35945.8 151.37
0.00198628 37545.3 156.829
0.00204193 38912.6 159.823
0.00209914 40351.9 163.744
0.00215795 41447.9 165.524
0.00221841 43419 171.162
0.00228056 44928.1 175.387
0.00234445 46234.6 178.344
0.00241014 47584 181.079
0.00247766 49190.2 184.545
0.00254707 50931.8 188.533
0.00261843 52682.4 193.482
0.00269179 54935.6 198.002
0.00276721 56720.4 202.476
0.00284473 58526.3 206.725
0.00292443 60620.7 211.504
0.00300636 62773.6 215.779
0.00309059 64325.6 219.059
0.00317718 66555.4 223.467
0.00326619 68810.1 228.747
0.0033577 71517.4 234.169
0.00345177 73960.8 238.93
0.00354847 76169.5 243.29
0.00364789 78684.9 248.892
0.00375009 81030.8 252.979
0.00385515 83847.1 259.047
0.00396316 86479.2 263.387
0.00407419 89518.6 269.592
0.00418834 91969.6 274.276
0.00430568 94976 280.124
0.00442631 97623.5 285.188
0.00455031 101124 291.278
0.0046778 104382 297.785
0.00480885 106928 302.264
0.00494358 110493 308.467
0.00508208 113969 314.585
0.00522446 117026 320.133
0.00537083 120663 325.686
0.0055213 124381 331.662
0.00567599 128059 337.798
0.00583501 131737 345.037
0.00599848 135301 349.879
0.00616654 139276 357.045
0.0063393 143975 364.367
0.00651691 148124 372.01
0.00669949 151744 377.376
0.00688718 155982 384.117
0.00708013 161155 392.445
0.00727849 165082 397.758
0.00748241 169989 406.426
0.00769204 174116 412.488
0.00790754 178298 420.404
0.00812908 182467 424.65
0.00835683 188497 435.618
0.00859096 192965 442.308
0.00883164 198000 448.981
0.00907907 202653 455.742
0.00933343 207692 463.361
0.00959492 212957 472.221
0.00986374 217617 476.766
0.0101401 222329 483.932
0.0104242 227906 491.856
0.0107162 232828 500.11
0.0110164 239481 509.333
0.0113251 244651 517.5
0.0116424 248864 522
0.0119685 255060 532.277
0.0123039 260094 538.965
0.0126486 264944 545.318
0.0130029 270655 553.833
0.0133672 275283 560.248
0.0137417 280259 566.715
0.0141267 285984 575.03
0.0145225 293717 585.966
0.0149294 297659 591.551
0.0153476 302005 599.173
0.0157776 308040 607.495
0.0162196 312988 615.004
0.0166741 317327 621.053
0.0171412 323263 629.027
0.0176214 327683 635.135
0.0181151 331388 643.162
0.0186226 336284 648.436
0.0191444 340475 654.595
0.0196807 344193 660.474
0.0202321 348285 666.707
0.020799 351490 672.055
0.0213817 356244 679.96
0.0219807 360574 687.82
0.0225965 361808 688.834
0.0232296 365893 696.852
0.0238804 368457 701.567
0.0245494 371005 705.595
0.0252372 372661 708.836
0.0259443 374029 715.114
0.0266711 377422 719.657
0.0274184 377677 720.86
0.0281865 379013 726.711
0.0289762 379281 729.597
0.029788 380323 734.703
0.0306226 378401 732.258
0.0314805 377145 734.144
0.0323625 377401 737.518
0.0332691 376856 741.166
0.0342012 373940 739.926
0.0351594 373059 741.937
0.0361444 369400 741.227
0.0371571 367797 739.75
0.0381981 363190 735.984
0.0392682 360257 737.217
0.0403684 356070 733.723
0.0414994 351029 732.761
0.042662 346491 730.388
0.0438573 341024 727.787
0.045086 334956 723.348
0.0463491 329898 719.897
0.0476476 323175 716.754
0.0489826 317346 711.183
0.0503549 309537 702.647
0.0517656 302413 698.637
0.0532159 295649 694.316
0.0547068 287301 684.081
0.0562395 278080 675.824
0.0578151 269868 667.902
0.0594349 262630 661.347
0.0611 253021 651.644
0.0628118 244411 640.06
0.0645716 233607 628.794
0.0663806 224833 617.873
0.0682404 215266 606.033
0.0701522 206713 597.623
0.0721176 196409 582.782
0.0741381 188500 574.073
0.0762152 178469 560.798
0.0783504 169945 551.117
0.0805455 160587 535.549
0.0828021 152179 525.044
0.0851219 142544 507.706
0.0875067 134117 494.805
0.0899583 125095 476.442
0.0924786 116110 461.143
0.0950696 108715 448.144
0.097733 100546 429.353
0.100471 92848.8 412.425
0.103286 85453.6 399.887
0.10618 78830.3 383.378
0.109154 72611.2 371.142
0.112213 65662.3 350.635
0.115356 60285.7 338.261
0.118588 54745.1 325.999
0.121911 48867.7 306.422
0.125326 44594.3 296.159
0.128837 39968.7 281.649
0.132447 35654 263.633
0.136157 31640.9 248.837
0.139972 27808.8 235.132
0.143894 24033 216.492
0.147925 21224.5 204.152
0.152069 18829.8 195.446
0.15633 16361.7 178.736
0.160709 14524.5 171.778
0.165212 12227.3 155.14
0.169841 10612.1 147.488
0.174599 8986.27 134.107
0.17949 7304.19 118.939
0.184519 6413.9 115.634
0.189689 5548.24 107.06
0.195003 4521.7 95.9674
0.200466 3861.54 93.8827
0.206083 3068.73 82.506
0.211856 2658.7 76.9065
0.217792 2011.66 64.216
0.223893 1560.01 56.9122
0.230166 1301.15 50.0064
0.236615 1075.69 47.9733
0.243244 858.09 44.9563
0.250058 644.828 40.323
0.257064 505.58 32.0656
0.264266 406.27 32.4849
0.27167 303.401 26.4885
0.279281 225.001 23.4029
0.287105 193.872 22.8436
0.295149 174.081 21.2007
0.303418 96.152 14.6083
0.311919 80.1303 14.9976
0.320658 49.8108 11.279
0.329641 52.2764 11.9136
0.338876 36.4875 8.32051
0.348371 13.6365 4.76487
0.358131 13.1496 4.1349
0.368164 4.92921 2.40122
0.378479 2.32203 1.1896
0.389082 15.1555 7.14708
0.399983 1.65822 1.65822
0.411189 1.45067 1.45067
0.422709 1.09664 0.778991
0.434552 0 0
0.446726 0.580388 0.580388
0.459242 0 0
0.472108 0 0
0.485335 0 0
0.498932 0 0
0.51291 0 0
0.52728 0 0
0.542053 0 0
0.557239 0 0
0.572851 0 0
0.5889 0 0
0.605399 0 0
0.62236 0 0
0.639796 0 0
0.657721 0 0
0.676147 0 0
0.695091 0 0
0.714565 0 0
0.734584 0 0
0.755164 0 0
0.776321 0 0
0.798071 0 0
0.82043 0 0
0.843415 0 0
0.867045 0 0
0.891336 0 0
0.916308 0 0
0.941979 0 0
0.96837 0 0
0.9955 0 0
1.02339 0 0
1.05206 0 0
1.08154 0 0
1.11184 0 0
1.14299 0 0
1.17501 0 0
1.20793 0 0
1.24177 0 0
1.27656 0 0
1.31233 0 0
1.34909 0 0
1.38689 0 0
1.42574 0 0
1.46569 0 0
1.50675 0 0
1.54896 0 0
1.59236 0 0
1.63697 0 0
1.68283 0 0
1.72998 0 0
1.77845 0 0
1.82827 0 0
1.8795 0 0
1.93215 0 0
1.98628 0 0
2.04193 0 0
2.09914 0 0
2.15795 0 0
2.21841 0 0
2.28056 0 0
2.34445 0 0
2.41014 0 0
2.47766 0 0
2.54707 0 0
2.61843 0 0
2.69179 0 0
2.76721 0 0
2.84473 0 0
2.92443 0 0
3.00636 0 0
3.09059 0 0
3.17718 0 0
3.26619 0 0
3.3577 0 0
3.45177 0 0
3.54847 0 0
3.64789 0 0
3.75009 0 0
3.85515 0 0
3.96316 0 0
4.07419 0 0
4.18834 0 0
4.30568 0 0
4.42631 0 0
4.55031 0 0
4.6778 0 0
4.80885 0 0
4.94358 0 0
5.08208 0 0
5.22446 0 0
5.37083 0 0
5.5213 0 0
5.67599 0 0
5.83501 0 0
5.99848 0 0
6.16654 0 0
6.3393 0 0
6.51691 0 0
6.69949 0 0
6.88718 0 0
7.08013 0 0
7.27849 0 0
7.48241 0 0
7.69204 0 0
7.90754 0 0
8.12908 0 0
8.35683 0 0
8.59096 0 0
8.83164 0 0
9.07907 0 0
9.33343 0 0
9.59492 0 0
9.86374 0 0
10.1401 0 0
10.4242 0 0
10.7162 0 0
11.0164 0 0
11.3251 0 0
11.6424 0 0
11.9685 0 0
12.3039 0 0
12.6486 0 0
13.0029 0 0
13.3672 0 0
13.7417 0 0
14.1267 0 0
14.5225 0 0
14.9294 0 0
15.3476 0 0
15.7776 0 0
16.2196 0 0
16.6741 0 0
17.1412 0 0
17.6214 0 0
18.1151 0 0
18.6226 0 0
19.1444 0 0
19.6807 0 0
20.2321 0 0
20.799 0 0
21.3817 0 0
21.9807 0 0
22.5965 0 0
23.2296 0 0
23.8804 0 0
24.5494 0 0
25.2372 0 0
25.9443 0 0
26.6711 0 0
27.4184 0 0
28.1865 0 0
28.9762 0 0
29.788 0 0
30.6226 0 0
31.4805 0 0
32.3625 0 0
33.2691 0 0
34.2012 0 0
35.1594 0 0
36.1444 0 0
37.1571 0 0
38.1981 0 0
39.2682 0 0
40.3684 0 0
41.4994 0 0
42.662 0 0
43.8573 0 0
45.086 0 0
46.3491 0 0
47.6476 0 0
48.9826 0 0
50.3549 0 0
51.7656 0 0
53.2159 0 0
54.7068 0 0
56.2395 0 0
57.8151 0 0
59.4349 0 0
61.1 0 0
62.8118 0 0
64.5716 0 0
66.3806 0 0
68.2404 0 0
70.1522 0 0
72.1176 0 0
74.1381 0 0
76.2152 0 0
78.3504 0 0
80.5455 0 0
82.8021 0 0
85.1219 0 0
87.5067 0 0
89.9583 0 0
92.4786 0 0
95.0696 0 0
97.733 0 0
100.471 0 0
103.286 0 0
106.18 0 0
109.154 0 0
112.213 0 0
115.356 0 0
118.588 0 0
121.911 0 0
125.326 0 0
128.837 0 0
132.447 0 0
136.157 0 0
139.972 0 0
143.894 0 0
147.925 0 0
152.069 0 0
156.33 0 0
160.709 0 0
165.212 0 0
169.841 0 0
174.599 0 0
179.49 0 0
184.519 0 0
189.689 0 0
195.003 0 0
200.466 0 0
206.083 0 0
211.856 0 0
217.792 0 0
223.893 0 0
230.166 0 0
236.615 0 0
243.244 0 0
250.058 0 0
257.064 0 0
264.266 0 0
271.67 0 0
279.281 0 0
287.105 0 0
295.149 0 0
303.418 0 0
311.919 0 0
320.658 0 0
329.641 0 0
338.876 0 0
348.371 0 0
358.131 0 0
368.164 0 0
378.479 0 0
389.082 0 0
399.983 0 0
411.189 0 0
422.709 0 0
434.552 0 0
446.726 0 0
459.242 0 0
472.108 0 0
485.335 0 0
498.932 0 0
512.91 0 0
527.28 0 0
542.053 0 0
557.239 0 0
572.851 0 0
588.9 0 0
605.399 0 0
622.36 0 0
639.796 0 0
657.721 0 0
676.147 0 0
695.091 0 0
714.565 0 0
734.584 0 0
755.164 0 0
776.321 0 0
798.071 0 0
820.43 0 0
843.415 0 0
867.045 0 0
891.336 0 0
916.308 0 0
941.979 0 0
968.37 0 0
995.5 0 0
1023.39 0 0
1052.06 0 0
1081.54 0 0
1111.84 0 0
1142.99 0 0
1175.01 0 0
1207.93 0 0
1241.77 0 0
1276.56 0 0
1312.33 0 0
1349.09 0 0
1386.89 0 0
1425.74 0 0
1465.69 0 0
1506.75 0 0
1548.96 0 0
1592.36 0 0
1636.97 0 0
1682.83 0 0
1729.98 0 0
1778.45 0 0
1828.27 0 0
1879.5 0 0
1932.15 0 0
1986.28 0 0
2041.93 0 0
2099.14 0 0
2157.95 0 0
2218.41 0 0
2280.56 0 0
2344.45 0 0
2410.14 0 0
2477.66 0 0
2547.07 0 0
2618.43 0 0
2691.79 0 0
2767.21 0 0
2844.73 0 0
2924.43 0 0
3006.36 0 0
3090.59 0 0
3177.18 0 0
3266.19 0 0
3357.7 0 0
3451.77 0 0
3548.47 0 0
3647.89 0 0
3750.09 0 0
3855.15 0 0
3963.16 0 0
4074.19 0 0
4188.34 0 0
4305.68 0 0
4426.31 0 0
4550.31 0 0
4677.8 0 0
4808.85 0 0
4943.58 0 0
5082.08 0 0
5224.46 0 0
5370.83 0 0
5521.3 0 0
5675.99 0 0
5835.01 0 0
5998.48 0 0
6166.54 0 0
6339.3 0 0
6516.91 0 0
6699.49 0 0
6887.18 0 0
7080.13 0 0
7278.49 0 0
7482.41 0 0
7692.04 0 0
7907.54 0 0
8129.08 0 0
8356.83 0 0
8590.96 0 0
8831.64 0 0
9079.07 0 0
9333.43 0 0
9594.92 0 0
9863.74 0 0
10140.1 0 0
10424.2 0 0
10716.2 0 0
11016.4 0 0
11325.1 0 0
11642.4 0 0
11968.5 0 0
12303.9 0 0
12648.6 0 0
13002.9 0 0
13367.2 0 0
13741.7 0 0
14126.7 0 0
14522.5 0 0
14929.4 0 0
15347.6 0 0
15777.6 0 0
16219.6 0 0
16674.1 0 0
17141.2 0 0
17621.4 0 0
18115.1 0 0
18622.6 0 0
19144.4 0 0
19680.7 0 0
20232.1 0 0
20799 0 0
21381.7 0 0
21980.7 0 0
22596.5 0 0
23229.6 0 0
23880.4 0 0
24549.4 0 0
25237.2 0 0
25944.3 0 0
26671.1 0 0
27418.4 0 0
28186.5 0 0
28976.2 0 0
29788 0 0
30622.6 0 0
31480.5 0 0
32362.5 0 0
33269.1 0 0
34201.2 0 0
35159.4 0 0
36144.4 0 0
37157.1 0 0
38198.1 0 0
39268.2 0 0
40368.4 0 0
41499.4 0 0
42662 0 0
43857.3 0 0
45086 0 0
46349.1 0 0
47647.6 0 0
48982.6 0 0
50354.9 0 0
51765.6 0 0
53215.9 0 0
54706.8 0 0
56239.5 0 0
57815.1 0 0
59434.9 0 0
61100 0 0
62811.8 0 0
64571.6 0 0
66380.6 0 0
68240.4 0 0
70152.2 0 0
72117.6 0 0
74138.1 0 0
76215.2 0 0
78350.4 0 0
80545.5 0 0
82802.1 0 0
85121.9 0 0
87506.7 0 0
89958.3 0 0
92478.6 0 0
95069.6 0 0
97733 0 0
100471 0 0
103286 0 0
106180 0 0
109154 0 0
112213 0 0
115356 0 0
118588 0 0
121911 0 0
125326 0 0
128837 0 0
132447 0 0
136157 0 0
139972 0 0
143894 0 0
147925 0 0
152069 0 0
156330 0 0
160709 0 0
165212 0 0
169841 0 0
174599 0 0
179490 0 0
184519 0 0
189689 0 0
195003 0 0
200466 0 0
206083 0 0
211856 0 0
217792 0 0
223893 0 0
230166 0 0
236615 0 0
243244 0 0
250058 0 0
257064 0 0
264266 0 0
271670 0 0
279281 0 0
287105 0 0
295149 0 0
303418 0 0
311919 0 0
320658 0 0
329641 0 0
338876 0 0
348371 0 0
358131 0 0
368164 0 0
378479 0 0
389082 0 0
399983 0 0
411189 0 0
422709 0 0
434552 0 0
446726 0 0
459242 0 0
472108 0 0
485335 0 0
498932 0 0
512910 0 0
527280 0 0
542053 0 0
557239 0 0
572851 0 0
588900 0 0
605399 0 0
622360 0 0
639796 0 0
657721 0 0
676147 0 0
695091 0 0
714565 0 0
734584 0 0
755164 0 0
776321 0 0
798071 0 0
820430 0 0
843415 0 0
867045 0 0
891336 0 0
916308 0 0
941979 0 0
968370 0 0
995500 0 0
1.02339e+06 0 0
1.05206e+06 0 0
1.08154e+06 0 0
1.11184e+06 0 0
1.14299e+06 0 0
1.17501e+06 0 0
1.20793e+06 0 0
1.24177e+06 0 0
1.27656e+06 0 0
1.31233e+06 0 0
1.34909e+06 0 0
1.38689e+06 0 0
1.42574e+06 0 0
1.46569e+06 0 0
1.50675e+06 0 0
1.54896e+06 0 0
1.59236e+06 0 0
1.63697e+06 0 0
1.68283e+06 0 0
1.72998e+06 0 0
1.77845e+06 0 0
1.82827e+06 0 0
1.8795e+06 0 0
1.93215e+06 0 0
1.98628e+06 0 0
2.04193e+06 0 0
2.09914e+06 0 0
2.15795e+06 0 0
2.21841e+06 0 0
2.28056e+06 0 0
2.34445e+06 0 0
2.41014e+06 0 0
2.47766e+06 0 0
2.54707e+06 0 0
2.61843e+06 0 0
2.69179e+06 0 0
2.76721e+06 0 0
2.84473e+06 0 0
2.92443e+06 0 0
3.00636e+06 0 0
3.09059e+06 0 0
3.17718e+06 0 0
3.26619e+06 0 0
3.3577e+06 0 0
3.45177e+06 0 0
3.54847e+06 0 0
3.64789e+06 0 0
3.75009e+06 0 0
3.85515e+06 0 0
3.96316e+06 0 0
4.07419e+06 0 0
4.18834e+06 0 0
4.30568e+06 0 0
4.42631e+06 0 0
4.55031e+06 0 0
4.6778e+06 0 0
4.80885e+06 0 0
4.94358e+06 0 0
5.08208e+06 0 0
5.22446e+06 0 0
5.37083e+06 0 0
5.5213e+06 0 0
5.67599e+06 0 0
5.83501e+06 0 0
5.99848e+06 0 0
6.16654e+06 0 0
6.3393e+06 0 0
6.51691e+06 0 0
6.69949e+06 0 0
6.88718e+06 0 0
7.08013e+06 0 0
7.27849e+06 0 0
7.48241e+06 0 0
7.69204e+06 0 0
7.90754e+06 0 0
8.12908e+06 0 0
8.35683e+06 0 0
8.59096e+06 0 0
8.83164e+06 0 0
9.07907e+06 0 0
9.33343e+06 0 0
9.59492e+06 0 0
9.86374e+06 0 0
