1.01401e-05 0 0
1.04242e-05 0 0
1.07162e-05 0 0
1.10164e-05 0 0
1.13251e-05 0 0
1.16424e-05 0 0
1.19685e-05 0 0
1.23039e-05 0 0
1.26486e-05 0 0
1.30029e-05 0 0
1.33672e-05 0 0
1.37417e-05 0 0
1.41267e-05 0 0
1.45225e-05 0 0
1.49294e-05 0 0
1.53476e-05 0 0
1.57776e-05 0 0
1.62196e-05 0 0
1.66741e-05 0 0
1.71412e-05 0 0
1.76214e-05 0 0
1.81151e-05 0 0
1.86226e-05 0 0
1.91444e-05 0 0
1.96807e-05 0 0
2.02321e-05 0 0
2.0799e-05 0 0
2.13817e-05 0 0
2.19807e-05 0 0
2.25965e-05 0 0
2.32296e-05 0 0
2.38804e-05 0 0
2.45494e-05 0 0
2.52372e-05 0 0
2.59443e-05 0 0
2.66711e-05 0 0
2.74184e-05 0 0
2.81865e-05 0 0
2.89762e-05 0 0
2.9788e-05 0 0
3.06226e-05 0 0
3.14805e-05 0 0
3.23625e-05 0 0
3.32691e-05 0 0
3.42012e-05 0 0
3.51594e-05 0 0
3.61444e-05 0 0
3.71571e-05 0 0
3.81981e-05 0 0
3.92682e-05 0 0
4.03684e-05 0 0
4.14994e-05 0 0
4.2662e-05 0 0
4.38573e-05 0 0
4.5086e-05 0 0
4.63491e-05 0 0
4.76476e-05 0 0
4.89826e-05 0 0
5.03549e-05 0 0
5.17656e-05 0 0
5.32159e-05 0 0
5.47068e-05 0 0
5.62395e-05 0 0
5.78151e-05 0 0
5.94349e-05 0 0
6.11e-05 0 0
6.28118e-05 0 0
6.45716e-05 0 0
6.63806e-05 0 0
6.82404e-05 0 0
7.01522e-05 0 0
7.21176e-05 0 0
7.41381e-05 0 0
7.62152e-05 0 0
7.83504e-05 0 0
8.05455e-05 0 0
8.28021e-05 0 0
8.51219e-05 0 0
8.75067e-05 0 0
8.99583e-05 0 0
9.24786e-05 0 0
9.50696e-05 0 0
9.7733e-05 0 0
0.000100471 0 0
0.000103286 0 0
0.00010618 0 0
0.000109154 0 0
0.000112213 0 0
0.000115356 0 0
0.000118588 0 0
0.000121911 0 0
0.000125326 0 0
0.000128837 0 0
0.000132447 0 0
0.000136157 0 0
0.000139972 0 0
0.000143894 0 0
0.000147925 0 0
0.000152069 0 0
0.00015633 0 0
0.000160709 0 0
0.000165212 0 0
0.000169841 0 0
0.000174599 0 0
0.00017949 0 0
0.000184519 0 0
0.000189689 0 0
0.000195003 0 0
0.000200466 0 0
0.000206083 0 0
0.000211856 0 0
0.000217792 0 0
0.000223893 0 0
0.000230166 0 0
0.000236615 0 0
0.000243244 0 0
0.000250058 0 0
0.000257064 0 0
0.000264266 0 0
0.00027167 0 0
0.000279281 0 0
0.000287105 0 0
0.000295149 0 0
0.000303418 0 0
0.000311919 0 0
0.000320658 0 0
0.000329641 0 0
0.000338876 0 0
0.000348371 0 0
0.000358131 0 0
0.000368164 0 0
0.000378479 0 0
0.000389082 0 0
0.000399983 0 0
0.000411189 0 0
0.000422709 0 0
0.000434552 0 0
0.000446726 0 0
0.000459242 0 0
0.000472108 0 0
0.000485335 0 0
0.000498932 0 0
0.00051291 0 0
0.00052728 0 0
0.000542053 0 0
0.000557239 0 0
0.000572851 0 0
0.0005889 0 0
0.000605399 0 0
0.00062236 0 0
0.000639796 0 0
0.000657721 0 0
0.000676147 0 0
0.000695091 0 0
0.000714565 0 0
0.000734584 0 0
0.000755164 0 0
0.000776321 0 0
0.000798071 0 0
0.00082043 0 0
0.000843415 0 0
0.000867045 0 0
0.000891336 0 0
0.000916308 0 0
0.000941979 0 0
0.00096837 0 0
0.0009955 0 0
0.00102339 0 0
0.00105206 0 0
0.00108154 0 0
0.00111184 0 0
0.00114299 0 0
0.00117501 0 0
0.00120793 0 0
0.00124177 0 0
0.00127656 0 0
0.00131233 0 0
0.00134909 0 0
0.00138689 0 0
0.00142574 0 0
0.00146569 0 0
0.00150675 0 0
0.00154896 0 0
0.00159236 0 0
0.00163697 0 0
0.00168283 0 0
0.00172998 0 0
0.00177845 0 0
0.00182827 0 0
0.0018795 0 0
0.00193215 0 0
0.00198628 0 0
0.00204193 0 0
0.00209914 0 0
0.00215795 0 0
0.00221841 0 0
0.00228056 0 0
0.00234445 0 0
0.00241014 0 0
0.00247766 0 0
0.00254707 0 0
0.00261843 0 0
0.00269179 0 0
0.00276721 0 0
0.00284473 0 0
0.00292443 0 0
0.00300636 0 0
0.00309059 0 0
0.00317718 0 0
0.00326619 0 0
0.0033577 0 0
0.00345177 0 0
0.00354847 0 0
0.00364789 0 0
0.00375009 0 0
0.00385515 0 0
0.00396316 0 0
0.00407419 0 0
0.00418834 0 0
0.00430568 0 0
0.00442631 0 0
0.00455031 0 0
0.0046778 0 0
0.00480885 0 0
0.00494358 0 0
0.00508208 0 0
0.00522446 0 0
0.00537083 0 0
0.0055213 0 0
0.00567599 0 0
0.00583501 0 0
0.00599848 0 0
0.00616654 0 0
0.0063393 0 0
0.00651691 0 0
0.00669949 0 0
0.00688718 0 0
0.00708013 0 0
0.00727849 0 0
0.00748241 0 0
0.00769204 0 0
0.00790754 0 0
0.00812908 0 0
0.00835683 0 0
0.00859096 0 0
0.00883164 0 0
0.00907907 0 0
0.00933343 0 0
0.00959492 0 0
0.00986374 0 0
0.0101401 0 0
0.0104242 0 0
0.0107162 0 0
0.0110164 0 0
0.0113251 0 0
0.0116424 0 0
0.0119685 0 0
0.0123039 0 0
0.0126486 0 0
0.0130029 0 0
0.0133672 0 0
0.0137417 0 0
0.0141267 0 0
0.0145225 0 0
0.0149294 0 0
0.0153476 0 0
0.0157776 0 0
0.0162196 0 0
0.0166741 0 0
0.0171412 0 0
0.0176214 0 0
0.0181151 0 0
0.0186226 0 0
0.0191444 0 0
0.0196807 0 0
0.0202321 0 0
0.020799 0 0
0.0213817 0 0
0.0219807 0 0
0.0225965 0 0
0.0232296 0 0
0.0238804 0 0
0.0245494 0 0
0.0252372 0 0
0.0259443 0 0
0.0266711 0 0
0.0274184 0 0
0.0281865 0 0
0.0289762 0 0
0.029788 0 0
0.0306226 0 0
0.0314805 0 0
0.0323625 0 0
0.0332691 0 0
0.0342012 0 0
0.0351594 0 0
0.0361444 0 0
0.0371571 0 0
0.0381981 0 0
0.0392682 0 0
0.0403684 0 0
0.0414994 0 0
0.042662 0 0
0.0438573 0 0
0.045086 0 0
0.0463491 0 0
0.0476476 0 0
0.0489826 0 0
0.0503549 0 0
0.0517656 0 0
0.0532159 0 0
0.0547068 0 0
0.0562395 0 0
0.0578151 0 0
0.0594349 0 0
0.0611 0 0
0.0628118 0 0
0.0645716 0 0
0.0663806 0 0
0.0682404 0 0
0.0701522 0 0
0.0721176 0 0
0.0741381 0 0
0.0762152 0 0
0.0783504 0 0
0.0805455 0 0
0.0828021 0 0
0.0851219 0 0
0.0875067 0 0
0.0899583 0 0
0.0924786 0 0
0.0950696 0 0
0.097733 0 0
0.100471 1.20489e+06 1474.05
0.103286 1.17671e+06 1459.96
0.10618 1.14942e+06 1448.74
0.109154 1.12462e+06 1434.11
0.112213 1.09785e+06 1425.05
0.115356 1.07168e+06 1412.64
0.118588 1.04282e+06 1393.74
0.121911 1.02173e+06 1385.73
0.125326 997499 1371.68
0.128837 973258 1359.11
0.132447 948766 1348.59
0.136157 924054 1328.48
0.139972 901671 1316.07
0.143894 882129 1302.93
0.147925 858454 1290.22
0.152069 836079 1274.03
0.15633 814371 1259.19
0.160709 796946 1249.29
0.165212 778787 1241.18
0.169841 759411 1225.76
0.174599 739109 1212.47
0.17949 721306 1198.9
0.184519 704614 1189.54
0.189689 688828 1181.24
0.195003 673936 1172.2
0.200466 657312 1156.92
0.206083 637864 1144.57
0.211856 623477 1130.9
0.217792 604892 1113.75
0.223893 591915 1106.68
0.230166 575523 1093.41
0.236615 562016 1083.99
0.243244 548850 1070.39
0.250058 532908 1057.35
0.257064 519575 1044.42
0.264266 508271 1037.34
0.27167 496386 1027.62
0.279281 483812 1016.5
0.287105 472064 1008.01
0.295149 460444 994.606
0.303418 447983 982.475
0.311919 436873 972.224
0.320658 424250 955.588
0.329641 414062 949.128
0.338876 404007 941.271
0.348371 393134 926.283
0.358131 383515 916.7
0.368164 372306 904.115
0.378479 363872 895.381
0.389082 353901 884.676
0.399983 347467 881.615
0.411189 336133 864.617
0.422709 328312 855.031
0.434552 320658 846.148
0.446726 311958 836.06
0.459242 303443 827.392
0.472108 296878 818.224
0.485335 287937 805.841
0.498932 282607 803.564
0.51291 274074 790.903
0.52728 266434 777.072
0.542053 260164 770.538
0.557239 254335 762.236
0.572851 245625 747.465
0.5889 239356 738.881
0.605399 234200 736.691
0.62236 227602 724.315
0.639796 221708 715.622
0.657721 215163 706.177
0.676147 209780 695.838
0.695091 204335 691.841
0.714565 199403 682.573
0.734584 195209 675.338
0.755164 189492 665.805
0.776321 182907 651.324
0.798071 178112 644.156
0.82043 174009 638.188
0.843415 170084 633.268
0.867045 164856 621.265
0.891336 160376 614.019
0.916308 156489 607.489
0.941979 152218 596.346
0.96837 146733 582.534
0.9955 143614 578.886
1.02339 139323 573.748
1.05206 135205 559.602
1.08154 132094 557.302
1.11184 128874 552.584
1.14299 126379 546.19
1.17501 122128 534.437
1.20793 118481 525.171
1.24177 115559 519.24
1.27656 113498 518.68
1.31233 108636 503.936
1.34909 106235 498.863
1.38689 102649 487.377
1.42574 99793 481.303
1.46569 97348.3 477.132
1.50675 93154.9 461.723
1.54896 91137.5 459.655
1.59236 88473 448.971
1.63697 85311 438.307
1.68283 83748.1 437.842
1.72998 80492.3 428.608
1.77845 78658.9 422.148
1.82827 76689.9 417.924
1.8795 74053.5 405.531
1.93215 72415.5 400.982
1.98628 69009.4 391.188
2.04193 67629.8 384.275
2.09914 65690.3 378.927
2.15795 63282.5 371.483
2.21841 60708.4 360.421
2.28056 59040.6 354.853
2.34445 56722.4 344.869
2.41014 54077.4 332.631
2.47766 52492 326.636
2.54707 50534.5 317.486
2.61843 48656.9 310.188
2.69179 46825.9 302.053
2.76721 45090.7 291.282
2.84473 43136.2 284.778
2.92443 41361.4 273.856
3.00636 39738.6 264.867
3.09059 37317.7 250.834
3.17718 35866.4 242.652
3.26619 33265.6 227.932
3.3577 31254.9 216.342
3.45177 29546.1 203.569
3.54847 27491.6 190.694
3.64789 25075.9 173.949
3.75009 22977.8 161.839
3.85515 20983.5 148.027
3.96316 18368.7 130.66
4.07419 15473 111.079
4.18834 12683.3 92.5446
4.30568 9614.77 72.0992
4.42631 6752.56 52.1459
4.55031 3864.98 31.0551
4.6778 1629.87 13.5092
4.80885 371.864 3.14641
4.94358 200.582 1.70374
5.08208 1010.82 8.70898
5.22446 2994.6 25.8781
5.37083 5786.79 48.7903
5.5213 8618.56 72.618
5.67599 11079 93.9512
5.83501 13514.9 117.598
5.99848 15132 134.49
6.16654 16499.7 152.343
6.3393 17714.8 169.083
6.51691 18379.8 182.604
6.69949 18699.5 190.817
6.88718 19659.6 203.529
7.08013 20061.9 214.939
7.27849 19447 214.792
7.48241 20033.9 227.997
7.69204 19790.6 226.946
7.90754 19439.3 228.316
8.12908 19634.9 234.599
8.35683 18768 228.089
8.59096 18683.2 229.863
8.83164 18310.7 227.34
9.07907 17667.1 222.562
9.33343 17446.3 224.19
9.59492 17285.6 224.269
9.86374 16510.6 222.222
10.1401 16536.1 219.837
10.4242 16038 218.834
10.7162 15897.5 224.082
11.0164 14989.9 210.935
11.3251 15091.7 216.248
11.6424 14586.4 211.77
11.9685 14168.8 208.028
12.3039 13747.4 205.645
12.6486 13198.2 201.096
13.0029 13267.7 206.431
13.3672 12887.4 202.447
13.7417 12559.1 199.019
14.1267 11811.3 190.397
14.5225 11830.6 195.735
14.9294 11182.7 184.724
15.3476 11142.4 184.106
15.7776 10873.3 184.457
16.2196 10205.3 176.116
16.6741 10406.5 180.006
17.1412 10002.8 175.207
17.6214 9289.05 166.388
18.1151 9220.27 166.87
18.6226 9345.1 171.929
19.1444 9224.92 172.216
19.6807 8838.89 170.5
20.2321 8630.09 164.308
20.799 8007.64 155.899
21.3817 8001.32 162.166
21.9807 7898.07 157.472
22.5965 7922.83 159.766
23.2296 7407.1 153.129
23.8804 7257.43 151.387
24.5494 6719.38 141.34
25.2372 6829.69 144.506
25.9443 6734.72 148.929
26.6711 6403.28 140.21
27.4184 6099.95 138.16
28.1865 6120.18 140.309
28.9762 5811.63 135.241
29.788 5606 131.058
30.6226 5587.17 133.592
31.4805 5556.88 133.418
32.3625 5348.22 131.139
33.2691 5285.55 130.894
34.2012 5029.81 126.77
35.1594 4966.24 127.2
36.1444 5112.12 132.811
37.1571 4649.67 124.714
38.1981 4274.51 114.733
39.2682 4595.05 126.023
40.3684 4258 116.412
41.4994 4130.77 113.743
42.662 4259.85 122.72
43.8573 3934.57 113.025
45.086 3821.97 106.769
46.3491 3625.54 104.591
47.6476 3563.19 104.071
48.9826 3333.94 97.312
50.3549 3402.99 105.302
51.7656 3430.33 106.518
53.2159 3189.98 98.9047
54.7068 3131.02 97.3061
56.2395 2941.85 92.3428
57.8151 1461.11 38.7075
59.4349 1579.53 45.0109
61.1 1747.09 50.9811
62.8118 2602.7 85.8026
64.5716 2557.6 86.6514
66.3806 2710.27 90.5431
68.2404 2623.07 91.8843
70.1522 2537.57 90.3969
72.1176 2433.43 86.6314
74.1381 2156.46 78.8017
76.2152 2280.55 81.3596
78.3504 422.145 13.9271
80.5455 2177.33 84.3107
82.8021 1973.27 77.0408
85.1219 1996.34 77.4757
87.5067 1961.37 75.892
89.9583 1914.38 77.3411
92.4786 1851.36 76.2722
95.0696 1820.22 75.242
97.733 1666.39 72.1886
100.471 1781.2 75.0998
103.286 1598.39 70.4375
106.18 1449.68 62.7181
109.154 1513.27 71.4797
112.213 1505.21 70.5831
115.356 1499.08 67.5604
118.588 1319.62 62.107
121.911 1089.31 46.9551
125.326 1346.87 66.0586
128.837 1343.34 68.3902
132.447 1180 59.4108
136.157 1277.76 66.1396
139.972 1248.13 62.2839
143.894 635.339 27.8583
147.925 1233.48 61.1287
152.069 1160.65 60.6411
156.33 1023.05 53.4974
160.709 996.139 53.2054
165.212 855.931 44.0994
169.841 1001.32 57.8112
174.599 1049.49 60.0389
179.49 1034.84 60.8461
184.519 909.866 55.2573
189.689 281.572 14.2259
195.003 916.842 55.7205
200.466 847.48 52.2731
206.083 896.67 57.1614
211.856 771.877 48.1378
217.792 860.466 54.7857
223.893 776.817 52.019
230.166 808.35 54.4818
236.615 779.136 50.8279
243.244 702.239 45.1258
250.058 636.406 41.7241
257.064 615.427 43.0133
264.266 651.494 46.3731
271.67 682.598 44.8547
279.281 605.906 41.2001
287.105 562.588 44.7306
295.149 534.298 39.5531
303.418 544.107 41.3704
311.919 571.936 42.1782
320.658 553.12 42.5367
329.641 214.65 14.3151
338.876 497.974 39.3835
348.371 392.584 32.6528
358.131 477.235 40.164
368.164 489.86 40.2595
378.479 470.628 42.1308
389.082 457.893 37.4014
399.983 258.168 21.2359
411.189 382.689 32.672
422.709 382.817 33.8032
434.552 372.97 34.6174
446.726 425.444 39.1777
459.242 348.478 31.1326
472.108 356.296 35.0273
485.335 314.132 29.338
498.932 349.562 31.2181
512.91 306.634 31.8911
527.28 312.407 30.3945
542.053 317.556 30.5605
557.239 315.192 34.7839
572.851 323.039 29.502
588.9 283.497 34.2678
605.399 288.788 31.1075
622.36 179.934 18.4436
639.796 247.522 27.386
657.721 248.729 25.6524
676.147 256.622 29.6115
695.091 181.207 19.7722
714.565 237.135 25.593
734.584 229.994 25.7127
755.164 177.294 22.1892
776.321 228.465 25.6945
798.071 274.828 32.9312
820.43 163.892 16.421
843.415 250.076 29.8346
867.045 181.334 23.2429
891.336 207.872 26.9635
916.308 208.66 26.7102
941.979 227.721 29.661
968.37 184.203 27.3361
995.5 190.124 25.0376
1023.39 160.645 21.3387
1052.06 148.123 22.9084
1081.54 200.836 30.0864
1111.84 209.756 30.9004
1142.99 153.336 21.0978
1175.01 166.604 22.9081
1207.93 132.951 23.3633
1241.77 108.445 18.6989
1276.56 124.336 16.5909
1312.33 133.107 21.6126
1349.09 126.066 19.6603
1386.89 135.062 22.3161
1425.74 122.853 19.5231
1465.69 139.059 24.4177
1506.75 129.432 21.5741
1548.96 101.086 18.8174
1592.36 104.401 16.0662
1636.97 115.373 19.4716
1682.83 109.424 17.0732
1729.98 59.2196 8.62085
1778.45 92.6119 15.3376
1828.27 85.9467 15.3024
1879.5 90.7395 15.8059
1932.15 86.839 15.4367
1986.28 76.1096 14.4473
2041.93 90.9858 16.2428
2099.14 65.784 12.3982
2157.95 76.1238 14.6785
2218.41 67.2023 13.1853
2280.56 79.1483 13.8844
2344.45 79.5858 16.3304
2410.14 80.6398 14.5017
2477.66 54.7652 11.1064
2547.07 70.9747 13.1308
2618.43 73.0153 15.8914
2691.79 60.9465 11.6241
2767.21 49.6082 9.67253
2844.73 77.8283 16.771
2924.43 51.6013 11.288
3006.36 55.0008 13.6044
3090.59 44.7617 10.5981
3177.18 62.923 15.6271
3266.19 40.9854 7.58569
3357.7 58.4662 12.1802
3451.77 64.2763 17.0525
3548.47 56.1727 13.1764
3647.89 68.0692 18.3275
3750.09 53.0562 14.1793
3855.15 55.2575 17.9074
3963.16 49.9908 15.8249
4074.19 48.9183 16.3523
4188.34 41.3708 11.4342
4305.68 56.8673 17.3465
4426.31 37.4312 9.74802
4550.31 42.0578 10.2839
4677.8 22.2294 6.25339
4808.85 22.69 5.61361
4943.58 26.756 9.17976
5082.08 74.3185 21.2793
5224.46 42.7616 9.07584
5370.83 32.2644 10.7052
5521.3 12.9604 3.66371
5675.99 20.9539 4.78664
5835.01 29.5184 7.55924
5998.48 14.2563 4.09971
6166.54 31.9994 9.45938
6339.3 16.7842 5.28581
6516.91 34.8215 8.31106
6699.49 15.1009 4.38743
6887.18 31.6643 10.9664
7080.13 26.2463 8.78927
7278.49 15.577 4.41583
7482.41 11.7892 4.25307
7692.04 22.8426 9.60369
7907.54 24.979 8.06429
8129.08 25.6993 8.57405
8356.83 14.5713 5.89181
8590.96 17.2071 7.02057
8831.64 16.9087 5.24177
9079.07 16.5822 5.26089
9333.43 25.4165 12.3213
9594.92 33.0415 13.1279
9863.74 5.36783 2.01131
10140.1 13.818 4.08549
10424.2 12.9086 4.76368
10716.2 6.24589 2.35875
11016.4 27.177 10.66
11325.1 18.7715 7.59791
11642.4 10.8407 5.51255
11968.5 4.20814 2.06463
12303.9 27.9052 9.0834
12648.6 16.4101 8.13518
13002.9 20.2097 7.90359
13367.2 5.04079 1.90709
13741.7 5.4267 2.15602
14126.7 5.80146 1.96282
14522.5 9.58313 5.62407
14929.4 7.33145 2.6317
15347.6 4.13671 1.71789
15777.6 8.6151 3.18156
16219.6 14.9151 9.65454
16674.1 22.4858 12.5515
17141.2 7.2537 3.35558
17621.4 5.98516 2.80676
18115.1 16.937 10.2228
18622.6 10.0842 4.77263
19144.4 15.5523 7.439
19680.7 6.3843 2.20237
20232.1 1.8307 1.09318
20799 6.90517 3.59719
21381.7 7.50017 2.80994
21980.7 9.45776 4.76407
22596.5 1.31072 1.20258
23229.6 6.12353 3.73297
23880.4 5.89175 2.4234
24549.4 7.32801 3.36328
25237.2 17.4906 10.9025
25944.3 13.6539 7.35124
26671.1 4.03647 2.68314
27418.4 3.08249 2.37621
28186.5 5.09154 2.03069
28976.2 1.71346 1.00353
29788 0.453881 0.453881
30622.6 5.75956 2.78649
31480.5 4.00779 2.60633
32362.5 12.8431 6.47182
33269.1 4.12623 1.88215
34201.2 4.53764 1.8675
35159.4 3.46842 2.19671
36144.4 7.4721 4.81623
37157.1 0.271422 0.271422
38198.1 3.8436 2.64533
39268.2 1.11582 0.790305
40368.4 7.91688 3.58032
41499.4 3.28018 1.59339
42662 7.72485 5.14524
43857.3 5.94565 3.77643
45086 0.533709 0.533709
46349.1 6.97632 5.39635
47647.6 2.16129 1.32187
48982.6 0.504448 0.504448
50354.9 1.64702 1.13785
51765.6 4.09529 2.03494
53215.9 1.6197 1.1662
54706.8 0.447202 0.447202
56239.5 1.45219 0.850946
57815.1 2.29761 1.2064
59434.9 1.75104 1.30593
61100 1.5838 1.21939
62811.8 4.74928 3.03016
64571.6 0.167393 0.167393
66380.6 0.914315 0.64708
68240.4 5.11744 3.50536
70152.2 10.8478 6.21428
72117.6 0 0
74138.1 1.1139 1.1139
76215.2 2.13745 1.16321
78350.4 1.07789 1.07789
80545.5 4.2588 3.75563
82802.1 1.12748 0.80761
85121.9 0.0686321 0.0686321
87506.7 0 0
89958.3 2.63508 1.71776
92478.6 1.98095 1.00617
95069.6 0.71216 0.71216
97733 1.04469 1.04469
100471 0 0
103286 2.05712 1.2353
106180 0.421728 0.421728
109154 1.77048 1.77048
112213 2.36971 1.41288
115356 0 0
118588 0.464715 0.464715
121911 0 0
125326 0 0
128837 1.98489 1.40638
132447 8.96735 8.96735
136157 0 0
139972 2.42081 2.42081
143894 4.46038 3.72552
147925 2.24946 1.54681
152069 0.84278 0.84278
156330 0.251615 0.251615
160709 0 0
165212 0 0
169841 1.69966 1.69966
174599 0.447935 0.447935
179490 2.48254 2.48254
184519 0 0
189689 0.562002 0.562002
195003 0 0
200466 1.10813 1.10813
206083 0.860128 0.860128
211856 8.76909 8.76909
217792 0 0
223893 0.645886 0.556991
230166 0.742962 0.742962
236615 0.695964 0.695964
243244 0 0
250058 0.537273 0.537273
257064 0.583102 0.520571
264266 0 0
271670 0.501218 0.501218
279281 0 0
287105 0 0
295149 2.5641 1.52783
303418 0 0
311919 0.750724 0.750724
320658 1.65761 1.65761
329641 1.53815 1.08784
338876 0 0
348371 0 0
358131 0 0
368164 0.53492 0.53492
378479 0.504921 0.504921
389082 0.509658 0.509658
399983 0 0
411189 0 0
422709 0 0
434552 0 0
446726 0.453538 0.453538
459242 0.643876 0.643876
472108 0 0
485335 0 0
498932 0 0
512910 3.58791 3.58791
527280 4.38021 2.77
542053 0 0
557239 0 0
572851 0.532924 0.532924
588900 0 0
605399 1.22177 1.22177
622360 0 0
639796 0 0
657721 0 0
676147 0 0
695091 0 0
714565 0 0
734584 0 0
755164 1.68614 1.68614
776321 0 0
798071 0 0
820430 0 0
843415 0 0
867045 0 0
891336 0 0
916308 0 0
941979 0 0
968370 0 0
995500 0 0
1.02339e+06 0 0
1.05206e+06 0 0
1.08154e+06 0.74633 0.74633
1.11184e+06 0 0
1.14299e+06 0.83306 0.83306
1.17501e+06 0 0
1.20793e+06 0 0
1.24177e+06 0 0
1.27656e+06 0 0
1.31233e+06 0 0
1.34909e+06 0 0
1.38689e+06 0 0
1.42574e+06 0 0
1.46569e+06 0 0
1.50675e+06 0 0
1.54896e+06 0 0
1.59236e+06 0 0
1.63697e+06 0 0
1.68283e+06 0 0
1.72998e+06 0 0
1.77845e+06 0 0
1.82827e+06 0 0
1.8795e+06 0 0
1.93215e+06 0 0
1.98628e+06 0 0
2.04193e+06 0 0
2.09914e+06 0 0
2.15795e+06 0 0
2.21841e+06 2.68249 2.68249
2.28056e+06 0 0
2.34445e+06 0 0
2.41014e+06 0 0
2.47766e+06 0 0
2.54707e+06 0 0
2.61843e+06 0 0
2.69179e+06 0 0
2.76721e+06 0 0
2.84473e+06 0 0
2.92443e+06 0 0
3.00636e+06 0.593312 0.593312
3.09059e+06 0 0
3.17718e+06 0 0
3.26619e+06 0 0
3.3577e+06 0 0
3.45177e+06 0 0
3.54847e+06 0 0
3.64789e+06 0 0
3.75009e+06 0 0
3.85515e+06 0 0
3.96316e+06 0 0
4.07419e+06 0 0
4.18834e+06 0 0
4.30568e+06 0 0
4.42631e+06 0 0
4.55031e+06 0 0
4.6778e+06 0 0
4.80885e+06 0 0
4.94358e+06 0 0
5.08208e+06 0 0
5.22446e+06 1.47971 1.47971
5.37083e+06 0 0
5.5213e+06 0 0
5.67599e+06 0 0
5.83501e+06 0 0
5.99848e+06 0 0
6.16654e+06 0 0
6.3393e+06 0 0
6.51691e+06 0 0
6.69949e+06 0 0
6.88718e+06 0 0
7.08013e+06 0 0
7.27849e+06 0 0
7.48241e+06 0 0
7.69204e+06 0 0
7.90754e+06 0 0
8.12908e+06 0 0
8.35683e+06 0 0
8.59096e+06 0 0
8.83164e+06 0 0
9.07907e+06 0 0
9.33343e+06 0 0
9.59492e+06 0 0
9.86374e+06 0 0
