1.01401e-05 0 0
1.04242e-05 0 0
1.07162e-05 0 0
1.10164e-05 0 0
1.13251e-05 0 0
1.16424e-05 0 0
1.19685e-05 0 0
1.23039e-05 0 0
1.26486e-05 0 0
1.30029e-05 0 0
1.33672e-05 0 0
1.37417e-05 0 0
1.41267e-05 0 0
1.45225e-05 0 0
1.49294e-05 0 0
1.53476e-05 0 0
1.57776e-05 0 0
1.62196e-05 0 0
1.66741e-05 0 0
1.71412e-05 0 0
1.76214e-05 0 0
1.81151e-05 0 0
1.86226e-05 0 0
1.91444e-05 0 0
1.96807e-05 0 0
2.02321e-05 0 0
2.0799e-05 0 0
2.13817e-05 0 0
2.19807e-05 0 0
2.25965e-05 0 0
2.32296e-05 0 0
2.38804e-05 0 0
2.45494e-05 0 0
2.52372e-05 0 0
2.59443e-05 0 0
2.66711e-05 0 0
2.74184e-05 0 0
2.81865e-05 0 0
2.89762e-05 0 0
2.9788e-05 0 0
3.06226e-05 0 0
3.14805e-05 0 0
3.23625e-05 0 0
3.32691e-05 0 0
3.42012e-05 0 0
3.51594e-05 0 0
3.61444e-05 0 0
3.71571e-05 0 0
3.81981e-05 0 0
3.92682e-05 0 0
4.03684e-05 0 0
4.14994e-05 0 0
4.2662e-05 0 0
4.38573e-05 0 0
4.5086e-05 0 0
4.63491e-05 0 0
4.76476e-05 0 0
4.89826e-05 0 0
5.03549e-05 0 0
5.17656e-05 0 0
5.32159e-05 0 0
5.47068e-05 0 0
5.62395e-05 0 0
5.78151e-05 0 0
5.94349e-05 0 0
6.11e-05 0 0
6.28118e-05 0 0
6.45716e-05 0 0
6.63806e-05 0 0
6.82404e-05 0 0
7.01522e-05 0 0
7.21176e-05 0 0
7.41381e-05 0 0
7.62152e-05 0 0
7.83504e-05 0 0
8.05455e-05 0 0
8.28021e-05 0 0
8.51219e-05 0 0
8.75067e-05 0 0
8.99583e-05 0 0
9.24786e-05 0 0
9.50696e-05 0 0
9.7733e-05 0 0
0.000100471 0 0
0.000103286 0 0
0.00010618 0 0
0.000109154 0 0
0.000112213 0 0
0.000115356 0 0
0.000118588 0 0
0.000121911 0 0
0.000125326 0 0
0.000128837 0 0
0.000132447 0 0
0.000136157 0 0
0.000139972 0 0
0.000143894 0 0
0.000147925 0 0
0.000152069 0 0
0.00015633 0 0
0.000160709 0 0
0.000165212 0 0
0.000169841 0 0
0.000174599 0 0
0.00017949 0 0
0.000184519 0 0
0.000189689 0 0
0.000195003 0 0
0.000200466 0 0
0.000206083 0 0
0.000211856 0 0
0.000217792 0 0
0.000223893 0 0
0.000230166 0 0
0.000236615 0 0
0.000243244 0 0
0.000250058 0 0
0.000257064 0 0
0.000264266 0 0
0.00027167 0 0
0.000279281 0 0
0.000287105 0 0
0.000295149 0 0
0.000303418 0 0
0.000311919 0 0
0.000320658 0 0
0.000329641 0 0
0.000338876 0 0
0.000348371 0 0
0.000358131 0 0
0.000368164 0 0
0.000378479 0 0
0.000389082 0 0
0.000399983 0 0
0.000411189 0 0
0.000422709 0 0
0.000434552 0 0
0.000446726 0 0
0.000459242 0 0
0.000472108 0 0
0.000485335 0 0
0.000498932 0 0
0.00051291 0 0
0.00052728 0 0
0.000542053 0 0
0.000557239 0 0
0.000572851 0 0
0.0005889 0 0
0.000605399 0 0
0.00062236 0 0
0.000639796 0 0
0.000657721 0 0
0.000676147 0 0
0.000695091 0 0
0.000714565 0 0
0.000734584 0 0
0.000755164 0 0
0.000776321 0 0
0.000798071 0 0
0.00082043 0 0
0.000843415 0 0
0.000867045 0 0
0.000891336 0 0
0.000916308 0 0
0.000941979 0 0
0.00096837 0 0
0.0009955 0 0
0.00102339 0 0
0.00105206 0 0
0.00108154 0 0
0.00111184 0 0
0.00114299 0 0
0.00117501 0 0
0.00120793 0 0
0.00124177 0 0
0.00127656 0 0
0.00131233 0 0
0.00134909 0 0
0.00138689 0 0
0.00142574 0 0
0.00146569 0 0
0.00150675 0 0
0.00154896 0 0
0.00159236 0 0
0.00163697 0 0
0.00168283 0 0
0.00172998 0 0
0.00177845 0 0
0.00182827 0 0
0.0018795 0 0
0.00193215 0 0
0.00198628 0 0
0.00204193 0 0
0.00209914 0 0
0.00215795 0 0
0.00221841 0 0
0.00228056 0 0
0.00234445 0 0
0.00241014 0 0
0.00247766 0 0
0.00254707 0 0
0.00261843 0 0
0.00269179 0 0
0.00276721 0 0
0.00284473 0 0
0.00292443 0 0
0.00300636 0 0
0.00309059 0 0
0.00317718 0 0
0.00326619 0 0
0.0033577 0 0
0.00345177 0 0
0.00354847 0 0
0.00364789 0 0
0.00375009 0 0
0.00385515 0 0
0.00396316 0 0
0.00407419 0 0
0.00418834 0 0
0.00430568 0 0
0.00442631 0 0
0.00455031 0 0
0.0046778 0 0
0.00480885 0 0
0.00494358 0 0
0.00508208 0 0
0.00522446 0 0
0.00537083 0 0
0.0055213 0 0
0.00567599 0 0
0.00583501 0 0
0.00599848 0 0
0.00616654 0 0
0.0063393 0 0
0.00651691 0 0
0.00669949 0 0
0.00688718 0 0
0.00708013 0 0
0.00727849 0 0
0.00748241 0 0
0.00769204 0 0
0.00790754 0 0
0.00812908 0 0
0.00835683 0 0
0.00859096 0 0
0.00883164 0 0
0.00907907 0 0
0.00933343 0 0
0.00959492 0 0
0.00986374 0 0
0.0101401 0 0
0.0104242 0 0
0.0107162 0 0
0.0110164 0 0
0.0113251 0 0
0.0116424 0 0
0.0119685 0 0
0.0123039 0 0
0.0126486 0 0
0.0130029 0 0
0.0133672 0 0
0.0137417 0 0
0.0141267 0 0
0.0145225 0 0
0.0149294 0 0
0.0153476 0 0
0.0157776 0 0
0.0162196 0 0
0.0166741 0 0
0.0171412 0 0
0.0176214 0 0
0.0181151 0 0
0.0186226 0 0
0.0191444 0 0
0.0196807 0 0
0.0202321 0 0
0.020799 0 0
0.0213817 0 0
0.0219807 0 0
0.0225965 0 0
0.0232296 0 0
0.0238804 0 0
0.0245494 0 0
0.0252372 0 0
0.0259443 0 0
0.0266711 0 0
0.0274184 0 0
0.0281865 0 0
0.0289762 0 0
0.029788 0 0
0.0306226 0 0
0.0314805 0 0
0.0323625 0 0
0.0332691 0 0
0.0342012 0 0
0.0351594 0 0
0.0361444 0 0
0.0371571 0 0
0.0381981 0 0
0.0392682 0 0
0.0403684 0 0
0.0414994 0 0
0.042662 0 0
0.0438573 0 0
0.045086 0 0
0.0463491 0 0
0.0476476 0 0
0.0489826 0 0
0.0503549 0 0
0.0517656 0 0
0.0532159 0 0
0.0547068 0 0
0.0562395 0 0
0.0578151 0 0
0.0594349 0 0
0.0611 0 0
0.0628118 0 0
0.0645716 0 0
0.0663806 0 0
0.0682404 0 0
0.0701522 0 0
0.0721176 0 0
0.0741381 0 0
0.0762152 0 0
0.0783504 0 0
0.0805455 0 0
0.0828021 0 0
0.0851219 0 0
0.0875067 0 0
0.0899583 0 0
0.0924786 0 0
0.0950696 0 0
0.097733 0 0
0.100471 1.73228e+06 2347.67
0.103286 1.68568e+06 2319.92
0.10618 1.63778e+06 2281.22
0.109154 1.59302e+06 2254.38
0.112213 1.54905e+06 2223.3
0.115356 1.50627e+06 2191.04
0.118588 1.46844e+06 2169.04
0.121911 1.4273e+06 2134.84
0.125326 1.3859e+06 2101.81
0.128837 1.35149e+06 2076.44
0.132447 1.31143e+06 2043.01
0.136157 1.28045e+06 2023.96
0.139972 1.23875e+06 1986.73
0.143894 1.21014e+06 1964.93
0.147925 1.17723e+06 1941.49
0.152069 1.14489e+06 1911.37
0.15633 1.1113e+06 1881.93
0.160709 1.08457e+06 1860.42
0.165212 1.05079e+06 1830.16
0.169841 1.02484e+06 1809.68
0.174599 994129 1784.63
0.17949 969218 1759.08
0.184519 942307 1734.75
0.189689 918032 1711.74
0.195003 890206 1682.34
0.200466 869637 1667.46
0.206083 843397 1637.82
0.211856 821900 1620.43
0.217792 798729 1596.52
0.223893 775797 1572.62
0.230166 755691 1552.14
0.236615 735199 1531.38
0.243244 711252 1501.76
0.250058 694927 1486.85
0.257064 675450 1467.11
0.264266 657281 1448.28
0.27167 640849 1432.15
0.279281 623715 1410.05
0.287105 607323 1394.72
0.295149 589427 1373.55
0.303418 570896 1347.66
0.311919 556925 1333.91
0.320658 540729 1314.88
0.329641 526194 1297
0.338876 512211 1279.82
0.348371 500820 1267.99
0.358131 486832 1246.96
0.368164 472896 1229.12
0.378479 458406 1209.87
0.389082 446127 1192.23
0.399983 433785 1175.1
0.411189 422497 1162.28
0.422709 412049 1149.91
0.434552 399450 1130.41
0.446726 388556 1112.39
0.459242 377126 1093.58
0.472108 367822 1083.51
0.485335 357404 1068.88
0.498932 348692 1055.02
0.51291 338273 1036.69
0.52728 330021 1029.39
0.542053 319948 1011.2
0.557239 311034 992.165
0.572851 304243 987.04
0.5889 294671 969.498
0.605399 286931 955.714
0.62236 280363 946.068
0.639796 271713 930.718
0.657721 265076 922.757
0.676147 256795 900.298
0.695091 251423 897.929
0.714565 241962 874.747
0.734584 236233 868.662
0.755164 230183 858.501
0.776321 224867 851.27
0.798071 218157 837.696
0.82043 212508 827.292
0.843415 205818 808.245
0.867045 199640 795.415
0.891336 195330 789.509
0.916308 188329 773.555
0.941979 184982 770.344
0.96837 178194 751.541
0.9955 175786 750.989
1.02339 168823 729.425
1.05206 165363 725.436
1.08154 160242 710.989
1.11184 155911 704.936
1.14299 151085 692.767
1.17501 147479 686.951
1.20793 144481 680.61
1.24177 140001 667.883
1.27656 136248 660.514
1.31233 133177 653.021
1.34909 127020 634.865
1.38689 125074 632.715
1.42574 122764 627.906
1.46569 118894 616.598
1.50675 115120 608.059
1.54896 113134 602.802
1.59236 108562 587.421
1.63697 106056 583.994
1.68283 103925 576.24
1.72998 100223 564.632
1.77845 97282 558.797
1.82827 95797.1 553.754
1.8795 92289.2 538.469
1.93215 89906.9 536.026
1.98628 88227.1 532.849
2.04193 84903.6 519.437
2.09914 82423.7 514.006
2.15795 80445.1 508.486
2.21841 78873.1 502.825
2.28056 75141.2 485.793
2.34445 74152 489.756
2.41014 71658.3 478.49
2.47766 69048.1 466.307
2.54707 68107.5 466.68
2.61843 67078.9 469.586
2.69179 64930 452.53
2.76721 62440.5 445.158
2.84473 60832.9 439.989
2.92443 59585.4 434.264
3.00636 57335.8 426.442
3.09059 56073.7 422.883
3.17718 54714 416.624
3.26619 52906.8 411.778
3.3577 51401.3 403.533
3.45177 50868.3 404.839
3.54847 48483.4 392.029
3.64789 47129.4 387.189
3.75009 45830.1 381.065
3.85515 44817.2 380.822
3.96316 44471.8 378.955
4.07419 42625.5 370.203
4.18834 41053.6 360.57
4.30568 39703.9 352.734
4.42631 39052.2 351.886
4.55031 37402.6 341.755
4.6778 36815.9 338.909
4.80885 35376.7 333.169
4.94358 35432.2 339.592
5.08208 33713 326.168
5.22446 33182.6 326.597
5.37083 32386.6 323.306
5.5213 31600.8 317.031
5.67599 30906.4 316.156
5.83501 29845.1 310.389
5.99848 28691.5 301.746
6.16654 28225.6 300.35
6.3393 27256 293.914
6.51691 26200.6 286.167
6.69949 25475.1 283.836
6.88718 25095.3 284.184
7.08013 24745 279.992
7.27849 23946 275.983
7.48241 23096.6 271.16
7.69204 22168.3 262.557
7.90754 21509 260.332
8.12908 21088.5 258.889
8.35683 21050 261.637
8.59096 19532.7 242.635
8.83164 19489.5 249.52
9.07907 19084.8 242.5
9.33343 17960.6 237.292
9.59492 18080.2 238.263
9.86374 17621.6 236.47
10.1401 16908.1 233.035
10.4242 16329.9 226.547
10.7162 15993.8 224.906
11.0164 15616.4 223.164
11.3251 15570.7 221.913
11.6424 14925.9 218.95
11.9685 14550.5 214.168
12.3039 14286.3 216.904
12.6486 13775.7 210.001
13.0029 13403.9 209.697
13.3672 12910.1 201.74
13.7417 12785 200.284
14.1267 12374.9 201.765
14.5225 11999.3 193.426
14.9294 11923.3 197.547
15.3476 11325.3 186.755
15.7776 10726.9 184.346
16.2196 10511.1 182.232
16.6741 10465.1 185.348
17.1412 10325.5 180.434
17.6214 10055.9 177.95
18.1151 9717.53 179.424
18.6226 9077.81 168.331
19.1444 9044.3 174.296
19.6807 8805.69 167.543
20.2321 8306.44 162.043
20.799 8372.02 166.097
21.3817 8288.72 163.024
21.9807 7833.5 157.07
22.5965 7426.97 152.93
23.2296 7562.99 154.761
23.8804 7299.62 150.377
24.5494 7070.24 149.966
25.2372 7069.73 149.225
25.9443 6594.36 146.782
26.6711 6415.45 142.591
27.4184 6397.18 141.811
28.1865 5904.28 133.325
28.9762 6160.48 139.881
29.788 5708.06 134.451
30.6226 5501.47 129.468
31.4805 5418.46 130.061
32.3625 5553.92 132.637
33.2691 5356.35 128.827
34.2012 5029.86 128.622
35.1594 4976.12 124.162
36.1444 4807.61 126.309
37.1571 4630.16 121.284
38.1981 4610.79 120.157
39.2682 4476.63 123.735
40.3684 4274.17 117.793
41.4994 4363.8 118.698
42.662 4239.55 118.277
43.8573 3726.76 105.14
45.086 3927.76 112.114
46.3491 3665.66 105.855
47.6476 3732.42 112.294
48.9826 3552.65 106.415
50.3549 3511.8 104.455
51.7656 3370.88 104.961
53.2159 3311.79 105.692
54.7068 3070.14 96.8807
56.2395 2925.43 94.318
57.8151 2989.2 97.6992
59.4349 2905.57 98.9453
61.1 2862.55 95.9876
62.8118 2647.14 90.5977
64.5716 2811.13 96.4147
66.3806 2613.23 90.9749
68.2404 2560.82 94.2048
70.1522 2534.63 90.5034
72.1176 2521.85 92.7637
74.1381 2336.5 87.073
76.2152 2305.08 86.6795
78.3504 2155.1 81.2618
80.5455 2140.39 83.6992
82.8021 2184.14 86.3232
85.1219 2023.67 81.7792
87.5067 1904.25 73.6997
89.9583 1734.86 71.9738
92.4786 1827.26 73.9906
95.0696 1884.7 80.599
97.733 1721.01 77.5839
100.471 1677.19 72.3544
103.286 1644.99 70.346
106.18 1529.06 66.153
109.154 1536.25 69.7172
112.213 1498.31 65.6035
115.356 1527.67 68.4475
118.588 1579.91 73.682
121.911 1441.2 67.9531
125.326 1360.6 61.9495
128.837 1414.98 66.8786
132.447 1305.33 65.8437
136.157 1201.27 59.9573
139.972 1183.85 59.8991
143.894 1138.84 57.4973
147.925 1167.84 62.4197
152.069 1093.28 57.3376
156.33 1099.22 57.6952
160.709 1037.8 54.354
165.212 957.672 51.2915
169.841 1080.65 59.7527
174.599 1010.49 57.309
179.49 957.839 56.7547
184.519 947.19 53.6863
189.689 984.2 59.2559
195.003 778.74 42.9767
200.466 879.304 56.4411
206.083 844.404 53.3541
211.856 769.397 46.766
217.792 779.754 47.7038
223.893 670.04 44.7451
230.166 737.715 48.4399
236.615 710.819 46.1367
243.244 657.768 41.9607
250.058 736.755 49.8451
257.064 657.489 44.1086
264.266 659.853 47.9009
271.67 596.203 41.3493
279.281 633.576 45.7111
287.105 617.198 43.0845
295.149 582.738 50.0777
303.418 543.891 43.2007
311.919 552.425 43.4732
320.658 545.919 43.1429
329.641 555.648 45.7603
338.876 547.557 43.4901
348.371 495.462 38.9979
358.131 458.416 35.6158
368.164 509.361 45.1881
378.479 447.459 37.22
389.082 398.526 31.7038
399.983 437.29 35.8848
411.189 416.014 36.7764
422.709 431.842 40.1754
434.552 357.609 34.6452
446.726 404.282 36.753
459.242 390.842 36.4628
472.108 327.993 34.2693
485.335 390.168 36.3549
498.932 340.029 30.9312
512.91 345.004 31.2795
527.28 260.773 23.8778
542.053 303.349 30.8121
557.239 280.536 24.8907
572.851 273.559 30.5011
588.9 305.346 33.1589
605.399 279.535 29.0033
622.36 314.261 29.8751
639.796 320.909 31.8382
657.721 267.594 29.1678
676.147 282.555 29.6395
695.091 251.905 28.9537
714.565 216.948 24.4863
734.584 243.572 27.0712
755.164 245.676 31.0677
776.321 207.374 24.7992
798.071 167.167 16.5867
820.43 216.601 24.8332
843.415 217.414 24.8825
867.045 214.452 27.8612
891.336 206.69 26.2989
916.308 189.365 24.0522
941.979 196.647 25.1668
968.37 155 18.8064
995.5 142.397 20.4198
1023.39 218.103 27.4941
1052.06 157.921 20.9969
1081.54 180.609 21.8473
1111.84 120.245 15.5418
1142.99 152.678 22.4562
1175.01 132.232 19.1172
1207.93 127.967 18.4406
1241.77 105.68 17.8464
1276.56 130.434 18.5576
1312.33 180.333 25.597
1349.09 136.495 25.0914
1386.89 122.354 20.5176
1425.74 118.915 22.7042
1465.69 95.9341 13.5972
1506.75 100.162 18.8793
1548.96 78.8837 11.9632
1592.36 107.731 19.7573
1636.97 97.8436 17.354
1682.83 87.9213 15.2364
1729.98 85.3514 15.2728
1778.45 65.7748 14.4464
1828.27 114.906 19.3093
1879.5 75.5925 14.1237
1932.15 109.673 20.3689
1986.28 73.8962 13.3473
2041.93 49.6823 8.8328
2099.14 116.601 19.8988
2157.95 79.427 14.0811
2218.41 101.44 21.4949
2280.56 44.6078 9.08342
2344.45 69.3652 15.1208
2410.14 65.3252 11.0162
2477.66 82.8932 19.0561
2547.07 52.4263 12.5097
2618.43 41.5868 8.97619
2691.79 65.213 13.9609
2767.21 60.6398 12.4857
2844.73 53.1917 12.6379
2924.43 51.0295 17.4317
3006.36 74.314 18.8004
3090.59 36.9785 7.62193
3177.18 68.642 15.4129
3266.19 53.8677 12.2767
3357.7 49.3504 10.6218
3451.77 33.8508 7.92767
3548.47 74.0059 17.8549
3647.89 66.6923 12.8204
3750.09 41.5801 9.26402
3855.15 55.7476 15.7189
3963.16 38.7841 11.6792
4074.19 50.5538 11.6811
4188.34 54.7441 15.4457
4305.68 41.6383 8.08285
4426.31 55.6836 15.3016
4550.31 31.745 11.76
4677.8 25.4882 6.48285
4808.85 30.9887 9.32497
4943.58 29.0568 9.19408
5082.08 27.6695 5.97329
5224.46 25.6008 7.36377
5370.83 26.8145 7.38166
5521.3 79.4416 19.7021
5675.99 27.2784 10.1253
5835.01 25.7255 11.4359
5998.48 23.2511 8.96717
6166.54 19.1359 5.07424
6339.3 22.8391 6.38503
6516.91 18.9998 5.20241
6699.49 17.5184 5.57434
6887.18 32.9546 13.6866
7080.13 18.4346 7.81156
7278.49 32.7148 15.1148
7482.41 17.7145 7.91481
7692.04 14.6613 4.37155
7907.54 24.2101 11.4702
8129.08 16.2873 6.83146
8356.83 12.0016 4.85099
8590.96 24.0949 9.85447
8831.64 13.2914 4.58079
9079.07 14.9227 4.56381
9333.43 17.5517 9.65262
9594.92 19.8223 6.76118
9863.74 18.8215 6.76202
10140.1 23.181 9.40094
10424.2 9.35496 4.01521
10716.2 10.061 5.19609
11016.4 25.0165 12.6666
11325.1 27.2647 9.5351
11642.4 9.51795 3.36119
11968.5 27.7604 12.3505
12303.9 9.8368 3.21758
12648.6 14.3894 7.21625
13002.9 6.3127 2.47668
13367.2 20.9999 8.30239
13741.7 19.422 10.4794
14126.7 11.0933 6.26099
14522.5 8.37814 2.73035
14929.4 19.0444 7.97702
15347.6 19.4947 7.83622
15777.6 18.733 7.68177
16219.6 7.72886 3.80986
16674.1 17.4882 8.72859
17141.2 8.39957 2.96591
17621.4 14.8452 8.30081
18115.1 17.6526 12.8361
18622.6 8.9659 3.51233
19144.4 0.500211 0.459856
19680.7 13.6217 9.10277
20232.1 8.4009 4.04427
20799 19.4238 6.41301
21381.7 4.33538 1.8627
21980.7 2.23869 1.13968
22596.5 6.21501 3.19399
23229.6 12.0822 6.66524
23880.4 4.51078 2.12252
24549.4 8.34728 4.66098
25237.2 7.28945 2.86121
25944.3 0.773142 0.773142
26671.1 8.66624 7.97254
27418.4 3.47444 1.74379
28186.5 3.87675 1.8486
28976.2 14.5369 9.60999
29788 4.23253 1.82554
30622.6 1.65432 0.967447
31480.5 5.12411 2.51442
32362.5 1.02857 0.727317
33269.1 7.07515 3.1216
34201.2 1.81334 1.43874
35159.4 2.64351 1.32648
36144.4 3.4084 2.10922
37157.1 19.2468 13.5758
38198.1 7.55994 3.42294
39268.2 15.1819 11.2953
40368.4 5.84925 3.1583
41499.4 3.8592 2.54382
42662 1.08643 0.786611
43857.3 6.32478 4.70529
45086 2.35688 1.46854
46349.1 1.53949 1.53949
47647.6 0.50702 0.50702
48982.6 0.378736 0.378736
50354.9 9.44416 6.51291
51765.6 3.97648 2.06811
53215.9 0 0
54706.8 1.64347 1.64347
56239.5 0.980626 0.775357
57815.1 2.05898 1.61798
59434.9 0 0
61100 2.92844 1.79594
62811.8 1.83129 1.3378
64571.6 0 0
66380.6 2.98143 2.04821
68240.4 5.58708 4.29867
70152.2 3.18412 2.65081
72117.6 3.5927 1.98761
74138.1 1.56441 1.19777
76215.2 4.21465 1.8045
78350.4 0.553208 0.553208
80545.5 0.242636 0.242636
82802.1 0.637481 0.637481
85121.9 0.60899 0.60899
87506.7 0 0
89958.3 0.429859 0.429859
92478.6 0 0
95069.6 0.636429 0.636429
97733 0 0
100471 2.80184 2.38237
103286 0 0
106180 2.98669 2.39734
109154 1.69732 1.04803
112213 1.49419 1.0611
115356 0 0
118588 4.66397 3.31484
121911 0 0
125326 0 0
128837 0.68105 0.68105
132447 0 0
136157 0 0
139972 0 0
143894 1.26315 1.00844
147925 0 0
152069 0 0
156330 0 0
160709 0 0
165212 0 0
169841 3.37899 3.37899
174599 1.90624 1.43421
179490 0 0
184519 0.488551 0.488551
189689 1.36143 1.36143
195003 0 0
200466 4.15403 3.76647
206083 1.42176 1.42176
211856 0 0
217792 0 0
223893 0 0
230166 0 0
236615 0 0
243244 4.5215 2.77094
250058 0 0
257064 0.627865 0.627865
264266 0 0
271670 0 0
279281 0 0
287105 0 0
295149 1.45232 1.45232
303418 0 0
311919 0.403651 0.403651
320658 0 0
329641 0 0
338876 2.55289 2.55289
348371 1.10017 1.10017
358131 0 0
368164 0 0
378479 1.6514 1.6514
389082 0 0
399983 0.56661 0.56661
411189 0 0
422709 0 0
434552 0 0
446726 0 0
459242 0 0
472108 0 0
485335 0 0
498932 0 0
512910 0 0
527280 0 0
542053 0 0
557239 0 0
572851 0 0
588900 6.39327 6.39327
605399 0 0
622360 0 0
639796 0 0
657721 0 0
676147 0 0
695091 0.825304 0.825304
714565 0 0
734584 0 0
755164 0 0
776321 0 0
798071 0 0
820430 0 0
843415 0 0
867045 1.87087 1.87087
891336 0 0
916308 0 0
941979 0 0
968370 0 0
995500 0 0
1.02339e+06 0 0
1.05206e+06 0 0
1.08154e+06 0 0
1.11184e+06 0 0
1.14299e+06 0 0
1.17501e+06 0 0
1.20793e+06 0 0
1.24177e+06 0 0
1.27656e+06 2.31703 2.31703
1.31233e+06 0 0
1.34909e+06 0 0
1.38689e+06 0.49775 0.49775
1.42574e+06 0 0
1.46569e+06 0 0
1.50675e+06 0 0
1.54896e+06 0 0
1.59236e+06 0 0
1.63697e+06 0 0
1.68283e+06 0 0
1.72998e+06 0 0
1.77845e+06 0 0
1.82827e+06 0 0
1.8795e+06 0 0
1.93215e+06 0 0
1.98628e+06 0 0
2.04193e+06 0 0
2.09914e+06 0 0
2.15795e+06 0 0
2.21841e+06 0 0
2.28056e+06 0 0
2.34445e+06 0 0
2.41014e+06 0 0
2.47766e+06 0 0
2.54707e+06 0 0
2.61843e+06 0 0
2.69179e+06 0 0
2.76721e+06 0 0
2.84473e+06 0 0
2.92443e+06 0 0
3.00636e+06 0 0
3.09059e+06 0 0
3.17718e+06 0 0
3.26619e+06 0 0
3.3577e+06 0 0
3.45177e+06 0 0
3.54847e+06 0 0
3.64789e+06 0 0
3.75009e+06 0.812161 0.812161
3.85515e+06 0 0
3.96316e+06 2.55514 2.12593
4.07419e+06 0 0
4.18834e+06 0 0
4.30568e+06 0 0
4.42631e+06 0 0
4.55031e+06 0 0
4.6778e+06 0 0
4.80885e+06 0 0
4.94358e+06 0 0
5.08208e+06 0 0
5.22446e+06 0 0
5.37083e+06 0 0
5.5213e+06 0 0
5.67599e+06 0 0
5.83501e+06 0 0
5.99848e+06 0 0
6.16654e+06 0 0
6.3393e+06 0 0
6.51691e+06 0 0
6.69949e+06 0 0
6.88718e+06 0 0
7.08013e+06 0 0
7.27849e+06 0 0
7.48241e+06 0 0
7.69204e+06 0 0
7.90754e+06 0 0
8.12908e+06 0 0
8.35683e+06 0 0
8.59096e+06 0 0
8.83164e+06 0 0
9.07907e+06 0 0
9.33343e+06 0 0
9.59492e+06 0 0
9.86374e+06 0 0
