1.01401e-05 17.9499 1.07724
1.04242e-05 20.2531 1.15377
1.07162e-05 22.0417 1.32747
1.10164e-05 21.6693 1.22004
1.13251e-05 22.9734 1.31453
1.16424e-05 21.7252 1.19304
1.19685e-05 23.9575 1.39738
1.23039e-05 23.7797 1.30281
1.26486e-05 26.4322 1.44363
1.30029e-05 30.712 1.55764
1.33672e-05 26.9451 1.35615
1.37417e-05 27.7931 1.52744
1.41267e-05 30.8839 1.5976
1.45225e-05 33.5478 1.60809
1.49294e-05 34.1642 1.70136
1.53476e-05 35.8877 1.68919
1.57776e-05 35.698 1.75392
1.62196e-05 38.2988 1.79084
1.66741e-05 42.2183 1.90899
1.71412e-05 42.1516 1.90043
1.76214e-05 46.0806 2.1086
1.81151e-05 46.8829 2.09318
1.86226e-05 49.1888 2.08935
1.91444e-05 48.281 2.16574
1.96807e-05 51.0486 2.21122
2.02321e-05 50.1376 2.11314
2.0799e-05 54.6509 2.28716
2.13817e-05 54.826 2.2869
2.19807e-05 61.8345 2.47444
2.25965e-05 65.9416 2.64831
2.32296e-05 64.4526 2.49474
2.38804e-05 68.3077 2.66694
2.45494e-05 71.9846 2.78277
2.52372e-05 73.0107 2.73998
2.59443e-05 75.0015 2.85616
2.66711e-05 84.5743 3.12968
2.74184e-05 80.832 2.91292
2.81865e-05 89.6375 3.24374
2.89762e-05 89.2946 3.10458
2.9788e-05 91.328 3.23033
3.06226e-05 95.1062 3.35414
3.14805e-05 102.948 3.41533
3.23625e-05 106.729 3.56986
3.32691e-05 114.275 3.75725
3.42012e-05 115.083 3.79664
3.51594e-05 114.031 3.66944
3.61444e-05 125.91 3.95986
3.71571e-05 131.605 4.23187
3.81981e-05 133.598 4.23409
3.92682e-05 135.876 4.14504
4.03684e-05 145.21 4.50188
4.14994e-05 155.993 4.5998
4.2662e-05 165.346 4.80536
4.38573e-05 163.704 4.7414
4.5086e-05 180.439 5.1137
4.63491e-05 176.242 4.99397
4.76476e-05 191.342 5.2539
4.89826e-05 199.299 5.49634
5.03549e-05 208.21 5.60088
5.17656e-05 210.887 5.56416
5.32159e-05 215.032 5.70771
5.47068e-05 229.509 5.89954
5.62395e-05 230.07 5.89946
5.78151e-05 255.796 6.52296
5.94349e-05 268.012 6.54948
6.11e-05 279.608 6.86972
6.28118e-05 293.815 7.06123
6.45716e-05 313.415 7.28116
6.63806e-05 312.202 7.2986
6.82404e-05 321.707 7.37538
7.01522e-05 343.1 7.78615
7.21176e-05 347.077 7.8804
7.41381e-05 375.902 8.25322
7.62152e-05 383.781 8.30915
7.83504e-05 398.024 8.5761
8.05455e-05 401.958 8.53529
8.28021e-05 447.351 9.42481
8.51219e-05 457.249 9.34831
8.75067e-05 465.851 9.534
8.99583e-05 485.989 9.84287
9.24786e-05 518.403 10.1059
9.50696e-05 520.609 10.2969
9.7733e-05 547.316 10.5965
0.000100471 581.748 10.9904
0.000103286 594.87 11.1792
0.00010618 645.032 11.6709
0.000109154 633.255 11.5817
0.000112213 661.178 11.9488
0.000115356 694.54 12.2132
0.000118588 723.058 12.6823
0.000121911 760.007 13.1329
0.000125326 813.405 13.7466
0.000128837 823.202 13.7236
0.000132447 868.038 14.2897
0.000136157 898.864 14.6711
0.000139972 941.366 14.9764
0.000143894 959.917 15.1698
0.000147925 1009.84 15.7769
0.000152069 1043.36 16.2445
0.00015633 1065.64 16.245
0.000160709 1141.76 17.2358
0.000165212 1200.09 17.6566
0.000169841 1256.07 18.0522
0.000174599 1293.28 18.5698
0.00017949 1354.72 19.0938
0.000184519 1383.85 19.3006
0.000189689 1448.33 19.7849
0.000195003 1510.85 20.5417
0.000200466 1570.26 21.0126
0.000206083 1674.09 21.8411
0.000211856 1731.23 22.3644
0.000217792 1795.24 22.8051
0.000223893 1851.07 23.2902
0.000230166 1953.05 24.2192
0.000236615 1971.11 24.15
0.000243244 2068.75 25.1096
0.000250058 2205.88 26.1409
0.000257064 2288.47 26.6786
0.000264266 2353.69 27.2316
0.00027167 2507 28.1603
0.000279281 2521.66 28.4942
0.000287105 2639.94 29.2337
0.000295149 2764.59 30.1418
0.000303418 2897.69 30.8473
0.000311919 3039.58 32.0591
0.000320658 3156.28 32.5004
0.000329641 3218.61 33.3651
0.000338876 3361.23 34.1568
0.000348371 3507.68 35.3166
0.000358131 3639.41 35.8821
0.000368164 3834.4 36.9187
0.000378479 3999.17 37.9879
0.000389082 4121.57 38.8221
0.000399983 4179.6 39.0497
0.000411189 4422.5 40.573
0.000422709 4624.8 41.8074
0.000434552 4821.9 42.6687
0.000446726 4872.9 42.6738
0.000459242 5228.17 45.2268
0.000472108 5411.09 46.3005
0.000485335 5672.79 47.1227
0.000498932 5836.79 48.2902
0.00051291 5940.65 48.6373
0.00052728 6358.47 51.3586
0.000542053 6523.8 52.059
0.000557239 6833.69 53.2004
0.000572851 7068.78 54.7263
0.0005889 7364.05 56.1728
0.000605399 7583.83 57.2482
0.00062236 7910.15 58.5048
0.000639796 8202.16 60.1071
0.000657721 8580.26 61.6642
0.000676147 8828.49 62.7062
0.000695091 9250.73 64.7008
0.000714565 9711.18 66.4753
0.000734584 9963.02 67.8463
0.000755164 10284.2 69.2687
0.000776321 10749.9 70.9263
0.000798071 11094.3 72.572
0.00082043 11632.9 75.1128
0.000843415 11961.5 75.7675
0.000867045 12480.4 77.9831
0.000891336 13080.2 80.1821
0.000916308 13252.1 80.7605
0.000941979 13846.8 83.2845
0.00096837 14578.9 86.008
0.0009955 15069.4 87.8313
0.00102339 15584.5 89.8071
0.00105206 16227.7 91.846
0.00108154 16809.1 93.8217
0.00111184 17555.1 96.6063
0.00114299 18094.1 98.2753
0.00117501 18771 100.555
0.00120793 19257.4 102.346
0.00124177 20162.7 105.474
0.00127656 21063.1 108.409
0.00131233 21820.9 110.78
0.00134909 22413.7 112.756
0.00138689 23379.6 115.462
0.00142574 24002 117.281
0.00146569 25321.9 121.748
0.00150675 26120.7 123.587
0.00154896 27176.2 127.277
0.00159236 27982.6 129.04
0.00163697 28755 131.423
0.00168283 29712.3 134.226
0.00172998 30867.2 137.162
0.00177845 32273.5 141.147
0.00182827 33277.7 143.571
0.0018795 34334.6 146.895
0.00193215 35543 149.867
0.00198628 37195.3 153.971
0.00204193 38063.9 156.368
0.00209914 39634.5 159.985
0.00215795 40912.2 163.956
0.00221841 42347 167.037
0.00228056 43794.1 170.383
0.00234445 45536.2 175.391
0.00241014 46747.8 177.384
0.00247766 48603.9 182.248
0.00254707 50178.6 185.81
0.00261843 52357 191.655
0.00269179 54171.4 195.291
0.00276721 55573.5 198.576
0.00284473 57271.2 202.227
0.00292443 59164.1 206.762
0.00300636 60933.2 210.158
0.00309059 63400.4 215.282
0.00317718 65294.2 219.212
0.00326619 67809.9 225.085
0.0033577 70242.4 229.849
0.00345177 71863.6 233.39
0.00354847 74582.7 239.117
0.00364789 77245.7 243.922
0.00375009 79639.1 248.77
0.00385515 82017.7 253.625
0.00396316 84606.1 258.969
0.00407419 87468.8 264.332
0.00418834 90185 268.341
0.00430568 93256.9 274.714
0.00442631 96347.4 281.266
0.00455031 99304.4 285.847
0.0046778 101769 290.727
0.00480885 105374 296.702
0.00494358 108234 302.846
0.00508208 111976 307.936
0.00522446 114729 313.91
0.00537083 118273 319.395
0.0055213 121820 325.384
0.00567599 125206 331.669
0.00583501 128720 336.737
0.00599848 132830 343.291
0.00616654 136700 350.733
0.0063393 140453 356.548
0.00651691 144394 362.007
0.00669949 148482 370.142
0.00688718 152556 376.553
0.00708013 156428 381.573
0.00727849 161319 390.816
0.00748241 165423 395.849
0.00769204 169580 401.919
0.00790754 174825 411.356
0.00812908 178985 417.775
0.00835683 182826 423.183
0.00859096 189250 433.095
0.00883164 192777 437.979
0.00907907 197243 444.167
0.00933343 203225 453.653
0.00959492 207933 459.694
0.00986374 213450 468.412
0.0101401 218126 474.744
0.0104242 222494 481.583
0.0107162 227577 487.632
0.0110164 233469 496.416
0.0113251 238867 505.829
0.0116424 243505 512.753
0.0119685 247774 517.286
0.0123039 253146 525.91
0.0126486 258181 532.315
0.0130029 262774 539.185
0.0133672 268368 546.158
0.0137417 274074 554.468
0.0141267 278078 559.925
0.0145225 284515 570.56
0.0149294 288976 576.424
0.0153476 293908 582.743
0.0157776 299506 592.738
0.0162196 304349 599.394
0.0166741 308839 606.637
0.0171412 312478 609.4
0.0176214 317689 619.229
0.0181151 321412 624.038
0.0186226 324753 627.456
0.0191444 329875 636.091
0.0196807 335765 646.689
0.0202321 339752 652.175
0.020799 343728 658.832
0.0213817 345596 660.788
0.0219807 348567 667.003
0.0225965 351574 671.066
0.0232296 355094 676.899
0.0238804 357477 682.586
0.0245494 360213 687.539
0.0252372 363076 694.181
0.0259443 363998 696.918
0.0266711 365183 699.161
0.0274184 366117 703.422
0.0281865 366598 704.412
0.0289762 366714 707.864
0.029788 367508 711.237
0.0306226 365597 711.608
0.0314805 367776 716.547
0.0323625 365222 713.488
0.0332691 365016 717.693
0.0342012 363443 720.151
0.0351594 362864 723.215
0.0361444 360116 722.356
0.0371571 355256 715.841
0.0381981 352506 717.293
0.0392682 345588 709.611
0.0403684 345040 714.979
0.0414994 340331 711.881
0.042662 336265 710.574
0.0438573 331058 707.871
0.045086 325533 704.275
0.0463491 318553 696.507
0.0476476 312886 694.98
0.0489826 306999 689.941
0.0503549 301377 687.222
0.0517656 292861 678.973
0.0532159 285443 671.667
0.0547068 277814 665.767
0.0562395 270518 658.47
0.0578151 261502 649.141
0.0594349 252557 637.796
0.0611 245323 633.674
0.0628118 234668 619.779
0.0645716 227335 613.202
0.0663806 217414 600.252
0.0682404 208211 587.615
0.0701522 199096 576.924
0.0721176 189222 563.176
0.0741381 181834 556.73
0.0762152 173178 545.047
0.0783504 164973 534.932
0.0805455 154111 515.681
0.0828021 147116 508.052
0.0851219 137232 490.582
0.0875067 128792 477.59
0.0899583 120828 461.994
0.0924786 111881 443.808
0.0950696 105090 436.387
0.097733 96288.6 417.81
0.100471 90170.7 404.744
0.103286 82159.7 386.403
0.10618 75760.3 370.546
0.109154 70296.4 360.826
0.112213 63810 341.815
0.115356 58276.7 328.932
0.118588 52769.2 315.863
0.121911 47187.8 295.433
0.125326 42877.9 285.196
0.128837 38423.7 270.59
0.132447 34495.8 258.733
0.136157 30701.8 241.189
0.139972 26976.8 225.47
0.143894 23872.3 215.063
0.147925 20926.4 201.454
0.152069 18064.1 186.369
0.15633 15737.9 175.146
0.160709 13673.6 163.946
0.165212 11850.9 156.838
0.169841 10125.1 141.712
0.174599 8815.91 132.645
0.17949 7426.05 121.968
0.184519 6430.22 114.118
0.189689 5343.97 103.229
0.195003 4358.89 93.6778
0.200466 3527.79 85.1366
0.206083 2983.08 78.0343
0.211856 2453.47 70.6687
0.217792 2099.45 68.2695
0.223893 1571.88 56.2011
0.230166 1401 56.5253
0.236615 978.755 44.6174
0.243244 847.761 42.4494
0.250058 599.972 32.6669
0.257064 483.201 31.7091
0.264266 404.643 32.8345
0.27167 247.452 24.3843
0.279281 241.933 21.1277
0.287105 176.762 16.811
0.295149 132.73 15.9205
0.303418 115.8 18.1092
0.311919 38.7604 6.0648
0.320658 65.1478 10.8994
0.329641 26.7761 6.27814
0.338876 40.1291 11.2412
0.348371 13.2759 4.83578
0.358131 15.189 6.07264
0.368164 15.6614 9.07905
0.378479 4.026 1.86409
0.389082 2.07053 1.67831
0.399983 0 0
0.411189 1.08566 1.08566
0.422709 0.61738 0.61738
0.434552 1.70633 1.31118
0.446726 0 0
0.459242 0 0
0.472108 0 0
0.485335 1.0962 1.0962
0.498932 0 0
0.51291 0 0
0.52728 0 0
0.542053 0 0
0.557239 0 0
0.572851 0 0
0.5889 0 0
0.605399 0 0
0.62236 0 0
0.639796 0 0
0.657721 0 0
0.676147 0 0
0.695091 0 0
0.714565 0 0
0.734584 0 0
0.755164 0 0
0.776321 0 0
0.798071 0 0
0.82043 0 0
0.843415 0 0
0.867045 0 0
0.891336 0 0
0.916308 0 0
0.941979 0 0
0.96837 0 0
0.9955 0 0
1.02339 0 0
1.05206 0 0
1.08154 0 0
1.11184 0 0
1.14299 0 0
1.17501 0 0
1.20793 0 0
1.24177 0 0
1.27656 0 0
1.31233 0 0
1.34909 0 0
1.38689 0 0
1.42574 0 0
1.46569 0 0
1.50675 0 0
1.54896 0 0
1.59236 0 0
1.63697 0 0
1.68283 0 0
1.72998 0 0
1.77845 0 0
1.82827 0 0
1.8795 0 0
1.93215 0 0
1.98628 0 0
2.04193 0 0
2.09914 0 0
2.15795 0 0
2.21841 0 0
2.28056 0 0
2.34445 0 0
2.41014 0 0
2.47766 0 0
2.54707 0 0
2.61843 0 0
2.69179 0 0
2.76721 0 0
2.84473 0 0
2.92443 0 0
3.00636 0 0
3.09059 0 0
3.17718 0 0
3.26619 0 0
3.3577 0 0
3.45177 0 0
3.54847 0 0
3.64789 0 0
3.75009 0 0
3.85515 0 0
3.96316 0 0
4.07419 0 0
4.18834 0 0
4.30568 0 0
4.42631 0 0
4.55031 0 0
4.6778 0 0
4.80885 0 0
4.94358 0 0
5.08208 0 0
5.22446 0 0
5.37083 0 0
5.5213 0 0
5.67599 0 0
5.83501 0 0
5.99848 0 0
6.16654 0 0
6.3393 0 0
6.51691 0 0
6.69949 0 0
6.88718 0 0
7.08013 0 0
7.27849 0 0
7.48241 0 0
7.69204 0 0
7.90754 0 0
8.12908 0 0
8.35683 0 0
8.59096 0 0
8.83164 0 0
9.07907 0 0
9.33343 0 0
9.59492 0 0
9.86374 0 0
10.1401 0 0
10.4242 0 0
10.7162 0 0
11.0164 0 0
11.3251 0 0
11.6424 0 0
11.9685 0 0
12.3039 0 0
12.6486 0 0
13.0029 0 0
13.3672 0 0
13.7417 0 0
14.1267 0 0
14.5225 0 0
14.9294 0 0
15.3476 0 0
15.7776 0 0
16.2196 0 0
16.6741 0 0
17.1412 0 0
17.6214 0 0
18.1151 0 0
18.6226 0 0
19.1444 0 0
19.6807 0 0
20.2321 0 0
20.799 0 0
21.3817 0 0
21.9807 0 0
22.5965 0 0
23.2296 0 0
23.8804 0 0
24.5494 0 0
25.2372 0 0
25.9443 0 0
26.6711 0 0
27.4184 0 0
28.1865 0 0
28.9762 0 0
29.788 0 0
30.6226 0 0
31.4805 0 0
32.3625 0 0
33.2691 0 0
34.2012 0 0
35.1594 0 0
36.1444 0 0
37.1571 0 0
38.1981 0 0
39.2682 0 0
40.3684 0 0
41.4994 0 0
42.662 0 0
43.8573 0 0
45.086 0 0
46.3491 0 0
47.6476 0 0
48.9826 0 0
50.3549 0 0
51.7656 0 0
53.2159 0 0
54.7068 0 0
56.2395 0 0
57.8151 0 0
59.4349 0 0
61.1 0 0
62.8118 0 0
64.5716 0 0
66.3806 0 0
68.2404 0 0
70.1522 0 0
72.1176 0 0
74.1381 0 0
76.2152 0 0
78.3504 0 0
80.5455 0 0
82.8021 0 0
85.1219 0 0
87.5067 0 0
89.9583 0 0
92.4786 0 0
95.0696 0 0
97.733 0 0
100.471 0 0
103.286 0 0
106.18 0 0
109.154 0 0
112.213 0 0
115.356 0 0
118.588 0 0
121.911 0 0
125.326 0 0
128.837 0 0
132.447 0 0
136.157 0 0
139.972 0 0
143.894 0 0
147.925 0 0
152.069 0 0
156.33 0 0
160.709 0 0
165.212 0 0
169.841 0 0
174.599 0 0
179.49 0 0
184.519 0 0
189.689 0 0
195.003 0 0
200.466 0 0
206.083 0 0
211.856 0 0
217.792 0 0
223.893 0 0
230.166 0 0
236.615 0 0
243.244 0 0
250.058 0 0
257.064 0 0
264.266 0 0
271.67 0 0
279.281 0 0
287.105 0 0
295.149 0 0
303.418 0 0
311.919 0 0
320.658 0 0
329.641 0 0
338.876 0 0
348.371 0 0
358.131 0 0
368.164 0 0
378.479 0 0
389.082 0 0
399.983 0 0
411.189 0 0
422.709 0 0
434.552 0 0
446.726 0 0
459.242 0 0
472.108 0 0
485.335 0 0
498.932 0 0
512.91 0 0
527.28 0 0
542.053 0 0
557.239 0 0
572.851 0 0
588.9 0 0
605.399 0 0
622.36 0 0
639.796 0 0
657.721 0 0
676.147 0 0
695.091 0 0
714.565 0 0
734.584 0 0
755.164 0 0
776.321 0 0
798.071 0 0
820.43 0 0
843.415 0 0
867.045 0 0
891.336 0 0
916.308 0 0
941.979 0 0
968.37 0 0
995.5 0 0
1023.39 0 0
1052.06 0 0
1081.54 0 0
1111.84 0 0
1142.99 0 0
1175.01 0 0
1207.93 0 0
1241.77 0 0
1276.56 0 0
1312.33 0 0
1349.09 0 0
1386.89 0 0
1425.74 0 0
1465.69 0 0
1506.75 0 0
1548.96 0 0
1592.36 0 0
1636.97 0 0
1682.83 0 0
1729.98 0 0
1778.45 0 0
1828.27 0 0
1879.5 0 0
1932.15 0 0
1986.28 0 0
2041.93 0 0
2099.14 0 0
2157.95 0 0
2218.41 0 0
2280.56 0 0
2344.45 0 0
2410.14 0 0
2477.66 0 0
2547.07 0 0
2618.43 0 0
2691.79 0 0
2767.21 0 0
2844.73 0 0
2924.43 0 0
3006.36 0 0
3090.59 0 0
3177.18 0 0
3266.19 0 0
3357.7 0 0
3451.77 0 0
3548.47 0 0
3647.89 0 0
3750.09 0 0
3855.15 0 0
3963.16 0 0
4074.19 0 0
4188.34 0 0
4305.68 0 0
4426.31 0 0
4550.31 0 0
4677.8 0 0
4808.85 0 0
4943.58 0 0
5082.08 0 0
5224.46 0 0
5370.83 0 0
5521.3 0 0
5675.99 0 0
5835.01 0 0
5998.48 0 0
6166.54 0 0
6339.3 0 0
6516.91 0 0
6699.49 0 0
6887.18 0 0
7080.13 0 0
7278.49 0 0
7482.41 0 0
7692.04 0 0
7907.54 0 0
8129.08 0 0
8356.83 0 0
8590.96 0 0
8831.64 0 0
9079.07 0 0
9333.43 0 0
9594.92 0 0
9863.74 0 0
10140.1 0 0
10424.2 0 0
10716.2 0 0
11016.4 0 0
11325.1 0 0
11642.4 0 0
11968.5 0 0
12303.9 0 0
12648.6 0 0
13002.9 0 0
13367.2 0 0
13741.7 0 0
14126.7 0 0
14522.5 0 0
14929.4 0 0
15347.6 0 0
15777.6 0 0
16219.6 0 0
16674.1 0 0
17141.2 0 0
17621.4 0 0
18115.1 0 0
18622.6 0 0
19144.4 0 0
19680.7 0 0
20232.1 0 0
20799 0 0
21381.7 0 0
21980.7 0 0
22596.5 0 0
23229.6 0 0
23880.4 0 0
24549.4 0 0
25237.2 0 0
25944.3 0 0
26671.1 0 0
27418.4 0 0
28186.5 0 0
28976.2 0 0
29788 0 0
30622.6 0 0
31480.5 0 0
32362.5 0 0
33269.1 0 0
34201.2 0 0
35159.4 0 0
36144.4 0 0
37157.1 0 0
38198.1 0 0
39268.2 0 0
40368.4 0 0
41499.4 0 0
42662 0 0
43857.3 0 0
45086 0 0
46349.1 0 0
47647.6 0 0
48982.6 0 0
50354.9 0 0
51765.6 0 0
53215.9 0 0
54706.8 0 0
56239.5 0 0
57815.1 0 0
59434.9 0 0
61100 0 0
62811.8 0 0
64571.6 0 0
66380.6 0 0
68240.4 0 0
70152.2 0 0
72117.6 0 0
74138.1 0 0
76215.2 0 0
78350.4 0 0
80545.5 0 0
82802.1 0 0
85121.9 0 0
87506.7 0 0
89958.3 0 0
92478.6 0 0
95069.6 0 0
97733 0 0
100471 0 0
103286 0 0
106180 0 0
109154 0 0
112213 0 0
115356 0 0
118588 0 0
121911 0 0
125326 0 0
128837 0 0
132447 0 0
136157 0 0
139972 0 0
143894 0 0
147925 0 0
152069 0 0
156330 0 0
160709 0 0
165212 0 0
169841 0 0
174599 0 0
179490 0 0
184519 0 0
189689 0 0
195003 0 0
200466 0 0
206083 0 0
211856 0 0
217792 0 0
223893 0 0
230166 0 0
236615 0 0
243244 0 0
250058 0 0
257064 0 0
264266 0 0
271670 0 0
279281 0 0
287105 0 0
295149 0 0
303418 0 0
311919 0 0
320658 0 0
329641 0 0
338876 0 0
348371 0 0
358131 0 0
368164 0 0
378479 0 0
389082 0 0
399983 0 0
411189 0 0
422709 0 0
434552 0 0
446726 0 0
459242 0 0
472108 0 0
485335 0 0
498932 0 0
512910 0 0
527280 0 0
542053 0 0
557239 0 0
572851 0 0
588900 0 0
605399 0 0
622360 0 0
639796 0 0
657721 0 0
676147 0 0
695091 0 0
714565 0 0
734584 0 0
755164 0 0
776321 0 0
798071 0 0
820430 0 0
843415 0 0
867045 0 0
891336 0 0
916308 0 0
941979 0 0
968370 0 0
995500 0 0
1.02339e+06 0 0
1.05206e+06 0 0
1.08154e+06 0 0
1.11184e+06 0 0
1.14299e+06 0 0
1.17501e+06 0 0
1.20793e+06 0 0
1.24177e+06 0 0
1.27656e+06 0 0
1.31233e+06 0 0
1.34909e+06 0 0
1.38689e+06 0 0
1.42574e+06 0 0
1.46569e+06 0 0
1.50675e+06 0 0
1.54896e+06 0 0
1.59236e+06 0 0
1.63697e+06 0 0
1.68283e+06 0 0
1.72998e+06 0 0
1.77845e+06 0 0
1.82827e+06 0 0
1.8795e+06 0 0
1.93215e+06 0 0
1.98628e+06 0 0
2.04193e+06 0 0
2.09914e+06 0 0
2.15795e+06 0 0
2.21841e+06 0 0
2.28056e+06 0 0
2.34445e+06 0 0
2.41014e+06 0 0
2.47766e+06 0 0
2.54707e+06 0 0
2.61843e+06 0 0
2.69179e+06 0 0
2.76721e+06 0 0
2.84473e+06 0 0
2.92443e+06 0 0
3.00636e+06 0 0
3.09059e+06 0 0
3.17718e+06 0 0
3.26619e+06 0 0
3.3577e+06 0 0
3.45177e+06 0 0
3.54847e+06 0 0
3.64789e+06 0 0
3.75009e+06 0 0
3.85515e+06 0 0
3.96316e+06 0 0
4.07419e+06 0 0
4.18834e+06 0 0
4.30568e+06 0 0
4.42631e+06 0 0
4.55031e+06 0 0
4.6778e+06 0 0
4.80885e+06 0 0
4.94358e+06 0 0
5.08208e+06 0 0
5.22446e+06 0 0
5.37083e+06 0 0
5.5213e+06 0 0
5.67599e+06 0 0
5.83501e+06 0 0
5.99848e+06 0 0
6.16654e+06 0 0
6.3393e+06 0 0
6.51691e+06 0 0
6.69949e+06 0 0
6.88718e+06 0 0
7.08013e+06 0 0
7.27849e+06 0 0
7.48241e+06 0 0
7.69204e+06 0 0
7.90754e+06 0 0
8.12908e+06 0 0
8.35683e+06 0 0
8.59096e+06 0 0
8.83164e+06 0 0
9.07907e+06 0 0
9.33343e+06 0 0
9.59492e+06 0 0
9.86374e+06 0 0
