1.01401e-05 681.379 46.7374
1.04242e-05 752.367 49.739
1.07162e-05 734.462 49.5642
1.10164e-05 761.598 49.3161
1.13251e-05 791.238 54.3301
1.16424e-05 785.424 46.8572
1.19685e-05 900.626 56.0601
1.23039e-05 799.228 51.1089
1.26486e-05 821.107 50.1105
1.30029e-05 933.822 52.0279
1.33672e-05 845.441 50.3217
1.37417e-05 941.276 59.9798
1.41267e-05 931.245 55.3181
1.45225e-05 1085.4 61.2418
1.49294e-05 1053.74 60.4745
1.53476e-05 1023.52 57.8251
1.57776e-05 1067.79 60.4226
1.62196e-05 1076.94 60.1873
1.66741e-05 1154.43 58.5881
1.71412e-05 1159.27 59.5301
1.76214e-05 1212.99 63.2459
1.81151e-05 1185.79 58.8015
1.86226e-05 1130.38 55.2709
1.91444e-05 1356.8 67.2441
1.96807e-05 1223.53 58.5352
2.02321e-05 1354.07 69.8109
2.0799e-05 1499.21 70.1189
2.13817e-05 1393.01 61.5223
2.19807e-05 1431.4 66.3637
2.25965e-05 1623.23 72.6979
2.32296e-05 1539.47 68.8413
2.38804e-05 1645.13 72.9859
2.45494e-05 1777.74 76.6698
2.52372e-05 1748.83 74.7439
2.59443e-05 1756.21 74.5479
2.66711e-05 1903.23 77.4938
2.74184e-05 1877.47 79.951
2.81865e-05 1828.33 70.9462
2.89762e-05 2139.38 83.4632
2.9788e-05 1893.06 72.1901
3.06226e-05 2092.64 79.2492
3.14805e-05 2191.92 79.866
3.23625e-05 2418.2 86.4441
3.32691e-05 2201.38 80.1731
3.42012e-05 2297.94 85.527
3.51594e-05 2454.13 88.2428
3.61444e-05 2430.82 85.8319
3.71571e-05 2603.68 88.0669
3.81981e-05 2632.27 88.4388
3.92682e-05 2683.27 93.859
4.03684e-05 2903.05 98.5886
4.14994e-05 2870.64 97.3073
4.2662e-05 2840.3 91.1957
4.38573e-05 2721.27 87.2594
4.5086e-05 3088.13 101.027
4.63491e-05 3292.72 105.166
4.76476e-05 3224.34 100.668
4.89826e-05 3157.11 96.3034
5.03549e-05 3327.46 101.494
5.17656e-05 3588.78 107.763
5.32159e-05 3846.08 114.996
5.47068e-05 3859.91 109.552
5.62395e-05 4037.78 116.029
5.78151e-05 4086.08 113.553
5.94349e-05 4153.77 114.76
6.11e-05 4075.92 112.126
6.28118e-05 4203.92 114.566
6.45716e-05 4458.79 117.972
6.63806e-05 4695.24 122.115
6.82404e-05 4694.89 124.723
7.01522e-05 4639.16 121.762
7.21176e-05 4760.6 120.85
7.41381e-05 4985.52 123.463
7.62152e-05 5133.45 127.714
7.83504e-05 5463.13 134.718
8.05455e-05 5613.8 133.561
8.28021e-05 5719.54 135.286
8.51219e-05 6147.55 142.467
8.75067e-05 5948.78 137.985
8.99583e-05 6448.58 147.092
9.24786e-05 6491.79 144.98
9.50696e-05 6662.61 146.696
9.7733e-05 6458.55 139.144
0.000100471 6830.27 148.18
0.000103286 7027.26 145.526
0.00010618 7521.74 157.604
0.000109154 7691.41 155.211
0.000112213 7805.72 157.344
0.000115356 8188.47 164.828
0.000118588 8280.56 165.265
0.000121911 8569.86 165.874
0.000125326 8650.15 165.513
0.000128837 9200.08 176.078
0.000132447 9255.62 172.327
0.000136157 9563.1 174.508
0.000139972 9343.13 167.102
0.000143894 9813.94 175.627
0.000147925 10244.2 179.718
0.000152069 10548.2 184.957
0.00015633 10859.9 185.557
0.000160709 11060.9 189.039
0.000165212 11679 197.309
0.000169841 11679.6 192.121
0.000174599 12062.5 198.099
0.00017949 12477.2 201.886
0.000184519 12385.2 194.886
0.000189689 13311.4 206.429
0.000195003 13694.3 211.168
0.000200466 13751.8 207.913
0.000206083 13841.5 209.339
0.000211856 14597.4 213.426
0.000217792 15045.6 218.122
0.000223893 15448.3 223.327
0.000230166 15768.5 221.523
0.000236615 16361.3 229.506
0.000243244 17211.6 236.635
0.000250058 17316.4 235.207
0.000257064 17814.8 240.293
0.000264266 18546.2 248.818
0.00027167 19192.7 247.467
0.000279281 19021.3 243.35
0.000287105 19511.6 250.199
0.000295149 19845 248.997
0.000303418 21218.7 263.974
0.000311919 21425.7 260.2
0.000320658 22087.6 267.342
0.000329641 22187.1 265.255
0.000338876 22838.1 264.306
0.000348371 24195.7 279.387
0.000358131 24540.5 279.091
0.000368164 24655.1 280.065
0.000378479 25762 287.39
0.000389082 26883.1 292.523
0.000399983 27066.3 292.631
0.000411189 28082.7 299.019
0.000422709 29011.6 306.446
0.000434552 29267.6 305.217
0.000446726 30416.9 312.71
0.000459242 31488.2 317.017
0.000472108 32558.7 321.216
0.000485335 32852.8 323.716
0.000498932 34005.1 329.709
0.00051291 35173.2 333.624
0.00052728 36164.1 341.627
0.000542053 36162.7 337.747
0.000557239 37752.9 347.512
0.000572851 38650.5 349.659
0.0005889 39923.5 356.689
0.000605399 41536.8 369.948
0.00062236 42187.6 364.138
0.000639796 43046.8 368.735
0.000657721 44577.4 377.442
0.000676147 45661.1 380.17
0.000695091 47494.2 389.762
0.000714565 48218 388.774
0.000734584 49695.4 397.8
0.000755164 51207 405.303
0.000776321 52540.7 409.544
0.000798071 53652.8 410.733
0.00082043 55672.3 421.605
0.000843415 55907.8 423.279
0.000867045 57831.4 428.036
0.000891336 60445.2 437.786
0.000916308 60479.8 437.045
0.000941979 63536.2 449.968
0.00096837 65017.6 456.393
0.0009955 66877.9 460.16
0.00102339 68473.9 464.113
0.00105206 69557.9 467.891
0.00108154 72389.2 480.357
0.00111184 74956.2 488.888
0.00114299 75000.7 488.924
0.00117501 78959.5 503.776
0.00120793 79016.5 496.572
0.00124177 83141.9 517.242
0.00127656 84664.3 518.238
0.00131233 85928.5 522.866
0.00134909 89254.7 536.051
0.00138689 90931.3 537.977
0.00142574 94375.9 548.897
0.00146569 97055.1 561.719
0.00150675 98912.5 564.011
0.00154896 100317 563.991
0.00159236 103384 571.451
0.00163697 107607 588.716
0.00168283 109025 586.705
0.00172998 112568 599.218
0.00177845 116160 610.19
0.00182827 118745 622.012
0.0018795 121845 627.064
0.00193215 124696 633.577
0.00198628 128353 642.914
0.00204193 132126 653.238
0.00209914 135376 659.359
0.00215795 137845 663.894
0.00221841 141319 668.945
0.00228056 144160 677.891
0.00234445 148848 689.381
0.00241014 151504 692.778
0.00247766 156857 709.083
0.00254707 161123 717.84
0.00261843 164327 724.418
0.00269179 168859 735.816
0.00276721 172598 740.151
0.00284473 175983 747.092
0.00292443 182411 766.573
0.00300636 185292 767.664
0.00309059 190661 782.304
0.00317718 195823 792.833
0.00326619 201111 805.407
0.0033577 203316 801.89
0.00345177 210654 820.791
0.00354847 215025 827.227
0.00364789 220459 838.162
0.00375009 226797 857.074
0.00385515 232775 865.406
0.00396316 235785 864.83
0.00407419 242429 885.513
0.00418834 247866 889.238
0.00430568 253502 900.003
0.00442631 259988 912.734
0.00455031 266593 923.374
0.0046778 271545 933.394
0.00480885 275187 931.558
0.00494358 283832 949.612
0.00508208 291962 966.061
0.00522446 298182 975.852
0.00537083 303095 981.312
0.0055213 307849 987.573
0.00567599 316286 1001.89
0.00583501 323013 1015.2
0.00599848 328614 1023.16
0.00616654 339349 1042.23
0.0063393 343504 1045
0.00651691 350977 1054.22
0.00669949 357463 1063.86
0.00688718 365490 1080.52
0.00708013 372002 1090.39
0.00727849 380276 1103.91
0.00748241 387590 1114.78
0.00769204 397441 1128.14
0.00790754 402080 1133.46
0.00812908 409905 1141.89
0.00835683 417893 1151.6
0.00859096 426874 1167.82
0.00883164 435301 1178.96
0.00907907 441610 1184.51
0.00933343 449747 1197.21
0.00959492 459879 1214.01
0.00986374 464649 1220.15
0.0101401 471903 1223.98
0.0104242 478899 1237
0.0107162 486222 1242.57
0.0110164 495911 1254.33
0.0113251 506230 1271.18
0.0116424 512389 1280.39
0.0119685 517575 1284.78
0.0123039 525555 1291.92
0.0126486 533061 1304.72
0.0130029 543064 1316.21
0.0133672 546789 1322.26
0.0137417 554050 1329.42
0.0141267 563212 1341.9
0.0145225 568568 1349.18
0.0149294 574951 1351.18
0.0153476 584066 1366.07
0.0157776 587136 1364.21
0.0162196 594654 1378.55
0.0166741 600263 1382.16
0.0171412 606283 1388.45
0.0176214 611197 1398.06
0.0181151 615692 1401.09
0.0186226 621251 1408.49
0.0191444 626896 1414.29
0.0196807 626232 1413.97
0.0202321 634399 1426.37
0.020799 636805 1429.28
0.0213817 636541 1422.87
0.0219807 641825 1432.86
0.0225965 642853 1433.21
0.0232296 642090 1425.34
0.0238804 646812 1435.63
0.0245494 645562 1435.45
0.0252372 648637 1441.7
0.0259443 648852 1441.56
0.0266711 646135 1436.88
0.0274184 645002 1437.67
0.0281865 640049 1427.37
0.0289762 638573 1428.24
0.029788 634883 1423.04
0.0306226 634068 1424.24
0.0314805 627542 1415.9
0.0323625 621902 1406.88
0.0332691 618986 1404.79
0.0342012 614705 1402.89
0.0351594 608151 1393.75
0.0361444 598730 1382.03
0.0371571 590904 1372.03
0.0381981 583674 1363.42
0.0392682 578253 1359.61
0.0403684 566127 1341.24
0.0414994 552701 1325.37
0.042662 544937 1318.56
0.0438573 535655 1304.89
0.045086 524758 1296.51
0.0463491 515927 1287.42
0.0476476 498535 1259.86
0.0489826 487394 1244.94
0.0503549 475112 1230.84
0.0517656 462945 1219.14
0.0532159 447472 1194.75
0.0547068 432693 1173.58
0.0562395 418865 1155.32
0.0578151 406370 1138.57
0.0594349 391333 1117.94
0.0611 375113 1091.72
0.0628118 360831 1072.41
0.0645716 345257 1049.34
0.0663806 328768 1022.6
0.0682404 315156 1001.03
0.0701522 300826 979.741
0.0721176 285443 952.748
0.0741381 269754 928.339
0.0762152 254982 898.233
0.0783504 240040 869.744
0.0805455 227173 849.023
0.0828021 213166 820.748
0.0851219 201127 804.249
0.0875067 188138 775.545
0.0899583 174636 743.635
0.0924786 162210 720.465
0.0950696 149806 686.009
0.097733 139003 669.17
0.100471 127939 637.221
0.103286 118747 618.488
0.10618 107579 581.398
0.109154 97886.3 558.333
0.112213 90439.5 537.141
0.115356 81215.4 507.064
0.118588 74206.9 486.37
0.121911 65959.4 459.321
0.125326 59798.9 436.654
0.128837 52736.4 407.02
0.132447 47722.2 391.977
0.136157 41230.7 362.477
0.139972 36765 340.778
0.143894 32880.3 324.473
0.147925 28935 302.825
0.152069 24513.3 276.696
0.15633 21568.3 261.664
0.160709 18777.9 246.612
0.165212 16043.8 224.669
0.169841 13513.1 204.19
0.174599 11588.9 191.294
0.17949 10026.9 179.337
0.184519 8057.55 160.913
0.189689 6983.36 149.078
0.195003 5750.4 133.429
0.200466 4830.93 124.436
0.206083 3930.06 112.1
0.211856 2984.79 93.5011
0.217792 2570.39 90.8481
0.223893 2190.37 83.4705
0.230166 1686.21 72.4401
0.236615 1250.99 62.5654
0.243244 1111.41 59.4211
0.250058 894.956 55.4493
0.257064 593.763 43.5811
0.264266 441.282 34.2541
0.27167 389.331 33.8365
0.279281 297.671 29.116
0.287105 218.042 25.6643
0.295149 157.252 23.2935
0.303418 97.3575 14.7702
0.311919 62.4704 16.5545
0.320658 42.3665 11.9087
0.329641 47.4079 10.259
0.338876 43.8454 15.4829
0.348371 16.9976 5.59268
0.358131 20.9094 8.92924
0.368164 11.204 4.39047
0.378479 8.42203 4.22685
0.389082 5.96478 3.93214
0.399983 4.13413 3.19639
0.411189 4.54747 2.7374
0.422709 0 0
0.434552 0.503931 0.503931
0.446726 0 0
0.459242 0 0
0.472108 0 0
0.485335 0 0
0.498932 0 0
0.51291 0 0
0.52728 0 0
0.542053 0 0
0.557239 0 0
0.572851 0 0
0.5889 0 0
0.605399 0 0
0.62236 0 0
0.639796 0 0
0.657721 0 0
0.676147 0 0
0.695091 0 0
0.714565 0 0
0.734584 0 0
0.755164 0 0
0.776321 0 0
0.798071 0 0
0.82043 0 0
0.843415 0 0
0.867045 0 0
0.891336 0 0
0.916308 0 0
0.941979 0 0
0.96837 0 0
0.9955 0 0
1.02339 0 0
1.05206 0 0
1.08154 0 0
1.11184 0 0
1.14299 0 0
1.17501 0 0
1.20793 0 0
1.24177 0 0
1.27656 0 0
1.31233 0 0
1.34909 0 0
1.38689 0 0
1.42574 0 0
1.46569 0 0
1.50675 0 0
1.54896 0 0
1.59236 0 0
1.63697 0 0
1.68283 0 0
1.72998 0 0
1.77845 0 0
1.82827 0 0
1.8795 0 0
1.93215 0 0
1.98628 0 0
2.04193 0 0
2.09914 0 0
2.15795 0 0
2.21841 0 0
2.28056 0 0
2.34445 0 0
2.41014 0 0
2.47766 0 0
2.54707 0 0
2.61843 0 0
2.69179 0 0
2.76721 0 0
2.84473 0 0
2.92443 0 0
3.00636 0 0
3.09059 0 0
3.17718 0 0
3.26619 0 0
3.3577 0 0
3.45177 0 0
3.54847 0 0
3.64789 0 0
3.75009 0 0
3.85515 0 0
3.96316 0 0
4.07419 0 0
4.18834 0 0
4.30568 0 0
4.42631 0 0
4.55031 0 0
4.6778 0 0
4.80885 0 0
4.94358 0 0
5.08208 0 0
5.22446 0 0
5.37083 0 0
5.5213 0 0
5.67599 0 0
5.83501 0 0
5.99848 0 0
6.16654 0 0
6.3393 0 0
6.51691 0 0
6.69949 0 0
6.88718 0 0
7.08013 0 0
7.27849 0 0
7.48241 0 0
7.69204 0 0
7.90754 0 0
8.12908 0 0
8.35683 0 0
8.59096 0 0
8.83164 0 0
9.07907 0 0
9.33343 0 0
9.59492 0 0
9.86374 0 0
10.1401 0 0
10.4242 0 0
10.7162 0 0
11.0164 0 0
11.3251 0 0
11.6424 0 0
11.9685 0 0
12.3039 0 0
12.6486 0 0
13.0029 0 0
13.3672 0 0
13.7417 0 0
14.1267 0 0
14.5225 0 0
14.9294 0 0
15.3476 0 0
15.7776 0 0
16.2196 0 0
16.6741 0 0
17.1412 0 0
17.6214 0 0
18.1151 0 0
18.6226 0 0
19.1444 0 0
19.6807 0 0
20.2321 0 0
20.799 0 0
21.3817 0 0
21.9807 0 0
22.5965 0 0
23.2296 0 0
23.8804 0 0
24.5494 0 0
25.2372 0 0
25.9443 0 0
26.6711 0 0
27.4184 0 0
28.1865 0 0
28.9762 0 0
29.788 0 0
30.6226 0 0
31.4805 0 0
32.3625 0 0
33.2691 0 0
34.2012 0 0
35.1594 0 0
36.1444 0 0
37.1571 0 0
38.1981 0 0
39.2682 0 0
40.3684 0 0
41.4994 0 0
42.662 0 0
43.8573 0 0
45.086 0 0
46.3491 0 0
47.6476 0 0
48.9826 0 0
50.3549 0 0
51.7656 0 0
53.2159 0 0
54.7068 0 0
56.2395 0 0
57.8151 0 0
59.4349 0 0
61.1 0 0
62.8118 0 0
64.5716 0 0
66.3806 0 0
68.2404 0 0
70.1522 0 0
72.1176 0 0
74.1381 0 0
76.2152 0 0
78.3504 0 0
80.5455 0 0
82.8021 0 0
85.1219 0 0
87.5067 0 0
89.9583 0 0
92.4786 0 0
95.0696 0 0
97.733 0 0
100.471 0 0
103.286 0 0
106.18 0 0
109.154 0 0
112.213 0 0
115.356 0 0
118.588 0 0
121.911 0 0
125.326 0 0
128.837 0 0
132.447 0 0
136.157 0 0
139.972 0 0
143.894 0 0
147.925 0 0
152.069 0 0
156.33 0 0
160.709 0 0
165.212 0 0
169.841 0 0
174.599 0 0
179.49 0 0
184.519 0 0
189.689 0 0
195.003 0 0
200.466 0 0
206.083 0 0
211.856 0 0
217.792 0 0
223.893 0 0
230.166 0 0
236.615 0 0
243.244 0 0
250.058 0 0
257.064 0 0
264.266 0 0
271.67 0 0
279.281 0 0
287.105 0 0
295.149 0 0
303.418 0 0
311.919 0 0
320.658 0 0
329.641 0 0
338.876 0 0
348.371 0 0
358.131 0 0
368.164 0 0
378.479 0 0
389.082 0 0
399.983 0 0
411.189 0 0
422.709 0 0
434.552 0 0
446.726 0 0
459.242 0 0
472.108 0 0
485.335 0 0
498.932 0 0
512.91 0 0
527.28 0 0
542.053 0 0
557.239 0 0
572.851 0 0
588.9 0 0
605.399 0 0
622.36 0 0
639.796 0 0
657.721 0 0
676.147 0 0
695.091 0 0
714.565 0 0
734.584 0 0
755.164 0 0
776.321 0 0
798.071 0 0
820.43 0 0
843.415 0 0
867.045 0 0
891.336 0 0
916.308 0 0
941.979 0 0
968.37 0 0
995.5 0 0
1023.39 0 0
1052.06 0 0
1081.54 0 0
1111.84 0 0
1142.99 0 0
1175.01 0 0
1207.93 0 0
1241.77 0 0
1276.56 0 0
1312.33 0 0
1349.09 0 0
1386.89 0 0
1425.74 0 0
1465.69 0 0
1506.75 0 0
1548.96 0 0
1592.36 0 0
1636.97 0 0
1682.83 0 0
1729.98 0 0
1778.45 0 0
1828.27 0 0
1879.5 0 0
1932.15 0 0
1986.28 0 0
2041.93 0 0
2099.14 0 0
2157.95 0 0
2218.41 0 0
2280.56 0 0
2344.45 0 0
2410.14 0 0
2477.66 0 0
2547.07 0 0
2618.43 0 0
2691.79 0 0
2767.21 0 0
2844.73 0 0
2924.43 0 0
3006.36 0 0
3090.59 0 0
3177.18 0 0
3266.19 0 0
3357.7 0 0
3451.77 0 0
3548.47 0 0
3647.89 0 0
3750.09 0 0
3855.15 0 0
3963.16 0 0
4074.19 0 0
4188.34 0 0
4305.68 0 0
4426.31 0 0
4550.31 0 0
4677.8 0 0
4808.85 0 0
4943.58 0 0
5082.08 0 0
5224.46 0 0
5370.83 0 0
5521.3 0 0
5675.99 0 0
5835.01 0 0
5998.48 0 0
6166.54 0 0
6339.3 0 0
6516.91 0 0
6699.49 0 0
6887.18 0 0
7080.13 0 0
7278.49 0 0
7482.41 0 0
7692.04 0 0
7907.54 0 0
8129.08 0 0
8356.83 0 0
8590.96 0 0
8831.64 0 0
9079.07 0 0
9333.43 0 0
9594.92 0 0
9863.74 0 0
10140.1 0 0
10424.2 0 0
10716.2 0 0
11016.4 0 0
11325.1 0 0
11642.4 0 0
11968.5 0 0
12303.9 0 0
12648.6 0 0
13002.9 0 0
13367.2 0 0
13741.7 0 0
14126.7 0 0
14522.5 0 0
14929.4 0 0
15347.6 0 0
15777.6 0 0
16219.6 0 0
16674.1 0 0
17141.2 0 0
17621.4 0 0
18115.1 0 0
18622.6 0 0
19144.4 0 0
19680.7 0 0
20232.1 0 0
20799 0 0
21381.7 0 0
21980.7 0 0
22596.5 0 0
23229.6 0 0
23880.4 0 0
24549.4 0 0
25237.2 0 0
25944.3 0 0
26671.1 0 0
27418.4 0 0
28186.5 0 0
28976.2 0 0
29788 0 0
30622.6 0 0
31480.5 0 0
32362.5 0 0
33269.1 0 0
34201.2 0 0
35159.4 0 0
36144.4 0 0
37157.1 0 0
38198.1 0 0
39268.2 0 0
40368.4 0 0
41499.4 0 0
42662 0 0
43857.3 0 0
45086 0 0
46349.1 0 0
47647.6 0 0
48982.6 0 0
50354.9 0 0
51765.6 0 0
53215.9 0 0
54706.8 0 0
56239.5 0 0
57815.1 0 0
59434.9 0 0
61100 0 0
62811.8 0 0
64571.6 0 0
66380.6 0 0
68240.4 0 0
70152.2 0 0
72117.6 0 0
74138.1 0 0
76215.2 0 0
78350.4 0 0
80545.5 0 0
82802.1 0 0
85121.9 0 0
87506.7 0 0
89958.3 0 0
92478.6 0 0
95069.6 0 0
97733 0 0
100471 0 0
103286 0 0
106180 0 0
109154 0 0
112213 0 0
115356 0 0
118588 0 0
121911 0 0
125326 0 0
128837 0 0
132447 0 0
136157 0 0
139972 0 0
143894 0 0
147925 0 0
152069 0 0
156330 0 0
160709 0 0
165212 0 0
169841 0 0
174599 0 0
179490 0 0
184519 0 0
189689 0 0
195003 0 0
200466 0 0
206083 0 0
211856 0 0
217792 0 0
223893 0 0
230166 0 0
236615 0 0
243244 0 0
250058 0 0
257064 0 0
264266 0 0
271670 0 0
279281 0 0
287105 0 0
295149 0 0
303418 0 0
311919 0 0
320658 0 0
329641 0 0
338876 0 0
348371 0 0
358131 0 0
368164 0 0
378479 0 0
389082 0 0
399983 0 0
411189 0 0
422709 0 0
434552 0 0
446726 0 0
459242 0 0
472108 0 0
485335 0 0
498932 0 0
512910 0 0
527280 0 0
542053 0 0
557239 0 0
572851 0 0
588900 0 0
605399 0 0
622360 0 0
639796 0 0
657721 0 0
676147 0 0
695091 0 0
714565 0 0
734584 0 0
755164 0 0
776321 0 0
798071 0 0
820430 0 0
843415 0 0
867045 0 0
891336 0 0
916308 0 0
941979 0 0
968370 0 0
995500 0 0
1.02339e+06 0 0
1.05206e+06 0 0
1.08154e+06 0 0
1.11184e+06 0 0
1.14299e+06 0 0
1.17501e+06 0 0
1.20793e+06 0 0
1.24177e+06 0 0
1.27656e+06 0 0
1.31233e+06 0 0
1.34909e+06 0 0
1.38689e+06 0 0
1.42574e+06 0 0
1.46569e+06 0 0
1.50675e+06 0 0
1.54896e+06 0 0
1.59236e+06 0 0
1.63697e+06 0 0
1.68283e+06 0 0
1.72998e+06 0 0
1.77845e+06 0 0
1.82827e+06 0 0
1.8795e+06 0 0
1.93215e+06 0 0
1.98628e+06 0 0
2.04193e+06 0 0
2.09914e+06 0 0
2.15795e+06 0 0
2.21841e+06 0 0
2.28056e+06 0 0
2.34445e+06 0 0
2.41014e+06 0 0
2.47766e+06 0 0
2.54707e+06 0 0
2.61843e+06 0 0
2.69179e+06 0 0
2.76721e+06 0 0
2.84473e+06 0 0
2.92443e+06 0 0
3.00636e+06 0 0
3.09059e+06 0 0
3.17718e+06 0 0
3.26619e+06 0 0
3.3577e+06 0 0
3.45177e+06 0 0
3.54847e+06 0 0
3.64789e+06 0 0
3.75009e+06 0 0
3.85515e+06 0 0
3.96316e+06 0 0
4.07419e+06 0 0
4.18834e+06 0 0
4.30568e+06 0 0
4.42631e+06 0 0
4.55031e+06 0 0
4.6778e+06 0 0
4.80885e+06 0 0
4.94358e+06 0 0
5.08208e+06 0 0
5.22446e+06 0 0
5.37083e+06 0 0
5.5213e+06 0 0
5.67599e+06 0 0
5.83501e+06 0 0
5.99848e+06 0 0
6.16654e+06 0 0
6.3393e+06 0 0
6.51691e+06 0 0
6.69949e+06 0 0
6.88718e+06 0 0
7.08013e+06 0 0
7.27849e+06 0 0
7.48241e+06 0 0
7.69204e+06 0 0
7.90754e+06 0 0
8.12908e+06 0 0
8.35683e+06 0 0
8.59096e+06 0 0
8.83164e+06 0 0
9.07907e+06 0 0
9.33343e+06 0 0
9.59492e+06 0 0
9.86374e+06 0 0
