1.01401e-05 0 0
1.04242e-05 0 0
1.07162e-05 0 0
1.10164e-05 0 0
1.13251e-05 0 0
1.16424e-05 0 0
1.19685e-05 0 0
1.23039e-05 0 0
1.26486e-05 0 0
1.30029e-05 0 0
1.33672e-05 0 0
1.37417e-05 0 0
1.41267e-05 0 0
1.45225e-05 0 0
1.49294e-05 0 0
1.53476e-05 0 0
1.57776e-05 0 0
1.62196e-05 0 0
1.66741e-05 0 0
1.71412e-05 0 0
1.76214e-05 0 0
1.81151e-05 0 0
1.86226e-05 0 0
1.91444e-05 0 0
1.96807e-05 0 0
2.02321e-05 0 0
2.0799e-05 0 0
2.13817e-05 0 0
2.19807e-05 0 0
2.25965e-05 0 0
2.32296e-05 0 0
2.38804e-05 0 0
2.45494e-05 0 0
2.52372e-05 0 0
2.59443e-05 0 0
2.66711e-05 0 0
2.74184e-05 0 0
2.81865e-05 0 0
2.89762e-05 0 0
2.9788e-05 0 0
3.06226e-05 0 0
3.14805e-05 0 0
3.23625e-05 0 0
3.32691e-05 0 0
3.42012e-05 0 0
3.51594e-05 0 0
3.61444e-05 0 0
3.71571e-05 0 0
3.81981e-05 0 0
3.92682e-05 0 0
4.03684e-05 0 0
4.14994e-05 0 0
4.2662e-05 0 0
4.38573e-05 0 0
4.5086e-05 0 0
4.63491e-05 0 0
4.76476e-05 0 0
4.89826e-05 0 0
5.03549e-05 0 0
5.17656e-05 0 0
5.32159e-05 0 0
5.47068e-05 0 0
5.62395e-05 0 0
5.78151e-05 0 0
5.94349e-05 0 0
6.11e-05 0 0
6.28118e-05 0 0
6.45716e-05 0 0
6.63806e-05 0 0
6.82404e-05 0 0
7.01522e-05 0 0
7.21176e-05 0 0
7.41381e-05 0 0
7.62152e-05 0 0
7.83504e-05 0 0
8.05455e-05 0 0
8.28021e-05 0 0
8.51219e-05 0 0
8.75067e-05 0 0
8.99583e-05 0 0
9.24786e-05 0 0
9.50696e-05 0 0
9.7733e-05 0 0
0.000100471 0 0
0.000103286 0 0
0.00010618 0 0
0.000109154 0 0
0.000112213 0 0
0.000115356 0 0
0.000118588 0 0
0.000121911 0 0
0.000125326 0 0
0.000128837 0 0
0.000132447 0 0
0.000136157 0 0
0.000139972 0 0
0.000143894 0 0
0.000147925 0 0
0.000152069 0 0
0.00015633 0 0
0.000160709 0 0
0.000165212 0 0
0.000169841 0 0
0.000174599 0 0
0.00017949 0 0
0.000184519 0 0
0.000189689 0 0
0.000195003 0 0
0.000200466 0 0
0.000206083 0 0
0.000211856 0 0
0.000217792 0 0
0.000223893 0 0
0.000230166 0 0
0.000236615 0 0
0.000243244 0 0
0.000250058 0 0
0.000257064 0 0
0.000264266 0 0
0.00027167 0 0
0.000279281 0 0
0.000287105 0 0
0.000295149 0 0
0.000303418 0 0
0.000311919 0 0
0.000320658 0 0
0.000329641 0 0
0.000338876 0 0
0.000348371 0 0
0.000358131 0 0
0.000368164 0 0
0.000378479 0 0
0.000389082 0 0
0.000399983 0 0
0.000411189 0 0
0.000422709 0 0
0.000434552 0 0
0.000446726 0 0
0.000459242 0 0
0.000472108 0 0
0.000485335 0 0
0.000498932 0 0
0.00051291 0 0
0.00052728 0 0
0.000542053 0 0
0.000557239 0 0
0.000572851 0 0
0.0005889 0 0
0.000605399 0 0
0.00062236 0 0
0.000639796 0 0
0.000657721 0 0
0.000676147 0 0
0.000695091 0 0
0.000714565 0 0
0.000734584 0 0
0.000755164 0 0
0.000776321 0 0
0.000798071 0 0
0.00082043 0 0
0.000843415 0 0
0.000867045 0 0
0.000891336 0 0
0.000916308 0 0
0.000941979 0 0
0.00096837 0 0
0.0009955 0 0
0.00102339 0 0
0.00105206 0 0
0.00108154 0 0
0.00111184 0 0
0.00114299 0 0
0.00117501 0 0
0.00120793 0 0
0.00124177 0 0
0.00127656 0 0
0.00131233 0 0
0.00134909 0 0
0.00138689 0 0
0.00142574 0 0
0.00146569 0 0
0.00150675 0 0
0.00154896 0 0
0.00159236 0 0
0.00163697 0 0
0.00168283 0 0
0.00172998 0 0
0.00177845 0 0
0.00182827 0 0
0.0018795 0 0
0.00193215 0 0
0.00198628 0 0
0.00204193 0 0
0.00209914 0 0
0.00215795 0 0
0.00221841 0 0
0.00228056 0 0
0.00234445 0 0
0.00241014 0 0
0.00247766 0 0
0.00254707 0 0
0.00261843 0 0
0.00269179 0 0
0.00276721 0 0
0.00284473 0 0
0.00292443 0 0
0.00300636 0 0
0.00309059 0 0
0.00317718 0 0
0.00326619 0 0
0.0033577 0 0
0.00345177 0 0
0.00354847 0 0
0.00364789 0 0
0.00375009 0 0
0.00385515 0 0
0.00396316 0 0
0.00407419 0 0
0.00418834 0 0
0.00430568 0 0
0.00442631 0 0
0.00455031 0 0
0.0046778 0 0
0.00480885 0 0
0.00494358 0 0
0.00508208 0 0
0.00522446 0 0
0.00537083 0 0
0.0055213 0 0
0.00567599 0 0
0.00583501 0 0
0.00599848 0 0
0.00616654 0 0
0.0063393 0 0
0.00651691 0 0
0.00669949 0 0
0.00688718 0 0
0.00708013 0 0
0.00727849 0 0
0.00748241 0 0
0.00769204 0 0
0.00790754 0 0
0.00812908 0 0
0.00835683 0 0
0.00859096 0 0
0.00883164 0 0
0.00907907 0 0
0.00933343 0 0
0.00959492 0 0
0.00986374 0 0
0.0101401 0 0
0.0104242 0 0
0.0107162 0 0
0.0110164 0 0
0.0113251 0 0
0.0116424 0 0
0.0119685 0 0
0.0123039 0 0
0.0126486 0 0
0.0130029 0 0
0.0133672 0 0
0.0137417 0 0
0.0141267 0 0
0.0145225 0 0
0.0149294 0 0
0.0153476 0 0
0.0157776 0 0
0.0162196 0 0
0.0166741 0 0
0.0171412 0 0
0.0176214 0 0
0.0181151 0 0
0.0186226 0 0
0.0191444 0 0
0.0196807 0 0
0.0202321 0 0
0.020799 0 0
0.0213817 0 0
0.0219807 0 0
0.0225965 0 0
0.0232296 0 0
0.0238804 0 0
0.0245494 0 0
0.0252372 0 0
0.0259443 0 0
0.0266711 0 0
0.0274184 0 0
0.0281865 0 0
0.0289762 0 0
0.029788 0 0
0.0306226 0 0
0.0314805 0 0
0.0323625 0 0
0.0332691 0 0
0.0342012 0 0
0.0351594 0 0
0.0361444 0 0
0.0371571 0 0
0.0381981 0 0
0.0392682 0 0
0.0403684 0 0
0.0414994 0 0
0.042662 0 0
0.0438573 0 0
0.045086 0 0
0.0463491 0 0
0.0476476 0 0
0.0489826 0 0
0.0503549 0 0
0.0517656 0 0
0.0532159 0 0
0.0547068 0 0
0.0562395 0 0
0.0578151 0 0
0.0594349 0 0
0.0611 0 0
0.0628118 0 0
0.0645716 0 0
0.0663806 0 0
0.0682404 0 0
0.0701522 0 0
0.0721176 0 0
0.0741381 0 0
0.0762152 0 0
0.0783504 0 0
0.0805455 0 0
0.0828021 0 0
0.0851219 0 0
0.0875067 0 0
0.0899583 0 0
0.0924786 0 0
0.0950696 0 0
0.097733 0 0
0.100471 1.24862e+06 1522.6
0.103286 1.22064e+06 1510.22
0.10618 1.18978e+06 1493.14
0.109154 1.1635e+06 1482.69
0.112213 1.13477e+06 1465.57
0.115356 1.10903e+06 1453.92
0.118588 1.0816e+06 1441.3
0.121911 1.06082e+06 1431.51
0.125326 1.0337e+06 1415.79
0.128837 1.00904e+06 1404.71
0.132447 986180 1394.33
0.136157 960719 1379.39
0.139972 935198 1360.29
0.143894 914007 1345.8
0.147925 888356 1330.7
0.152069 868269 1320.67
0.15633 846793 1306
0.160709 826801 1291.84
0.165212 804888 1280.44
0.169841 785423 1263.98
0.174599 771095 1259.33
0.17949 749435 1244.09
0.184519 729845 1227.98
0.189689 715593 1220.06
0.195003 696767 1208.52
0.200466 678237 1195.19
0.206083 662799 1182.24
0.211856 645767 1169.02
0.217792 629560 1154.72
0.223893 614342 1144.75
0.230166 598920 1132.74
0.236615 583902 1118.66
0.243244 569884 1111.78
0.250058 556236 1097.37
0.257064 541285 1087.24
0.264266 526857 1072.84
0.27167 514519 1062.33
0.279281 501544 1053.26
0.287105 491318 1043.08
0.295149 477530 1028.04
0.303418 466795 1019.85
0.311919 454062 1007.19
0.320658 443836 1000.31
0.329641 431940 985.017
0.338876 420227 973.948
0.348371 410076 963.974
0.358131 398648 949.521
0.368164 388740 939.126
0.378479 379707 932.45
0.389082 369420 920.066
0.399983 361190 912.308
0.411189 350685 898.792
0.422709 342514 889.875
0.434552 331460 873.162
0.446726 326215 873.693
0.459242 316475 859.461
0.472108 309370 852.219
0.485335 301675 843.361
0.498932 293005 830.401
0.51291 285841 821.522
0.52728 277760 811.134
0.542053 269665 797.827
0.557239 262433 784.448
0.572851 256403 777.79
0.5889 249727 773.637
0.605399 242049 757.687
0.62236 236177 750.449
0.639796 229788 738.619
0.657721 225459 740.408
0.676147 220476 730.58
0.695091 213142 714.677
0.714565 209032 714.263
0.734584 202432 698.01
0.755164 196671 691.961
0.776321 191577 679.932
0.798071 185797 669.521
0.82043 181357 661.997
0.843415 175743 648.583
0.867045 171461 644.2
0.891336 167117 639.089
0.916308 161367 624.252
0.941979 157361 620.041
0.96837 153177 606.448
0.9955 149116 597.188
1.02339 145228 593.417
1.05206 141160 585.036
1.08154 137548 580.04
1.11184 133691 570.845
1.14299 129588 560.504
1.17501 127094 556.588
1.20793 122797 543.684
1.24177 120462 542.715
1.27656 118223 537.343
1.31233 113093 521.36
1.34909 110315 519.257
1.38689 107849 510.886
1.42574 104345 503.459
1.46569 100909 493.779
1.50675 98200.3 484.595
1.54896 95564.6 479.339
1.59236 91821.7 466.101
1.63697 89000 456.878
1.68283 87485.9 458.467
1.72998 84901.2 449.902
1.77845 82604.9 439.079
1.82827 79567.8 432.384
1.8795 77056.6 422.185
1.93215 74328.5 415.471
1.98628 72392.2 405.516
2.04193 69129.8 394.62
2.09914 67760.9 389.436
2.15795 65714.6 384.409
2.21841 62903.7 371.519
2.28056 61182.8 365.61
2.34445 59507.4 364.006
2.41014 57208.6 349.804
2.47766 54665.7 340.142
2.54707 52981.6 330.787
2.61843 50623.7 319.543
2.69179 49201.3 313.008
2.76721 46540.2 302.748
2.84473 44680.6 290.909
2.92443 42930.2 281.449
3.00636 40676.2 272.29
3.09059 39017.8 259.307
3.17718 37033.8 249.412
3.26619 34905.2 237.88
3.3577 32727.1 225.411
3.45177 30396.2 209.199
3.54847 28305.7 195.896
3.64789 26101.1 182.316
3.75009 23485.1 163.94
3.85515 21162.5 149.236
3.96316 18641.2 131.476
4.07419 15709.6 112.955
4.18834 12934.7 93.98
4.30568 9861.58 73.7624
4.42631 6776.56 52.5585
4.55031 3844.15 31.2281
4.6778 1614.36 13.4554
4.80885 367.986 3.09678
4.94358 200.339 1.71664
5.08208 1003.14 8.6526
5.22446 3062.34 26.5124
5.37083 5810.84 49.6096
5.5213 8706.38 73.3259
5.67599 11560.8 97.6541
5.83501 13628.2 118.737
5.99848 15717.1 139.137
6.16654 17349.8 159.655
6.3393 18348.2 175.131
6.51691 19448.2 191.792
6.69949 19825.5 200.997
6.88718 20556.8 212.282
7.08013 20628.3 219.468
7.27849 20683.4 226.445
7.48241 20513.7 231.536
7.69204 20036 229.891
7.90754 20355.3 234.945
8.12908 19966.6 234.096
8.35683 19962.3 237.875
8.59096 19281.4 235.138
8.83164 19256.4 240.589
9.07907 18707.2 235.702
9.33343 18053.4 228.382
9.59492 17444.7 226.451
9.86374 17858.7 236.714
10.1401 17402.6 234.531
10.4242 16908.2 231.702
10.7162 16362.5 228.147
11.0164 15904.7 222.534
11.3251 15563.6 222.963
11.6424 15136.5 219.142
11.9685 15032.6 220.217
12.3039 14789.3 221.486
12.6486 14229.2 212.244
13.0029 13981 217.375
13.3672 13028.4 203.474
13.7417 12780.6 204.399
14.1267 12848 205.845
14.5225 12206.6 198.949
14.9294 12087.4 202.445
15.3476 11837.4 198.606
15.7776 11417.9 192.509
16.2196 11048.5 188.1
16.6741 10536.2 184.185
17.1412 10327.1 183.306
17.6214 10164 180.393
18.1151 10145.4 186
18.6226 9796.35 183.145
19.1444 9461.69 178.481
19.6807 9262.29 177.218
20.2321 8880.14 168.452
20.799 8754.96 172.561
21.3817 8427.56 164.798
21.9807 8035.93 160.441
22.5965 8061.82 166.165
23.2296 7689.61 156.888
23.8804 7499.23 155.991
24.5494 7376.8 158.425
25.2372 7162 155.962
25.9443 6847.85 151.214
26.6711 6939.94 152.04
27.4184 6633.07 150.962
28.1865 6338.32 143.688
28.9762 6273.68 143.927
29.788 5838.56 135.545
30.6226 6097.65 148.505
31.4805 5708.09 138.296
32.3625 5526.99 134.166
33.2691 5312.18 132.377
34.2012 5308.19 132.57
35.1594 5319.94 134.793
36.1444 4964.65 130.759
37.1571 4859.07 130.102
38.1981 4859.78 132.894
39.2682 4597.68 125.905
40.3684 4496.81 122.539
41.4994 4261.22 119.568
42.662 4215.03 118.856
43.8573 4095.86 114.821
45.086 3878.31 109.391
46.3491 3823.47 109.087
47.6476 3841.08 113.655
48.9826 3575.67 106.834
50.3549 3508.97 108.005
51.7656 3533.14 108.82
53.2159 3467.08 113.244
54.7068 3137.89 97.4131
56.2395 3131.43 98.0408
57.8151 1398.83 37.8743
59.4349 1607.69 45.6075
61.1 1829.22 54.5422
62.8118 2786.77 91.3199
64.5716 2674.25 92.4884
66.3806 2573.93 89.3135
68.2404 2538.75 89.9675
70.1522 2633.47 92.7034
72.1176 2350.55 83.846
74.1381 2371.87 87.9815
76.2152 2382.04 93.0212
78.3504 448.442 14.7579
80.5455 2273.06 88.6338
82.8021 2152.46 84.6555
85.1219 2205.65 86.7109
87.5067 1992.01 79.1039
89.9583 1973.93 81.4957
92.4786 1938.19 78.747
95.0696 1847.81 77.0447
97.733 1831.68 74.6464
100.471 1712.62 72.4791
103.286 1707.32 75.6174
106.18 1455.75 64.6449
109.154 1685.88 74.9681
112.213 1676.8 76.2595
115.356 1652.16 74.4156
118.588 1443.52 69.541
121.911 1220.76 54.6835
125.326 1358.21 64.2846
128.837 1460.69 67.4691
132.447 1395.28 68.4455
136.157 1215.87 58.0552
139.972 1247.97 61.7776
143.894 700 30.7139
147.925 1221.04 61.0201
152.069 1138.89 58.7584
156.33 1183.59 65.2703
160.709 1034.55 55.7575
165.212 919.214 47.6836
169.841 1148.05 63.0747
174.599 1039.18 62.7297
179.49 991.807 55.855
184.519 1053.34 62.6683
189.689 293.731 14.813
195.003 975.5 55.9407
200.466 844.597 50.2483
206.083 909.678 55.9137
211.856 866.675 57.9636
217.792 905.207 61.0335
223.893 933.222 60.6406
230.166 702.643 46.5628
236.615 682.767 46.9236
243.244 773.969 51.5
250.058 737.465 49.1228
257.064 700.266 48.3352
264.266 689.657 46.065
271.67 673.847 45.2684
279.281 574.788 40.4787
287.105 610.315 41.5758
295.149 542.58 39.0832
303.418 539.779 38.4192
311.919 651.031 48.6837
320.658 611.351 48.2742
329.641 210.033 12.9863
338.876 461.99 36.7427
348.371 554.522 42.967
358.131 490.467 40.4163
368.164 511.42 44.2272
378.479 485.821 41.6086
389.082 465.443 40.3691
399.983 266.696 18.1801
411.189 469.995 40.9763
422.709 453.564 38.7686
434.552 429.604 37.5714
446.726 434.167 40.6466
459.242 363.918 34.3558
472.108 366.383 34.3088
485.335 394.485 35.3768
498.932 368.425 35.0969
512.91 312.966 28.436
527.28 360.933 34.6544
542.053 306.607 26.7723
557.239 285.675 29.2584
572.851 366.144 38.3427
588.9 368.437 40.7975
605.399 269.39 27.9513
622.36 185.74 16.1366
639.796 276.756 28.7025
657.721 305.674 33.5272
676.147 208.513 25.3358
695.091 159.663 16.1082
714.565 181.339 19.0669
734.584 261.113 30.4428
755.164 210.181 25.41
776.321 198.128 25.2038
798.071 206.416 25.7847
820.43 182.737 21.9083
843.415 259.236 28.5237
867.045 239.444 24.9565
891.336 216.99 26.4118
916.308 211.938 28.7273
941.979 190.926 22.7461
968.37 221.516 26.3218
995.5 158.435 19.8614
1023.39 207.723 31.6122
1052.06 183.691 27.3947
1081.54 169.302 23.8964
1111.84 165.976 23.1117
1142.99 155.317 20.6853
1175.01 189.501 25.7955
1207.93 144.319 18.4233
1241.77 122.212 17.4084
1276.56 130.574 18.2814
1312.33 119.509 18.8484
1349.09 117.817 17.162
1386.89 125.2 19.9937
1425.74 100.244 14.4407
1465.69 92.6296 17.8256
1506.75 121.916 20.7843
1548.96 121.358 22.611
1592.36 107.74 18.9447
1636.97 109.172 19.0346
1682.83 99.0865 17.313
1729.98 95.532 14.9076
1778.45 117.906 18.9075
1828.27 128.384 25.0935
1879.5 104.48 23.7423
1932.15 75.0372 12.6315
1986.28 145.866 27.1714
2041.93 91.3093 16.9479
2099.14 76.8435 14.3218
2157.95 104.474 20.348
2218.41 75.0515 12.4577
2280.56 93.6948 20.8639
2344.45 64.3207 15.885
2410.14 73.9431 16.8154
2477.66 73.9663 16.1235
2547.07 41.4152 8.36718
2618.43 62.5662 10.1874
2691.79 57.9588 14.74
2767.21 64.9421 14.6506
2844.73 46.5954 11.0009
2924.43 44.1111 8.42605
3006.36 60.775 14.5909
3090.59 39.0253 9.15094
3177.18 52.588 9.71279
3266.19 44.1098 13.7267
3357.7 56.626 14.1125
3451.77 73.9564 15.0452
3548.47 57.381 12.9559
3647.89 42.415 12.0577
3750.09 41.6576 13.8743
3855.15 30.8971 8.45304
3963.16 16.9682 5.14194
4074.19 37.6964 12.5964
4188.34 59.8756 15.4668
4305.68 24.5799 5.96372
4426.31 40.2709 8.82971
4550.31 44.06 14.6061
4677.8 31.7898 8.57972
4808.85 40.0938 10.8006
4943.58 35.8358 9.98979
5082.08 40.4788 12.4086
5224.46 28.7033 8.75231
5370.83 34.6863 9.80924
5521.3 52.229 19.0786
5675.99 27.671 11.0165
5835.01 36.0853 12.8575
5998.48 28.1519 9.38023
6166.54 17.8271 4.52443
6339.3 31.8728 8.97246
6516.91 19.6998 7.5582
6699.49 28.7759 9.3462
6887.18 33.6133 14.2286
7080.13 19.4562 6.28446
7278.49 19.5758 5.46641
7482.41 21.042 7.86293
7692.04 29.3433 8.7144
7907.54 17.2988 6.16467
8129.08 24.671 8.22871
8356.83 22.2576 9.03662
8590.96 37.319 13.3257
8831.64 13.6031 5.58516
9079.07 28.3882 12.517
9333.43 44.6286 16.2281
9594.92 14.306 4.05208
9863.74 10.7352 3.31253
10140.1 10.4963 3.30105
10424.2 26.9117 9.76234
10716.2 11.1751 3.81906
11016.4 5.3024 2.67603
11325.1 21.1265 11.0441
11642.4 15.0582 5.2493
11968.5 22.809 10.6269
12303.9 8.77055 4.07437
12648.6 4.58795 1.91804
13002.9 9.94988 3.5906
13367.2 8.79365 3.13024
13741.7 33.4854 15.4816
14126.7 13.2863 6.5959
14522.5 14.1697 4.63953
14929.4 12.1799 5.10501
15347.6 12.7297 5.15724
15777.6 19.6614 10.8235
16219.6 7.90237 4.51142
16674.1 19.8955 7.39289
17141.2 9.83546 5.40396
17621.4 9.73138 3.18359
18115.1 6.65549 2.6035
18622.6 4.58595 2.17053
19144.4 6.2204 3.29149
19680.7 12.4459 3.45327
20232.1 3.39986 1.57668
20799 14.6534 8.8532
21381.7 15.1064 8.22577
21980.7 2.30605 1.45081
22596.5 7.4743 5.81692
23229.6 22.1349 8.79207
23880.4 2.05699 1.20481
24549.4 5.10878 3.29029
25237.2 2.17634 1.65651
25944.3 2.48383 1.27595
26671.1 8.20463 6.82606
27418.4 13.7307 7.85004
28186.5 6.72516 2.63253
28976.2 4.41059 2.23322
29788 5.4757 5.05829
30622.6 9.02208 4.74254
31480.5 4.04327 1.78536
32362.5 10.2675 5.4306
33269.1 4.7169 2.07619
34201.2 17.7706 10.9207
35159.4 7.90227 3.80244
36144.4 0.979263 0.979263
37157.1 12.7255 10.2253
38198.1 3.94187 2.57065
39268.2 8.13756 4.9652
40368.4 8.3357 5.37536
41499.4 4.75991 2.31499
42662 2.23472 1.59691
43857.3 0.149861 0.149861
45086 2.5613 1.30333
46349.1 1.13078 0.743736
47647.6 5.29573 4.85324
48982.6 0.806923 0.806923
50354.9 3.36223 2.83345
51765.6 2.03033 1.37231
53215.9 1.05106 0.75128
54706.8 1.30713 1.30713
56239.5 0 0
57815.1 3.07696 1.83233
59434.9 1.35264 0.877464
61100 3.32933 2.19867
62811.8 6.13555 3.46248
64571.6 2.01986 1.42858
66380.6 0.941618 0.941618
68240.4 0 0
70152.2 0.281253 0.281253
72117.6 4.54694 3.6788
74138.1 7.27231 6.477
76215.2 0 0
78350.4 20.8553 17.4941
80545.5 0.737742 0.737742
82802.1 2.32057 1.39822
85121.9 1.74902 1.28626
87506.7 4.54282 2.89997
89958.3 0 0
92478.6 0 0
95069.6 0 0
97733 0.316558 0.316558
100471 4.53644 1.97509
103286 4.06117 4.06117
106180 0.45769 0.45769
109154 0 0
112213 1.2626 1.2626
115356 0 0
118588 0.15641 0.15641
121911 0 0
125326 0 0
128837 0 0
132447 0.439047 0.439047
136157 2.58104 1.8668
139972 0 0
143894 0.883055 0.883055
147925 0 0
152069 0 0
156330 1.68829 1.68829
160709 0.918078 0.918078
165212 1.1422 0.825161
169841 0.454981 0.454981
174599 0 0
179490 1.06143 0.754282
184519 0.441002 0.441002
189689 0 0
195003 0 0
200466 0.884017 0.884017
206083 0 0
211856 0 0
217792 0 0
223893 0.655743 0.655743
230166 0 0
236615 0 0
243244 0 0
250058 0.296412 0.296412
257064 0 0
264266 10.2958 10.2958
271670 0 0
279281 0.635289 0.635289
287105 0.432393 0.432393
295149 0.559734 0.559734
303418 0 0
311919 0 0
320658 1.3352 1.3352
329641 1.87156 1.87156
338876 0.591804 0.591804
348371 2.82127 2.2002
358131 0 0
368164 0 0
378479 0 0
389082 0 0
399983 0 0
411189 0.436247 0.436247
422709 0 0
434552 0 0
446726 0 0
459242 0 0
472108 0 0
485335 0 0
498932 0.877124 0.877124
512910 0.650476 0.650476
527280 0 0
542053 0 0
557239 0.185123 0.185123
572851 0.633693 0.633693
588900 0 0
605399 0 0
622360 0 0
639796 0 0
657721 0 0
676147 0 0
695091 0 0
714565 0 0
734584 0 0
755164 0 0
776321 0 0
798071 0 0
820430 0.503369 0.503369
843415 0 0
867045 0 0
891336 0 0
916308 0 0
941979 0 0
968370 0 0
995500 0 0
1.02339e+06 0 0
1.05206e+06 0 0
1.08154e+06 0 0
1.11184e+06 0 0
1.14299e+06 0 0
1.17501e+06 0 0
1.20793e+06 0 0
1.24177e+06 0.687984 0.687984
1.27656e+06 0 0
1.31233e+06 0 0
1.34909e+06 0 0
1.38689e+06 0 0
1.42574e+06 0 0
1.46569e+06 0 0
1.50675e+06 0 0
1.54896e+06 0 0
1.59236e+06 0 0
1.63697e+06 0 0
1.68283e+06 0 0
1.72998e+06 0 0
1.77845e+06 0 0
1.82827e+06 0 0
1.8795e+06 0 0
1.93215e+06 0 0
1.98628e+06 0 0
2.04193e+06 0 0
2.09914e+06 0 0
2.15795e+06 0 0
2.21841e+06 0.57112 0.57112
2.28056e+06 0 0
2.34445e+06 0 0
2.41014e+06 0 0
2.47766e+06 0 0
2.54707e+06 0 0
2.61843e+06 0 0
2.69179e+06 0 0
2.76721e+06 0.096204 0.096204
2.84473e+06 0 0
2.92443e+06 0 0
3.00636e+06 0 0
3.09059e+06 0 0
3.17718e+06 0 0
3.26619e+06 0 0
3.3577e+06 0 0
3.45177e+06 0 0
3.54847e+06 0 0
3.64789e+06 0 0
3.75009e+06 0 0
3.85515e+06 0 0
3.96316e+06 0 0
4.07419e+06 0 0
4.18834e+06 0 0
4.30568e+06 0 0
4.42631e+06 0 0
4.55031e+06 0 0
4.6778e+06 0 0
4.80885e+06 0 0
4.94358e+06 0 0
5.08208e+06 0 0
5.22446e+06 0 0
5.37083e+06 0 0
5.5213e+06 0 0
5.67599e+06 0 0
5.83501e+06 0 0
5.99848e+06 0 0
6.16654e+06 0 0
6.3393e+06 0 0
6.51691e+06 0 0
6.69949e+06 0 0
6.88718e+06 0 0
7.08013e+06 0 0
7.27849e+06 0 0
7.48241e+06 0 0
7.69204e+06 0 0
7.90754e+06 0 0
8.12908e+06 0 0
8.35683e+06 0 0
8.59096e+06 0 0
8.83164e+06 0 0
9.07907e+06 0 0
9.33343e+06 0 0
9.59492e+06 0 0
9.86374e+06 0 0
